
2019-04-15T15:06:50,331688011+02:00
57.014022
9.987230167
0.0576
28.0
0.0
 
2019-04-15T15:06:51,333108717+02:00
57.0140225
9.9872305
0.2016
28.2
0.0
 
2019-04-15T15:06:52,330083011+02:00
57.014022333
9.987230333
0.0792
28.4
0.0
 
2019-04-15T15:06:53,329584234+02:00
57.014022
9.987231
0.1944
28.6
0.0
 
2019-04-15T15:06:54,330591498+02:00
57.0140225
9.987232167
0.4392
28.6
0.0
 
2019-04-15T15:06:55,332502644+02:00
57.014022667
9.987231667
0.0792
28.5
0.0
 
2019-04-15T15:06:56,328826515+02:00
57.0140235
9.9872325
0.3132
28.5
0.0
 
2019-04-15T15:06:57,331201705+02:00
57.014024167
9.987231333
0.1116
28.3
0.0
 
2019-04-15T15:06:58,343987852+02:00
57.014024167
9.987229
0.5112
28.1
nan
 
2019-04-15T15:06:59,341166716+02:00
57.014024667
9.987228667
0.1224
28.1
0.0
 
2019-04-15T15:07:00,341182036+02:00
57.014025333
9.987228333
0.0072
28.0
0.0
 
2019-04-15T15:07:01,332815349+02:00
57.0140265
9.987227667
0.0864
27.9
0.0
 
2019-04-15T15:07:02,340119164+02:00
57.014027333
9.987226667
0.0576
27.7
0.0
 
2019-04-15T15:07:03,350197718+02:00
57.0140285
9.987226333
0.1404
27.5
0.0
 
2019-04-15T15:07:04,340167896+02:00
57.014029167
9.987224833
0.4248
27.3
0.0
 
2019-04-15T15:07:05,352819631+02:00
57.014029833
9.987224333
0.1332
27.2
0.0
 
2019-04-15T15:07:06,331934538+02:00
57.014031
9.987223667
0.126
26.9
0.0
 
2019-04-15T15:07:07,339276376+02:00
57.014032333
9.987223167
0.0864
26.6
0.0
 
2019-04-15T15:07:08,352722274+02:00
57.014034
9.987222833
0.0396
26.3
0.0
 
2019-04-15T15:07:09,335048118+02:00
57.014036
9.9872235
0.1152
25.8
0.0
 
2019-04-15T15:07:10,350663657+02:00
57.014037667
9.987223333
0.0684
25.7
0.0
 
2019-04-15T15:07:11,332855463+02:00
57.014039333
9.987223333
0.0144
25.5
0.0
 
2019-04-15T15:07:12,338469748+02:00
57.014041333
9.987223833
0.1404
25.3
0.0
 
2019-04-15T15:07:13,348931961+02:00
57.014043
9.987224
0.1044
25.3
0.0
 
2019-04-15T15:07:14,342426078+02:00
57.014044833
9.987224833
0.108
25.2
0.0
 
2019-04-15T15:07:15,339217119+02:00
57.014046167
9.987225
0.0612
25.2
0.0
 
2019-04-15T15:07:16,338408154+02:00
57.014047667
9.9872255
0.0828
25.2
0.0
 
2019-04-15T15:07:17,337994702+02:00
57.014049667
9.987226333
0.0612
25.0
0.0
 
2019-04-15T15:07:18,337626363+02:00
57.014051333
9.987227333
0.126
24.7
0.0
 
2019-04-15T15:07:19,342616258+02:00
57.014053667
9.9872285
0.1836
24.6
0.0
 
2019-04-15T15:07:20,342167583+02:00
57.014055333
9.9872295
0.0432
24.6
0.0
 
2019-04-15T15:07:21,342303375+02:00
57.0140565
9.9872295
0.1224
24.5
0.0
 
2019-04-15T15:07:22,334462037+02:00
57.014057667
9.987229833
0.0612
24.4
0.0
 
2019-04-15T15:07:23,353390405+02:00
57.014058167
9.987229333
0.2376
24.6
0.0
 
2019-04-15T15:07:24,351633796+02:00
57.014059167
9.987229833
0.1728
24.7
0.0
 
2019-04-15T15:07:25,343096748+02:00
57.014061
9.987229833
0.1656
24.5
0.0
 
2019-04-15T15:07:26,344146674+02:00
57.0140625
9.987229333
0.1332
24.5
0.0
 
2019-04-15T15:07:27,341496449+02:00
57.014063833
9.987229167
0.072
24.5
0.0
 
2019-04-15T15:07:28,342484445+02:00
57.014065
9.987228167
0.1044
24.5
0.0
 
2019-04-15T15:07:29,340824576+02:00
57.014065833
9.987227833
0.0324
24.8
0.0
 
2019-04-15T15:07:30,345587582+02:00
57.014066
9.9872265
0.3096
25.0
0.0
 
2019-04-15T15:07:31,343178951+02:00
57.0140665
9.987225833
0.0972
25.0
0.0
 
2019-04-15T15:07:32,349168905+02:00
57.014067333
9.987225833
0.1404
25.3
0.0
 
2019-04-15T15:07:33,346537423+02:00
57.014068167
9.9872265
0.1836
25.6
0.0
 
2019-04-15T15:07:34,344522191+02:00
57.014068333
9.9872265
0.126
25.7
0.0
 
2019-04-15T15:07:35,343382407+02:00
57.014068667
9.987225833
0.1404
25.9
0.0
 
2019-04-15T15:07:38,023003361+02:00
57.014069667
9.987226
0.036
25.9
0.0
 
2019-04-15T15:07:39,374738901+02:00
57.0140735
9.9872275
0.1368
26.2
0.0
 
2019-04-15T15:07:40,469073966+02:00
57.014074667
9.987228333
0.0612
26.1
0.0
 
2019-04-15T15:07:41,391188892+02:00
57.014076167
9.987229
0.0792
26.1
0.0
 
2019-04-15T15:07:42,372572206+02:00
57.014077333
9.987230167
0.0216
26.1
0.0
 
