
2019-03-20T11:31:30,536985159+01:00
57.013218667
9.967689
20.9736
nan
287.27
 
2019-03-20T11:31:30,739489762+01:00
57.013221833
9.967670667
21.0636
nan
287.34
 
2019-03-20T11:31:30,950954626+01:00
57.013225
9.967652333
21.1428
nan
287.54
 
2019-03-20T11:31:31,124227106+01:00
57.013228333
9.967633667
21.402
nan
287.91
 
2019-03-20T11:31:31,334336671+01:00
57.013231667
9.967615
21.5028
nan
288.12
 
2019-03-20T11:31:31,527438500+01:00
57.013235
9.967596167
21.672
nan
287.74
 
2019-03-20T11:31:31,728679656+01:00
57.013238333
9.967577333
21.6936
nan
287.73
 
2019-03-20T11:31:31,934121453+01:00
57.013241833
9.9675585
21.6
nan
288.21
 
2019-03-20T11:31:32,130452145+01:00
57.013245167
9.967539667
21.5712
nan
288.16
 
2019-03-20T11:31:32,351310424+01:00
57.013248833
9.967520667
22.0896
nan
288.33
 
2019-03-20T11:31:32,564873285+01:00
57.013252333
9.9675015
22.2012
nan
288.59
 
2019-03-20T11:31:32,928817522+01:00
57.013259
9.967464167
21.3948
nan
288.19
 
2019-03-20T11:31:33,152251121+01:00
57.013262167
9.967444833
21.96
nan
287.79
 
2019-03-20T11:31:33,351719837+01:00
57.013265833
9.967425667
22.2408
nan
288.11
 
2019-03-20T11:31:33,526152328+01:00
57.013269333
9.967406167
22.4964
nan
288.36
 
2019-03-20T11:31:33,728537685+01:00
57.013273
9.967386667
22.4928
nan
288.58
 
2019-03-20T11:31:33,921889440+01:00
57.0132765
9.967366833
22.8636
nan
288.52
 
2019-03-20T11:31:34,135030290+01:00
57.013280167
9.967346833
23.0292
nan
288.47
 
2019-03-20T11:31:34,331388533+01:00
57.013283667
9.9673265
23.2812
nan
287.96
 
2019-03-20T11:31:34,526869655+01:00
57.013287333
9.967306167
23.4936
nan
287.86
 
2019-03-20T11:31:34,721920647+01:00
57.013291
9.9672855
23.742
nan
287.84
 
2019-03-20T11:31:34,920869494+01:00
57.0132945
9.9672645
23.9724
nan
287.56
 
2019-03-20T11:31:35,124360180+01:00
57.013298333
9.967243667
24.0444
nan
287.72
 
2019-03-20T11:31:35,321228138+01:00
57.013302
9.9672225
24.2136
nan
287.63
 
2019-03-20T11:31:35,731063879+01:00
57.0133095
9.9671795
24.7644
nan
287.38
 
2019-03-20T11:31:36,143456377+01:00
57.013317
9.967135833
25.0956
nan
287.14
 
2019-03-20T11:31:36,522912822+01:00
57.013324167
9.967092167
24.876
nan
286.95
 
2019-03-20T11:31:36,930483894+01:00
57.0133315
9.967049667
24.2784
nan
287.64
 
2019-03-20T11:31:37,329053029+01:00
57.013339
9.9670085
23.7276
nan
288.32
 
2019-03-20T11:31:37,729882928+01:00
57.013346333
9.966968333
22.9644
nan
288.7
 
2019-03-20T11:31:38,133404821+01:00
57.013354
9.96693
22.3848
nan
289.81
 
2019-03-20T11:31:38,534679393+01:00
57.0133615
9.966892833
21.6756
nan
290.59
 
2019-03-20T11:31:39,137511343+01:00
57.013372667
9.966838833
20.844
nan
291.32
 
2019-03-20T11:31:39,525277125+01:00
57.013380167
9.966804667
20.3616
nan
293.12
 
2019-03-20T11:31:39,961292097+01:00
57.013388167
9.966771667
19.6128
nan
294.54
 
2019-03-20T11:31:40,527175192+01:00
57.0134025
9.966725667
19.2816
nan
300.14
 
2019-03-20T11:31:40,934118493+01:00
57.0134135
9.966697167
18.9576
nan
304.56
 
2019-03-20T11:31:41,367630935+01:00
57.013426
9.966672333
18.7056
nan
311.44
 
2019-03-20T11:31:41,944231835+01:00
57.013448833
9.966641
18.6516
nan
323.35
 
2019-03-20T11:31:42,342366093+01:00
57.0134655
9.966625167
18.7128
nan
332.34
 
2019-03-20T11:31:42,735272363+01:00
57.0134835
9.966612667
19.5084
nan
339.29
 
2019-03-20T11:31:43,137079862+01:00
57.013503333
9.966605333
20.2248
nan
347.8
 
2019-03-20T11:31:43,553336222+01:00
57.013523667
9.9666015
20.5848
nan
353.45
 
2019-03-20T11:31:43,933881262+01:00
57.013544
9.966602167
21.0204
nan
1.73
 
2019-03-20T11:31:44,354663117+01:00
57.013565167
9.9666065
21.3228
nan
6.97
 
2019-03-20T11:31:44,732403245+01:00
57.013586833
9.966613167
21.9096
nan
9.78
 
2019-03-20T11:31:45,144044133+01:00
57.013608833
9.966622333
22.0968
nan
13.09
 
2019-03-20T11:31:45,542470864+01:00
57.013630667
9.966633667
22.698
nan
16.24
 
2019-03-20T11:31:45,931373314+01:00
57.013652333
9.966645333
22.6728
nan
16.43
 
2019-03-20T11:31:46,362657893+01:00
57.013674667
9.966657167
23.0652
nan
16.61
 
2019-03-20T11:31:46,740216725+01:00
57.013696833
9.9666695
23.472
nan
16.9
 
2019-03-20T11:31:47,353513623+01:00
57.0137315
9.966688667
24.3828
nan
17.4
 
2019-03-20T11:31:47,726011465+01:00
57.013754833
9.9667015
24.66
nan
17.55
 
2019-03-20T11:31:48,138835875+01:00
57.0137785
9.966714667
25.1424
nan
17.22
 
2019-03-20T11:31:48,544355130+01:00
57.013803
9.966728333
25.5924
nan
17.07
 
2019-03-20T11:31:48,979940295+01:00
57.0138275
9.966742333
25.8696
nan
17.3
 
2019-03-20T11:31:49,336508269+01:00
57.0138525
9.966756667
26.3664
nan
17.69
 
2019-03-20T11:31:49,761388621+01:00
57.013877667
9.966771
26.496
nan
17.27
 
2019-03-20T11:31:50,134179818+01:00
57.013903333
9.9667865
26.8236
nan
17.92
 
2019-03-20T11:31:50,549778424+01:00
57.013929167
9.966802667
27.3924
nan
18.29
 
2019-03-20T11:31:50,962599880+01:00
57.013954833
9.966818167
27.1116
nan
18.16
 
2019-03-20T11:31:51,348861255+01:00
57.013980667
9.9668335
27.4032
nan
17.93
 
2019-03-20T11:31:51,734910256+01:00
57.0140065
9.966849333
27.3348
nan
18.24
 
2019-03-20T11:31:52,159271887+01:00
57.014032667
9.966864667
27.5832
nan
17.71
 
2019-03-20T11:31:52,550040883+01:00
57.014059
9.966880167
27.6552
nan
17.76
 
2019-03-20T11:31:52,960417997+01:00
57.014085333
9.966895167
27.846
nan
17.62
 
2019-03-20T11:31:53,336849828+01:00
57.014111667
9.966910667
27.9396
nan
17.74
 
2019-03-20T11:31:53,756933190+01:00
57.014138333
9.9669255
28.1232
nan
17.18
 
2019-03-20T11:31:54,173482954+01:00
57.014165
9.966940833
28.0476
nan
17.53
 
2019-03-20T11:31:54,544468193+01:00
57.014191833
9.966956167
28.3608
nan
17.63
 
