
2019-04-11T12:55:35,136296415+02:00
57.014076144
9.987154053
0.7164
48.642
331.0837
 
2019-04-11T12:55:36,137254627+02:00
57.01407673
9.987152671
0.7668
49.088
338.9246
 
2019-04-11T12:55:37,134743720+02:00
57.014076584
9.987150584
0.6336
49.433
324.8276
 
2019-04-11T12:55:38,146929867+02:00
57.014076756
9.987149231
0.4896
49.79
314.7302
 
2019-04-11T12:55:39,134397983+02:00
57.014076487
9.987147878
0.594
50.072
316.8981
 
2019-04-11T12:55:40,134843990+02:00
57.014076515
9.987145877
0.7452
50.391
338.3839
 
2019-04-11T12:55:41,127998613+02:00
57.014076383
9.987143628
0.846
50.735
310.918
 
2019-04-11T12:55:42,135557803+02:00
57.014076093
9.987141245
0.5544
51.03
330.644
 
2019-04-11T12:55:43,128426466+02:00
57.014075343
9.98714053
0.6552
51.036
342.9637
 
2019-04-11T12:55:44,135443256+02:00
57.014074612
9.987138853
0.7848
51.232
326.7834
 
2019-04-11T12:55:45,126277179+02:00
57.014073985
9.987138167
0.8064
51.242
345.3606
 
2019-04-11T12:55:46,130571195+02:00
57.01407305
9.987138348
0.6048
51.178
339.035
 
2019-04-11T12:55:47,125489964+02:00
57.014072838
9.987138396
0.6192
51.217
345.4208
 
2019-04-11T12:55:48,132997676+02:00
57.014071162
9.987137386
0.4824
51.041
324.2068
 
2019-04-11T12:55:49,124195790+02:00
57.014069506
9.987137758
0.5904
50.838
336.7161
 
2019-04-11T12:55:50,124128662+02:00
57.014067496
9.987137796
0.684
50.364
349.4439
 
2019-04-11T12:55:51,126860055+02:00
57.014065621
9.987137643
0.4284
49.927
303.1081
 
2019-04-11T12:55:52,126086827+02:00
57.014063749
9.987136632
0.3996
49.717
355.5386
 
2019-04-11T12:55:53,130477490+02:00
57.014062926
9.987136299
0.5832
49.681
333.1416
 
2019-04-11T12:55:54,137622867+02:00
57.014061887
9.987135346
0.6048
49.577
320.1619
 
2019-04-11T12:55:55,118575772+02:00
57.01406067
9.987134754
0.4896
49.319
336.8923
 
2019-04-11T12:55:56,123823131+02:00
57.01405982
9.987135307
0.396
49.035
322.8853
 
2019-04-11T12:55:57,131744329+02:00
57.014059061
9.987134516
0.5292
48.983
330.2666
 
