
2019-03-25T10:07:31,140127479+01:00
57.014157867
9.987315372
0.5544
52.797
309.9874
 
2019-03-25T10:07:32,134572358+01:00
57.014158583
9.987312722
0.7812
53.222
298.5441
 
2019-03-25T10:07:33,136707601+01:00
57.014160654
9.987310033
0.2484
53.692
341.8627
 
2019-03-25T10:07:34,140920620+01:00
57.014162387
9.987309185
0.2448
54.104
25.8552
 
2019-03-25T10:07:35,147995985+01:00
57.014162616
9.987308527
0.216
54.242
295.5654
 
2019-03-25T10:07:36,134200754+01:00
57.014164175
9.987308709
0.3096
54.606
21.3269
 
2019-03-25T10:07:37,141455355+01:00
57.014166167
9.987309281
0.2736
54.903
40.3031
 
2019-03-25T10:07:38,137316236+01:00
57.014167525
9.987308384
0.2232
55.175
72.6219
 
2019-03-25T10:07:39,143564146+01:00
57.014168559
9.987307088
0.0468
55.327
140.1327
 
2019-03-25T10:07:40,141939872+01:00
57.014169404
9.987304904
0.6696
55.373
262.8244
 
2019-03-25T10:07:41,135556847+01:00
57.014170508
9.987304284
0.4104
55.531
262.8586
 
2019-03-25T10:07:42,147341720+01:00
57.014171655
9.987302529
0.216
55.675
286.4996
 
2019-03-25T10:07:43,136862919+01:00
57.014172168
9.987302148
0.0756
55.793
90.2482
 
2019-03-25T10:07:44,133875038+01:00
57.014172682
9.987302529
0.0468
55.851
320.1327
 
2019-03-25T10:07:45,145918175+01:00
57.014173234
9.987302424
0.1944
55.907
260.0487
 
2019-03-25T10:07:46,140467678+01:00
57.014174175
9.987302967
0.2376
56.041
14.6405
 
2019-03-25T10:07:47,140844309+01:00
57.014175158
9.987302786
0.1296
56.113
188.2984
 
2019-03-25T10:07:48,133879313+01:00
57.014176139
9.987303253
0.1296
56.197
130.2139
 
2019-03-25T10:07:49,145632473+01:00
57.014177803
9.987302404
0.3312
56.28
326.8701
 
2019-03-25T10:07:50,133630192+01:00
57.014179245
9.987301469
0.0108
56.378
211.6221
 
2019-03-25T10:07:51,143074635+01:00
57.014180817
9.987301344
0.126
56.515
69.7834
 
2019-03-25T10:07:52,144961505+01:00
57.014181723
9.987301229
0.0936
56.426
77.4556
 
2019-03-25T10:07:53,156456560+01:00
57.014183156
9.987301743
0.3384
56.346
8.4575
 
2019-03-25T10:07:54,138909726+01:00
57.014184106
9.987301866
0.1008
56.325
320.8442
 
2019-03-25T10:07:55,145909507+01:00
57.014184807
9.987301818
0.2124
56.37
101.3808
 
2019-03-25T10:07:56,137474359+01:00
57.014185668
9.987303134
0.3816
56.319
82.9422
 
2019-03-25T10:07:57,139635640+01:00
57.014186574
9.987303572
0.0504
56.409
46.2317
 
2019-03-25T10:07:58,129082855+01:00
57.014186462
9.987301655
0.3852
56.333
236.2021
 
2019-03-25T10:07:59,144392325+01:00
57.014187141
9.987299405
0.2052
56.499
234.8114
 
2019-03-25T10:08:00,142098226+01:00
57.014188178
9.987296906
0.1188
56.46
117.3051
 
2019-03-25T10:08:01,151917639+01:00
57.014189548
9.987293215
0.126
56.492
218.3081
 
2019-03-25T10:08:02,137267400+01:00
57.014190567
9.987290707
0.0432
56.561
305.012
 
2019-03-25T10:08:03,138376227+01:00
57.01419129
9.987288904
0.054
56.557
309.437
 
2019-03-25T10:08:04,133104482+01:00
57.01419279
9.987287139
0.0792
56.556
188.9733
 
