
2019-05-12T18:43:40,425948127+02:00
57.050990333
9.922957167
0.2844
nan
0.0
 
2019-05-12T18:43:40,629022229+02:00
57.0509905
9.922957
0.2052
nan
0.0
 
2019-05-12T18:43:40,826177275+02:00
57.050990333
9.922957333
0.3276
nan
0.0
 
2019-05-12T18:43:41,026017242+02:00
57.0509905
9.922957
0.2916
nan
0.0
 
2019-05-12T18:43:41,222630562+02:00
57.0509905
9.922957167
0.2268
nan
0.0
 
2019-05-12T18:43:41,429821046+02:00
57.0509905
9.922957
0.1332
nan
0.0
 
2019-05-12T18:43:41,627003570+02:00
57.0509905
9.922957
0.0684
nan
0.0
 
2019-05-12T18:43:41,826360076+02:00
57.050990667
9.922957
0.2484
nan
0.0
 
2019-05-12T18:43:42,029584346+02:00
57.050990667
9.922957
0.144
nan
0.0
 
2019-05-12T18:43:42,227835701+02:00
57.050990833
9.922957
0.2016
nan
0.0
 
2019-05-12T18:43:42,425510477+02:00
57.050990833
9.922956833
0.1368
nan
0.0
 
2019-05-12T18:43:42,626820611+02:00
57.050991
9.922957167
0.234
nan
0.0
 
2019-05-12T18:43:42,824689013+02:00
57.050990833
9.922957
0.0684
nan
0.0
 
2019-05-12T18:43:43,026313529+02:00
57.050990833
9.922956833
0.0576
nan
0.0
 
2019-05-12T18:43:43,225289325+02:00
57.050990833
9.922956833
0.0396
nan
0.0
 
2019-05-12T18:43:43,432046691+02:00
57.050990833
9.922956833
0.072
nan
0.0
 
2019-05-12T18:43:43,622902962+02:00
57.050990833
9.922957
0.0756
nan
0.0
 
2019-05-12T18:43:43,824202799+02:00
57.050991
9.922956833
0.0828
nan
0.0
 
2019-05-12T18:43:44,025706885+02:00
57.050991
9.922956667
0.1152
nan
0.0
 
2019-05-12T18:43:44,225957716+02:00
57.050991
9.922956833
0.09
nan
0.0
 
2019-05-12T18:43:44,424403700+02:00
57.050991
9.922956667
0.1116
nan
0.0
 
2019-05-12T18:43:44,626390205+02:00
57.050991
9.922956667
0.0612
nan
0.0
 
2019-05-12T18:43:44,823945521+02:00
57.050991167
9.922956833
0.2376
nan
0.0
 
2019-05-12T18:43:45,027000116+02:00
57.050991167
9.922956667
0.198
nan
0.0
 
2019-05-12T18:43:45,220767488+02:00
57.050991167
9.922956667
0.0864
nan
0.0
 
2019-05-12T18:43:45,428531842+02:00
57.050991333
9.922956667
0.1332
nan
0.0
 
2019-05-12T18:43:45,625101144+02:00
57.050991
9.922956667
0.1872
nan
0.0
 
2019-05-12T18:43:46,041260675+02:00
57.050990667
9.9229565
0.0936
nan
0.0
 
2019-05-12T18:43:46,423377671+02:00
57.050990833
9.9229565
0.126
nan
0.0
 
2019-05-12T18:43:46,828765315+02:00
57.050991
9.9229565
0.108
nan
0.0
 
2019-05-12T18:43:47,045746339+02:00
57.050990833
9.9229565
0.162
nan
0.0
 
2019-05-12T18:43:47,259635856+02:00
57.050991
9.922956333
0.1224
nan
0.0
 
2019-05-12T18:43:47,466688198+02:00
57.050990833
9.9229565
0.0864
nan
0.0
 
2019-05-12T18:43:47,660263379+02:00
57.050990833
9.9229565
0.126
nan
0.0
 
2019-05-12T18:43:48,026398285+02:00
57.050991
9.922956333
0.144
nan
0.0
 
2019-05-12T18:43:48,233923884+02:00
57.050991167
9.922956333
0.1296
nan
0.0
 
2019-05-12T18:43:48,422592414+02:00
57.050991333
9.922956333
0.1548
nan
0.0
 
2019-05-12T18:43:48,638830211+02:00
57.050991167
9.922956167
0.2304
nan
0.0
 
2019-05-12T18:43:48,822888245+02:00
57.050991333
9.922956333
0.1116
nan
0.0
 
2019-05-12T18:43:49,024490087+02:00
57.050991333
9.922956333
0.2052
nan
0.0
 
2019-05-12T18:43:49,224810115+02:00
57.0509915
9.922956333
0.0504
nan
0.0
 
2019-05-12T18:43:49,454490903+02:00
57.0509915
9.922956167
0.0432
nan
0.0
 
2019-05-12T18:43:49,642561141+02:00
57.0509915
9.922956167
0.072
nan
0.0
 
2019-05-12T18:43:50,033251142+02:00
57.0509915
9.922956167
0.0828
nan
0.0
 
2019-05-12T18:43:50,238944139+02:00
57.0509915
9.922956167
0.054
nan
0.0
 
2019-05-12T18:43:50,628278379+02:00
57.0509915
9.922956167
0.0864
nan
0.0
 
2019-05-12T18:43:50,834764945+02:00
57.050991333
9.922956333
0.126
nan
0.0
 
2019-05-12T18:43:51,024363026+02:00
57.0509915
9.922956167
0.0972
nan
0.0
 
2019-05-12T18:43:51,220727042+02:00
57.0509915
9.922956167
0.0756
nan
0.0
 
2019-05-12T18:43:51,428016882+02:00
57.050991333
9.922956
0.18
nan
0.0
 
2019-05-12T18:43:51,822113903+02:00
57.050991333
9.922956
0.0972
nan
0.0
 
2019-05-12T18:43:52,032915434+02:00
57.0509915
9.922955833
0.0972
nan
0.0
 
2019-05-12T18:43:52,217964960+02:00
57.0509915
9.922955667
0.0648
nan
0.0
 
2019-05-12T18:43:52,447292688+02:00
57.050991333
9.922955667
0.1224
nan
0.0
 
2019-05-12T18:43:52,831667385+02:00
57.0509915
9.922955667
0.0684
nan
0.0
 
2019-05-12T18:43:53,027333410+02:00
57.0509915
9.922955333
0.108
nan
0.0
 
2019-05-12T18:43:53,224699700+02:00
57.050991333
9.9229555
0.1116
nan
0.0
 
2019-05-12T18:43:53,435355969+02:00
57.0509915
9.9229555
0.1404
nan
0.0
 
2019-05-12T18:43:53,630328501+02:00
57.050991333
9.922955333
0.1188
nan
0.0
 
2019-05-12T18:43:53,842503342+02:00
57.050991333
9.922955333
0.0252
nan
0.0
 
2019-05-12T18:43:54,021993832+02:00
57.050991333
9.922955333
0.0576
nan
0.0
 
2019-05-12T18:43:54,234351075+02:00
57.050991333
9.922955333
0.0468
nan
0.0
 
2019-05-12T18:43:54,621697341+02:00
57.050991333
9.9229555
0.0684
nan
0.0
 
2019-05-12T18:43:54,823844607+02:00
57.050991167
9.922955167
0.2916
nan
0.0
 
2019-05-12T18:43:55,219682954+02:00
57.050991167
9.922955167
0.0468
nan
0.0
 
2019-05-12T18:43:55,420327270+02:00
57.050991167
9.922955167
0.1224
nan
0.0
 
2019-05-12T18:43:55,648839391+02:00
57.050991
9.922955333
0.2016
nan
0.0
 
2019-05-12T18:43:56,019888498+02:00
57.050991
9.922955167
0.2016
nan
0.0
 
2019-05-12T18:43:56,239024642+02:00
57.050991167
9.922955167
0.0324
nan
0.0
 
2019-05-12T18:43:56,625605668+02:00
57.050991167
9.922955167
0.0756
nan
0.0
 
2019-05-12T18:43:56,820531824+02:00
57.050991167
9.922955167
0.0468
nan
0.0
 
2019-05-12T18:43:57,224901278+02:00
57.050991167
9.922955
0.0936
nan
0.0
 
2019-05-12T18:43:57,422735098+02:00
57.050991
9.922954833
0.126
nan
0.0
 
2019-05-12T18:43:57,820959255+02:00
57.050991
9.922955
0.0468
nan
0.0
 
2019-05-12T18:43:58,018026220+02:00
57.050991
9.922955
0.0252
nan
0.0
 
2019-05-12T18:43:58,227012758+02:00
57.050991
9.922954833
0.09
nan
0.0
 
2019-05-12T18:43:58,621406624+02:00
57.050991
9.922954833
0.1188
nan
0.0
 
2019-05-12T18:43:58,819609765+02:00
57.050991
9.922954833
0.1476
nan
0.0
 
2019-05-12T18:43:59,221564106+02:00
57.050991
9.922954833
0.0684
nan
0.0
 
2019-05-12T18:43:59,424025256+02:00
57.050990833
9.922954833
0.0864
nan
0.0
 
2019-05-12T18:43:59,617713227+02:00
57.050991
9.922954833
0.0108
nan
0.0
 
2019-05-12T18:43:59,840452960+02:00
57.050990833
9.922955
0.0792
nan
0.0
 
2019-05-12T18:44:00,225241381+02:00
57.050991
9.922955
0.054
nan
0.0
 
2019-05-12T18:44:00,420267557+02:00
57.050990833
9.922954833
0.1836
nan
0.0
 
2019-05-12T18:44:00,831769090+02:00
57.050990833
9.922955
0.1152
nan
0.0
 
2019-05-12T18:44:01,028809456+02:00
57.050991
9.922955
0.0792
nan
0.0
 
2019-05-12T18:44:01,221745143+02:00
57.050990833
9.922955167
0.1116
nan
0.0
 
2019-05-12T18:44:01,624231294+02:00
57.050990833
9.922955167
0.1656
nan
0.0
 
2019-05-12T18:44:01,822298974+02:00
57.050990833
9.922955167
0.0828
nan
0.0
 
2019-05-12T18:44:02,220077016+02:00
57.050990833
9.922955333
0.1296
nan
0.0
 
2019-05-12T18:44:02,422281287+02:00
57.050990833
9.922955
0.1728
nan
0.0
 
2019-05-12T18:44:02,618857401+02:00
57.050990667
9.922955167
0.1836
nan
0.0
 
2019-05-12T18:44:03,018286835+02:00
57.050990833
9.922955333
0.2808
nan
0.0
 
2019-05-12T18:44:03,428201101+02:00
57.050990667
9.9229555
0.2664
nan
0.0
 
2019-05-12T18:44:03,816651721+02:00
57.050990833
9.9229555
0.0324
nan
0.0
 
2019-05-12T18:44:04,038741935+02:00
57.050991
9.9229555
0.2844
nan
0.0
 
2019-05-12T18:44:04,224767086+02:00
57.050990833
9.922955667
0.0756
nan
0.0
 
2019-05-12T18:44:04,416284392+02:00
57.050990833
9.9229555
0.0432
nan
0.0
 
2019-05-12T18:44:04,829627395+02:00
57.050991
9.922955667
0.0756
nan
0.0
 
2019-05-12T18:44:05,017844413+02:00
57.050990833
9.922955667
0.18
nan
0.0
 
2019-05-12T18:44:05,214617817+02:00
57.050990833
9.9229555
0.144
nan
0.0
 
2019-05-12T18:44:05,454786778+02:00
57.050991
9.922955667
0.3816
nan
0.0
 
2019-05-12T18:44:06,015879735+02:00
57.050991
9.922955833
0.0972
nan
0.0
 
2019-05-12T18:44:06,224308422+02:00
57.050991
9.922955667
0.144
nan
0.0
 
2019-05-12T18:44:06,414298493+02:00
57.050991
9.922955833
0.1116
nan
0.0
 
2019-05-12T18:44:06,643937051+02:00
57.050991
9.922955667
0.1764
nan
0.0
 
2019-05-12T18:44:06,848489370+02:00
57.050990833
9.922955833
0.144
nan
0.0
 
2019-05-12T18:44:07,030924504+02:00
57.050991
9.922955833
0.1944
nan
0.0
 
2019-05-12T18:44:07,422054118+02:00
57.050990833
9.922955833
0.072
nan
0.0
 
2019-05-12T18:44:07,614528751+02:00
57.050991
9.922955667
0.1872
nan
0.0
 
2019-05-12T18:44:07,840833021+02:00
57.050990833
9.922956167
0.3132
nan
0.0
 
2019-05-12T18:44:08,229992724+02:00
57.050991
9.922956167
0.126
nan
0.0
 
2019-05-12T18:44:08,416621763+02:00
57.050991
9.922956333
0.0612
nan
0.0
 
2019-05-12T18:44:08,820271666+02:00
57.050991
9.922956333
0.1044
nan
0.0
 
2019-05-12T18:44:09,222910412+02:00
57.050991
9.922956333
0.2088
nan
0.0
 
2019-05-12T18:44:09,419087790+02:00
57.050991
9.922956167
0.1044
nan
0.0
 
2019-05-12T18:44:09,615082091+02:00
57.050991333
9.922956333
0.4176
nan
0.0
 
2019-05-12T18:44:09,825846161+02:00
57.050991167
9.922956333
0.0576
nan
0.0
 
2019-05-12T18:44:10,225472355+02:00
57.050991667
9.922955667
0.6552
nan
0.0
 
2019-05-12T18:44:10,429347993+02:00
57.050992
9.9229545
1.1088
nan
0.0
 
2019-05-12T18:44:10,816758921+02:00
57.050992333
9.922950833
2.3076
nan
291.96
 
2019-05-12T18:44:11,023595257+02:00
57.050993
9.922948333
2.6964
nan
287.23
 
2019-05-12T18:44:11,414934144+02:00
57.050994
9.922943333
2.9448
nan
290.34
 
2019-05-12T18:44:11,815895424+02:00
57.050995667
9.922938
3.456
nan
299.46
 
2019-05-12T18:44:12,216722964+02:00
57.050998167
9.922932
3.9996
nan
304.56
 
2019-05-12T18:44:12,432621293+02:00
57.050999833
9.922929333
4.2876
nan
310.67
 
2019-05-12T18:44:12,822116498+02:00
57.051002167
9.922924333
3.8124
nan
313.21
 
2019-05-12T18:44:13,050599038+02:00
57.051003667
9.922921667
3.8772
nan
312.33
 
2019-05-12T18:44:13,226419530+02:00
57.051004833
9.922919
3.582
nan
310.66
 
2019-05-12T18:44:13,618339710+02:00
57.051006167
9.922915667
2.2356
nan
310.59
 
2019-05-12T18:44:13,825279460+02:00
57.051006667
9.922914667
1.5948
nan
310.73
 
2019-05-12T18:44:14,214836920+02:00
57.051006833
9.9229135
0.702
nan
0.0
 
2019-05-12T18:44:14,618814962+02:00
57.051006667
9.922913667
0.234
nan
0.0
 
2019-05-12T18:44:15,017902937+02:00
57.0510065
9.922914167
0.198
nan
0.0
 
2019-05-12T18:44:15,216028812+02:00
57.051006333
9.922914167
0.1872
nan
0.0
 
2019-05-12T18:44:15,621324614+02:00
57.051006167
9.922914333
0.1044
nan
0.0
 
2019-05-12T18:44:15,826703233+02:00
57.051006167
9.922914167
0.0684
nan
0.0
 
2019-05-12T18:44:16,220975254+02:00
57.0510065
9.922914167
0.1188
nan
0.0
 
2019-05-12T18:44:16,445386712+02:00
57.051006667
9.9229145
0.0828
nan
0.0
 
2019-05-12T18:44:16,815795652+02:00
57.0510065
9.922914167
0.1692
nan
0.0
 
2019-05-12T18:44:17,214362727+02:00
57.0510065
9.922914667
0.0576
nan
0.0
 
2019-05-12T18:44:17,412753116+02:00
57.0510065
9.922914833
0.108
nan
0.0
 
2019-05-12T18:44:17,612354103+02:00
57.0510065
9.922914833
0.0684
nan
0.0
 
2019-05-12T18:44:17,840452531+02:00
57.0510065
9.922914833
0.1008
nan
0.0
 
2019-05-12T18:44:18,034172159+02:00
57.051006667
9.922915
0.1584
nan
0.0
 
2019-05-12T18:44:18,230114939+02:00
57.051006667
9.922915
0.0684
nan
0.0
 
2019-05-12T18:44:18,620091398+02:00
57.051006667
9.922915
0.0108
nan
0.0
 
2019-05-12T18:44:18,824627986+02:00
57.051006667
9.922915
0.09
nan
0.0
 
2019-05-12T18:44:19,066879565+02:00
57.051006833
9.922915167
0.0684
nan
0.0
 
2019-05-12T18:44:19,422091349+02:00
57.051007333
9.922915167
0.288
nan
0.0
 
2019-05-12T18:44:19,814425111+02:00
57.0510075
9.922915333
0.1296
nan
0.0
 
2019-05-12T18:44:20,213952040+02:00
57.051008
9.922915667
0.1116
nan
0.0
 
2019-05-12T18:44:20,614035010+02:00
57.051008333
9.922915667
0.0756
nan
0.0
 
2019-05-12T18:44:20,810833282+02:00
57.051008333
9.922915667
0.1404
nan
0.0
 
2019-05-12T18:44:21,220593515+02:00
57.051008167
9.9229155
0.0792
nan
0.0
 
2019-05-12T18:44:21,439421267+02:00
57.051008167
9.922915667
0.0396
nan
0.0
 
2019-05-12T18:44:21,632122643+02:00
57.051008167
9.922915833
0.0612
nan
0.0
 
2019-05-12T18:44:21,846934484+02:00
57.051008167
9.922916167
0.1368
nan
0.0
 
2019-05-12T18:44:22,211214712+02:00
57.051008333
9.922916167
0.072
nan
0.0
 
2019-05-12T18:44:22,625340283+02:00
57.051008333
9.922916333
0.1404
nan
0.0
 
2019-05-12T18:44:22,822574069+02:00
57.051008333
9.922916333
0.1764
nan
0.0
 
2019-05-12T18:44:23,016547713+02:00
57.0510085
9.9229165
0.072
nan
0.0
 
2019-05-12T18:44:23,235725874+02:00
57.051008667
9.9229165
0.0144
nan
0.0
 
2019-05-12T18:44:23,606671805+02:00
57.051008667
9.922916667
0.0504
nan
0.0
 
2019-05-12T18:44:24,010155402+02:00
57.051008667
9.922916667
0.054
nan
0.0
 
2019-05-12T18:44:24,223843844+02:00
57.051008667
9.922916667
0.0936
nan
0.0
 
2019-05-12T18:44:24,427913793+02:00
57.0510085
9.922916667
0.0648
nan
0.0
 
2019-05-12T18:44:24,642582894+02:00
57.051008333
9.922916667
0.0684
nan
0.0
 
2019-05-12T18:44:25,211908795+02:00
57.051008167
9.9229165
0.0684
nan
0.0
 
2019-05-12T18:44:25,606896275+02:00
57.051008333
9.9229165
0.0612
nan
0.0
 
2019-05-12T18:44:26,013585240+02:00
57.051008167
9.9229165
0.1152
nan
0.0
 
2019-05-12T18:44:26,244435151+02:00
57.051008167
9.9229165
0.0972
nan
0.0
 
2019-05-12T18:44:26,607354718+02:00
57.051008
9.922916667
0.0612
nan
0.0
 
2019-05-12T18:44:26,805999711+02:00
57.051008
9.922916833
0.0828
nan
0.0
 
2019-05-12T18:44:27,042568783+02:00
57.051008167
9.922917
0.108
nan
0.0
 
2019-05-12T18:44:27,250993190+02:00
57.051008
9.922917
0.0792
nan
0.0
 
2019-05-12T18:44:27,620725123+02:00
57.051007667
9.922917167
0.0468
nan
0.0
 
2019-05-12T18:44:27,814154343+02:00
57.051007833
9.922917333
0.1764
nan
0.0
 
2019-05-12T18:44:28,014646976+02:00
57.051007833
9.922917667
0.0396
nan
0.0
 
2019-05-12T18:44:28,215119345+02:00
57.051008
9.922917667
0.1944
nan
0.0
 
2019-05-12T18:44:28,407320247+02:00
57.051007667
9.922917667
0.2484
nan
0.0
 
2019-05-12T18:44:28,811725911+02:00
57.051007667
9.922918
0.0324
nan
0.0
 
2019-05-12T18:44:29,025600736+02:00
57.051007667
9.922918
0.0468
nan
0.0
 
2019-05-12T18:44:29,408170465+02:00
57.051007667
9.922918
0.0288
nan
0.0
 
2019-05-12T18:44:29,612601243+02:00
57.051007667
9.922918333
0.1188
nan
0.0
 
2019-05-12T18:44:30,010722266+02:00
57.051007667
9.9229185
0.0324
nan
0.0
 
2019-05-12T18:44:30,213129437+02:00
57.051007833
9.922918667
0.1224
nan
0.0
 
2019-05-12T18:44:30,610859398+02:00
57.051008
9.922918833
0.0576
nan
0.0
 
2019-05-12T18:44:30,814056337+02:00
57.051008
9.922918833
0.0684
nan
0.0
 
2019-05-12T18:44:31,050719678+02:00
57.051008
9.922919
0.108
nan
0.0
 
2019-05-12T18:44:31,246641030+02:00
57.051008
9.922919167
0.126
nan
0.0
 
2019-05-12T18:44:31,411478793+02:00
57.051007667
9.922919667
0.81
nan
0.0
 
2019-05-12T18:44:31,623743367+02:00
57.0510075
9.9229205
0.9648
nan
0.0
 
2019-05-12T18:44:32,014329883+02:00
57.0510075
9.922923
1.4796
nan
71.41
 
2019-05-12T18:44:32,204794078+02:00
57.0510075
9.922924167
1.4364
nan
82.63
 
2019-05-12T18:44:32,405082651+02:00
57.051007333
9.922925667
1.6056
nan
90.97
 
2019-05-12T18:44:32,620396966+02:00
57.0510075
9.922927167
1.5588
nan
87.5
 
2019-05-12T18:44:33,008496946+02:00
57.051007667
9.922930167
1.6848
nan
85.92
 
2019-05-12T18:44:33,222729646+02:00
57.051007667
9.922931833
1.7064
nan
87.67
 
2019-05-12T18:44:33,602570949+02:00
57.051007667
9.922935833
2.5344
nan
89.58
 
2019-05-12T18:44:33,809495256+02:00
57.0510075
9.9229385
2.7612
nan
91.86
 
2019-05-12T18:44:34,021547496+02:00
57.051007167
9.922941833
3.5136
nan
97.14
 
2019-05-12T18:44:34,237782682+02:00
57.051006833
9.9229455
3.9888
nan
98.92
 
2019-05-12T18:44:34,427323574+02:00
57.051006833
9.922950167
4.86
nan
96.55
 
2019-05-12T18:44:34,812606704+02:00
57.0510075
9.922962
6.8724
nan
88.2
 
2019-05-12T18:44:35,008410224+02:00
57.0510085
9.922969667
8.172
nan
83.8
 
2019-05-12T18:44:35,214703479+02:00
57.051009667
9.922978333
9.3456
nan
80.73
 
2019-05-12T18:44:35,611676609+02:00
57.0510155
9.9229995
12.6216
nan
69.48
 
2019-05-12T18:44:36,016236429+02:00
57.0510235
9.923024333
15.3396
nan
63.8
 
2019-05-12T18:44:36,408299423+02:00
57.051031667
9.923051167
16.8012
nan
62.07
 
2019-05-12T18:44:36,813551430+02:00
57.051040833
9.923079667
17.8416
nan
61.51
 
2019-05-12T18:44:37,034669991+02:00
57.051046667
9.9230945
18.6084
nan
59.78
 
2019-05-12T18:44:37,408785059+02:00
57.0510605
9.923122667
18.882
nan
51.82
 
2019-05-12T18:44:37,619530498+02:00
57.051065667
9.9231365
18.7992
nan
51.77
 
2019-05-12T18:44:37,818874250+02:00
57.051070167
9.923149333
17.6544
nan
52.6
 
2019-05-12T18:44:38,403897365+02:00
57.05108
9.9231785
12.2328
nan
55.13
 
2019-05-12T18:44:38,604411530+02:00
57.0510825
9.9231855
10.5084
nan
54.97
 
2019-05-12T18:44:39,005472090+02:00
57.051087333
9.923198667
9.0972
nan
53.69
 
2019-05-12T18:44:39,202575652+02:00
57.051088
9.923203333
7.2756
nan
53.64
 
2019-05-12T18:44:39,423569376+02:00
57.051089
9.923207833
6.606
nan
54.77
 
2019-05-12T18:44:39,610846140+02:00
57.0510895
9.9232115
5.5224
nan
56.13
 
2019-05-12T18:44:39,814870237+02:00
57.051089667
9.9232145
4.6584
nan
58.68
 
2019-05-12T18:44:41,008944184+02:00
57.051092
9.92323
2.538
nan
76.99
 
2019-05-12T18:44:41,212653403+02:00
57.051091833
9.923231667
2.052
nan
82.34
 
2019-05-12T18:44:41,408519454+02:00
57.051091667
9.923232833
1.494
nan
88.14
 
2019-05-12T18:44:41,804268636+02:00
57.051091833
9.923234833
0.7524
nan
0.0
 
2019-05-12T18:44:42,036192252+02:00
57.051091667
9.923235
0.288
nan
0.0
 
2019-05-12T18:44:42,407984827+02:00
57.051092
9.923235167
0.144
nan
0.0
 
2019-05-12T18:44:42,616018755+02:00
57.051092
9.923234667
0.36
nan
0.0
 
2019-05-12T18:44:43,006768745+02:00
57.051092667
9.923233167
0.6696
nan
0.0
 
2019-05-12T18:44:43,205696234+02:00
57.051092667
9.9232325
0.7344
nan
0.0
 
2019-05-12T18:44:43,431652376+02:00
57.051092833
9.923231667
0.8064
nan
0.0
 
2019-05-12T18:44:43,815903033+02:00
57.051093
9.9232305
0.7884
nan
0.0
 
2019-05-12T18:44:44,208684668+02:00
57.051093
9.923229333
0.8568
nan
0.0
 
2019-05-12T18:44:44,405612208+02:00
57.051093333
9.923228667
0.5976
nan
0.0
 
2019-05-12T18:44:44,613131779+02:00
57.0510935
9.923228
0.7488
nan
0.0
 
2019-05-12T18:44:45,007609956+02:00
57.051093833
9.923226833
0.612
nan
0.0
 
2019-05-12T18:44:45,408690889+02:00
57.051093667
9.923225333
0.6444
nan
0.0
 
2019-05-12T18:44:45,625227816+02:00
57.051093333
9.923225
0.5652
nan
0.0
 
2019-05-12T18:44:45,807535365+02:00
57.051093333
9.923224667
0.5796
nan
0.0
 
2019-05-12T18:44:46,022668400+02:00
57.051093333
9.923224167
0.4824
nan
0.0
 
2019-05-12T18:44:46,399386040+02:00
57.051093333
9.923223167
0.702
nan
0.0
 
2019-05-12T18:44:46,601277878+02:00
57.051093
9.9232225
0.936
nan
0.0
 
2019-05-12T18:44:46,822179558+02:00
57.051092667
9.923221667
1.0836
nan
0.0
 
2019-05-12T18:44:47,031559598+02:00
57.0510925
9.923220833
1.1484
nan
145.92
 
2019-05-12T18:44:47,231619318+02:00
57.051092333
9.923220167
1.008
nan
0.0
 
2019-05-12T18:44:47,606346487+02:00
57.051093167
9.923218333
0.7632
nan
0.0
 
2019-05-12T18:44:47,809396693+02:00
57.051093167
9.923217833
0.5472
nan
0.0
 
2019-05-12T18:44:48,022945139+02:00
57.051093
9.9232175
0.3816
nan
0.0
 
2019-05-12T18:44:48,406620368+02:00
57.051093167
9.923217333
0.0576
nan
0.0
 
2019-05-12T18:44:48,620508751+02:00
57.0510935
9.923217167
0.252
nan
0.0
 
2019-05-12T18:44:49,006883483+02:00
57.051094167
9.923217
0.126
nan
0.0
 
2019-05-12T18:44:49,403788932+02:00
57.051094833
9.923216833
0.306
nan
0.0
 
2019-05-12T18:44:49,798594239+02:00
57.051095167
9.9232165
0.324
nan
0.0
 
2019-05-12T18:44:49,999173552+02:00
57.051095333
9.923216167
0.486
nan
0.0
 
2019-05-12T18:44:50,214991986+02:00
57.0510955
9.923215833
0.4644
nan
0.0
 
2019-05-12T18:44:50,406263877+02:00
57.051095833
9.9232155
0.5904
nan
0.0
 
2019-05-12T18:44:50,601628653+02:00
57.051096
9.923215333
0.3528
nan
0.0
 
2019-05-12T18:44:50,804933229+02:00
57.051095833
9.923215
0.2988
nan
0.0
 
2019-05-12T18:44:51,196784847+02:00
57.051096333
9.923215
0.162
nan
0.0
 
2019-05-12T18:44:51,400103490+02:00
57.051096667
9.923214833
0.3168
nan
0.0
 
2019-05-12T18:44:51,610114501+02:00
57.051097167
9.9232155
0.3924
nan
0.0
 
2019-05-12T18:44:51,803705045+02:00
57.051097333
9.923216
0.4608
nan
0.0
 
2019-05-12T18:44:52,011726511+02:00
57.051097667
9.923216667
0.6192
nan
0.0
 
2019-05-12T18:44:52,398231959+02:00
57.051098167
9.923218
0.756
nan
0.0
 
2019-05-12T18:44:52,606490204+02:00
57.0510985
9.923218167
0.54
nan
0.0
 
2019-05-12T18:44:52,798504293+02:00
57.051098667
9.9232185
0.4536
nan
0.0
 
2019-05-12T18:44:53,010947429+02:00
57.051098833
9.923218833
0.252
nan
0.0
 
2019-05-12T18:44:53,404778577+02:00
57.0510995
9.923218333
0.2232
nan
0.0
 
2019-05-12T18:44:53,602310141+02:00
57.0511
9.923218167
0.0648
nan
0.0
 
2019-05-12T18:44:54,001311548+02:00
57.051100333
9.923218
0.2952
nan
0.0
 
2019-05-12T18:44:54,200171988+02:00
57.0511005
9.923217833
0.1008
nan
0.0
 
2019-05-12T18:44:54,603242656+02:00
57.051099833
9.923218167
0.6696
nan
0.0
 
2019-05-12T18:44:54,797582790+02:00
57.051099833
9.923217833
0.5292
nan
0.0
 
2019-05-12T18:44:55,027761053+02:00
57.0511
9.923217833
0.1512
nan
0.0
 
2019-05-12T18:44:55,409376484+02:00
57.051100333
9.923217167
0.198
nan
0.0
 
2019-05-12T18:44:55,600541305+02:00
57.0511005
9.923217
0.1764
nan
0.0
 
2019-05-12T18:44:56,008872314+02:00
57.051100667
9.923216833
0.1656
nan
0.0
 
2019-05-12T18:44:56,205878845+02:00
57.051100833
9.9232165
0.0936
nan
0.0
 
2019-05-12T18:44:56,435028933+02:00
57.051101167
9.923216167
0.3492
nan
0.0
 
2019-05-12T18:44:56,800720611+02:00
57.051101667
9.923216167
0.36
nan
0.0
 
2019-05-12T18:44:57,010389063+02:00
57.051101667
9.923216167
0.144
nan
0.0
 
2019-05-12T18:44:57,199430510+02:00
57.051102
9.923216333
0.5904
nan
0.0
 
2019-05-12T18:44:57,598624347+02:00
57.051102167
9.9232165
0.126
nan
0.0
 
2019-05-12T18:44:57,800607546+02:00
57.051102167
9.923216
0.27
nan
0.0
 
2019-05-12T18:44:58,024620605+02:00
57.051102333
9.923215833
0.1656
nan
0.0
 
2019-05-12T18:44:58,220167906+02:00
57.051102333
9.923215333
0.4032
nan
0.0
 
2019-05-12T18:44:58,414630656+02:00
57.051102167
9.923215333
0.3636
nan
0.0
 
2019-05-12T18:44:58,796996519+02:00
57.051102333
9.923214667
0.2232
nan
0.0
 
2019-05-12T18:44:59,000197455+02:00
57.051102333
9.923214333
0.2952
nan
0.0
 
2019-05-12T18:44:59,208069196+02:00
57.051102333
9.923214333
0.036
nan
0.0
 
2019-05-12T18:44:59,599421540+02:00
57.0511025
9.923214167
0.0468
nan
0.0
 
2019-05-12T18:44:59,807750727+02:00
57.051102667
9.923214
0.27
nan
0.0
 
2019-05-12T18:45:00,208401746+02:00
57.051103
9.923214333
0.2196
nan
0.0
 
2019-05-12T18:45:00,409721063+02:00
57.051103333
9.923214333
0.1368
nan
0.0
 
2019-05-12T18:45:00,615166314+02:00
57.0511035
9.9232145
0.1332
nan
0.0
 
2019-05-12T18:45:01,011384329+02:00
57.051103667
9.923214833
0.2736
nan
0.0
 
2019-05-12T18:45:01,192531742+02:00
57.0511035
9.923215
0.6552
nan
0.0
 
2019-05-12T18:45:01,428159330+02:00
57.0511035
9.923214667
0.5184
nan
0.0
 
2019-05-12T18:45:01,605830952+02:00
57.051103333
9.923214667
0.5652
nan
0.0
 
2019-05-12T18:45:01,826975707+02:00
57.051103333
9.923214667
0.342
nan
0.0
 
2019-05-12T18:45:02,018725046+02:00
57.051103667
9.9232145
0.1368
nan
0.0
 
2019-05-12T18:45:02,400173817+02:00
57.0511045
9.9232135
0.7776
nan
0.0
 
2019-05-12T18:45:02,601158205+02:00
57.051104833
9.923213
0.5508
nan
0.0
 
2019-05-12T18:45:03,007517649+02:00
57.051105333
9.923212
0.5472
nan
0.0
 
2019-05-12T18:45:03,221749312+02:00
57.0511055
9.923211833
0.252
nan
0.0
 
2019-05-12T18:45:03,420458924+02:00
57.051105667
9.9232115
0.3924
nan
0.0
 
2019-05-12T18:45:03,799490324+02:00
57.051105667
9.923210667
0.5436
nan
0.0
 
2019-05-12T18:45:04,002918230+02:00
57.0511055
9.923210333
0.4644
nan
0.0
 
2019-05-12T18:45:04,210768701+02:00
57.051105333
9.923210167
0.6192
nan
0.0
 
2019-05-12T18:45:04,411165938+02:00
57.051105167
9.923209833
0.5688
nan
0.0
 
2019-05-12T18:45:04,804584978+02:00
57.051105833
9.9232095
0.1908
nan
0.0
 
2019-05-12T18:45:05,035444857+02:00
57.051106167
9.923209667
0.2232
nan
0.0
 
2019-05-12T18:45:05,396289651+02:00
57.051107
9.923209333
0.4104
nan
0.0
 
2019-05-12T18:45:05,613006762+02:00
57.051108167
9.923209833
1.0764
nan
0.0
 
2019-05-12T18:45:05,999515488+02:00
57.0511085
9.923210667
0.9396
nan
0.0
 
2019-05-12T18:45:06,212464811+02:00
57.051111
9.923211333
1.9476
nan
76.12
 
2019-05-12T18:45:06,597529305+02:00
57.051114167
9.923212833
2.0124
nan
32.75
 
2019-05-12T18:45:06,800635714+02:00
57.051115333
9.923213
1.5228
nan
24.01
 
2019-05-12T18:45:07,198351991+02:00
57.051117
9.923213667
0.9828
nan
0.0
 
2019-05-12T18:45:07,398290684+02:00
57.051117667
9.923213667
0.9144
nan
0.0
 
2019-05-12T18:45:07,603160014+02:00
57.051118333
9.923213
0.9072
nan
0.0
 
2019-05-12T18:45:07,822942507+02:00
57.051119
9.923212333
0.9252
nan
0.0
 
2019-05-12T18:45:08,199354962+02:00
57.05112
9.923211333
0.7596
nan
0.0
 
2019-05-12T18:45:08,599367633+02:00
57.051120833
9.923212167
0.0468
nan
0.0
 
2019-05-12T18:45:08,807328352+02:00
57.0511215
9.923212833
0.4428
nan
0.0
 
2019-05-12T18:45:09,200711480+02:00
57.0511225
9.9232145
0.576
nan
0.0
 
2019-05-12T18:45:09,396509764+02:00
57.051123
9.923214667
0.5508
nan
0.0
 
2019-05-12T18:45:09,603652001+02:00
57.051123
9.923214833
0.3132
nan
0.0
 
2019-05-12T18:45:10,010834666+02:00
57.051123667
9.9232155
0.1332
nan
0.0
 
2019-05-12T18:45:10,205456425+02:00
57.051124667
9.923215833
0.4716
nan
0.0
 
2019-05-12T18:45:10,420633265+02:00
57.051126
9.9232165
0.9216
nan
0.0
 
2019-05-12T18:45:10,794314455+02:00
57.0511285
9.923216667
1.2024
nan
0.0
 
2019-05-12T18:45:10,998962974+02:00
57.05113
9.923217167
1.1736
nan
0.0
 
2019-05-12T18:45:11,205676233+02:00
57.051131333
9.923218
1.4076
nan
0.0
 
2019-05-12T18:45:11,604904435+02:00
57.051134667
9.9232195
1.9728
nan
18.69
 
2019-05-12T18:45:11,807343841+02:00
57.051135833
9.92322
1.8
nan
15.88
 
2019-05-12T18:45:12,401360965+02:00
57.051139167
9.923221667
1.8756
nan
16.69
 
2019-05-12T18:45:12,600021166+02:00
57.05114
9.9232225
2.0772
nan
21.6
 
2019-05-12T18:45:13,196707271+02:00
57.051142667
9.9232235
1.5624
nan
15.61
 
2019-05-12T18:45:13,602507622+02:00
57.051142833
9.923223833
0.8892
nan
0.0
 
2019-05-12T18:45:13,800394495+02:00
57.051142167
9.923224
0.3996
nan
0.0
 
2019-05-12T18:45:14,006974392+02:00
57.051141667
9.923224167
0.2736
nan
0.0
 
2019-05-12T18:45:14,395655408+02:00
57.051141667
9.923224333
0.4104
nan
0.0
 
2019-05-12T18:45:14,600002082+02:00
57.051141833
9.923224667
0.4716
nan
0.0
 
2019-05-12T18:45:14,802062224+02:00
57.051142167
9.923225
0.7092
nan
0.0
 
2019-05-12T18:45:15,203713123+02:00
57.051142667
9.923226
0.9756
nan
0.0
 
2019-05-12T18:45:15,594656535+02:00
57.051143
9.9232275
1.0404
nan
0.0
 
2019-05-12T18:45:15,794049834+02:00
57.051143167
9.9232285
1.1232
nan
0.0
 
2019-05-12T18:45:16,004127818+02:00
57.051144
9.923228667
1.1808
nan
0.0
 
2019-05-12T18:45:16,195434448+02:00
57.051145333
9.923228833
1.656
nan
7.87
 
2019-05-12T18:45:16,597572772+02:00
57.051147
9.923228167
2.2104
nan
355.77
 
2019-05-12T18:45:16,795984440+02:00
57.0511475
9.9232275
2.1492
nan
352.37
 
2019-05-12T18:45:17,004924785+02:00
57.051148
9.923226833
2.1024
nan
350.97
 
2019-05-12T18:45:17,396027988+02:00
57.051148333
9.9232255
1.7424
nan
346.18
 
2019-05-12T18:45:17,801660052+02:00
57.051148667
9.923225
1.836
nan
355.3
 
2019-05-12T18:45:17,994390521+02:00
57.051148833
9.923224333
1.8468
nan
353.83
 
2019-05-12T18:45:18,196191152+02:00
57.051149167
9.923223833
1.8144
nan
350.47
 
2019-05-12T18:45:18,599619435+02:00
57.051149667
9.9232245
2.0844
nan
4.8
 
2019-05-12T18:45:18,796458974+02:00
57.051146833
9.923224833
1.6128
nan
21.23
 
2019-05-12T18:45:19,003559179+02:00
57.051145
9.9232255
1.8072
nan
46.38
 
2019-05-12T18:45:19,395750085+02:00
57.051143333
9.9232295
3.42
nan
66.34
 
2019-05-12T18:45:19,600750338+02:00
57.051142667
9.923233167
4.428
nan
69.38
 
2019-05-12T18:45:20,002341523+02:00
57.051143167
9.9232445
7.3332
nan
71.88
 
2019-05-12T18:45:20,219210228+02:00
57.051143667
9.923251833
8.73
nan
72.52
 
2019-05-12T18:45:20,399262315+02:00
57.0511445
9.9232605
9.8784
nan
73.07
 
2019-05-12T18:45:20,627919847+02:00
57.0511455
9.92327
10.7172
nan
73.81
 
2019-05-12T18:45:20,831259780+02:00
57.051147
9.92328
11.3436
nan
73.7
 
2019-05-12T18:45:21,203982017+02:00
57.0511495
9.9232995
11.4444
nan
73.89
 
2019-05-12T18:45:21,412131824+02:00
57.051151
9.923309333
11.4012
nan
73.04
 
2019-05-12T18:45:21,600415389+02:00
57.0511525
9.923319
11.3508
nan
73.19
 
2019-05-12T18:45:21,993872356+02:00
57.0511555
9.923338167
11.07
nan
72.34
 
2019-05-12T18:45:22,196170131+02:00
57.051157
9.923347833
11.2284
nan
72.48
 
2019-05-12T18:45:22,397904959+02:00
57.051158667
9.9233575
11.1168
nan
71.59
 
2019-05-12T18:45:22,615489825+02:00
57.05116
9.923367167
11.016
nan
71.84
 
2019-05-12T18:45:22,820538217+02:00
57.051161667
9.923377
11.106
nan
72.01
 
2019-05-12T18:45:23,012709052+02:00
57.051163
9.9233865
10.9656
nan
72.66
 
2019-05-12T18:45:23,202575020+02:00
57.0511645
9.923396333
11.0196
nan
72.45
 
2019-05-12T18:45:23,595893770+02:00
57.051167333
9.923416
10.9152
nan
73.43
 
2019-05-12T18:45:23,811815194+02:00
57.051169
9.9234255
10.8324
nan
73.11
 
2019-05-12T18:45:24,003279900+02:00
57.051170667
9.923435333
11.0808
nan
72.83
 
2019-05-12T18:45:24,401800831+02:00
57.0511735
9.923454833
10.926
nan
73.15
 
2019-05-12T18:45:24,596314162+02:00
57.051174833
9.9234645
10.7208
nan
72.92
 
2019-05-12T18:45:24,995210014+02:00
57.051177833
9.923483667
10.7316
nan
72.98
 
2019-05-12T18:45:25,195293074+02:00
57.051179167
9.923493
10.53
nan
73.25
 
2019-05-12T18:45:25,594493444+02:00
57.051182333
9.923512167
10.5336
nan
74.1
 
2019-05-12T18:45:25,796736617+02:00
57.051183667
9.923521333
10.3068
nan
74.74
 
2019-05-12T18:45:26,000325296+02:00
57.0511855
9.923530833
10.5552
nan
74.36
 
2019-05-12T18:45:26,399837855+02:00
57.051188167
9.923548667
10.368
nan
74.58
 
2019-05-12T18:45:26,605702286+02:00
57.051189167
9.923557833
10.4976
nan
74.55
 
2019-05-12T18:45:26,812604989+02:00
57.051190333
9.923566667
10.3896
nan
74.59
 
2019-05-12T18:45:27,000447829+02:00
57.051191333
9.923575667
10.4688
nan
74.61
 
2019-05-12T18:45:27,195744021+02:00
57.051192167
9.923584833
10.2564
nan
74.8
 
2019-05-12T18:45:27,412533583+02:00
57.0511935
9.923593833
10.4436
nan
74.29
 
2019-05-12T18:45:27,800887885+02:00
57.051196
9.923612333
10.53
nan
74.71
 
2019-05-12T18:45:27,994241441+02:00
57.051197
9.923621333
10.332
nan
75.38
 
2019-05-12T18:45:28,202854055+02:00
57.051198833
9.923630667
10.6524
nan
74.59
 
2019-05-12T18:45:28,393241721+02:00
57.0512
9.923639833
10.4832
nan
74.82
 
2019-05-12T18:45:28,594886000+02:00
57.051201667
9.923649333
10.5912
nan
74.57
 
2019-05-12T18:45:28,810842122+02:00
57.051202833
9.923658667
10.3968
nan
74.79
 
2019-05-12T18:45:29,196214198+02:00
57.051205667
9.9236775
10.5408
nan
74.62
 
2019-05-12T18:45:29,432930966+02:00
57.051207333
9.923687167
10.4796
nan
75.0
 
2019-05-12T18:45:29,802089183+02:00
57.051209833
9.9237065
10.7028
nan
75.12
 
2019-05-12T18:45:29,992067938+02:00
57.051211333
9.923716167
10.5912
nan
75.44
 
2019-05-12T18:45:30,202102905+02:00
57.051212667
9.923726167
10.8612
nan
75.53
 
2019-05-12T18:45:30,601160735+02:00
57.051215833
9.923746
10.5732
nan
75.4
 
2019-05-12T18:45:30,799245347+02:00
57.051217333
9.923756
10.7748
nan
75.44
 
2019-05-12T18:45:31,022356353+02:00
57.051218833
9.923765833
10.6884
nan
75.32
 
2019-05-12T18:45:31,217458278+02:00
57.051220167
9.923775333
10.62
nan
75.31
 
2019-05-12T18:45:31,392904035+02:00
57.051221167
9.923784833
10.602
nan
75.59
 
2019-05-12T18:45:31,595260939+02:00
57.051221833
9.923793833
10.3968
nan
75.88
 
2019-05-12T18:45:31,794872223+02:00
57.051223
9.9238025
10.0692
nan
75.47
 
2019-05-12T18:45:32,006996445+02:00
57.051224667
9.923811167
10.2888
nan
73.84
 
2019-05-12T18:45:32,389029721+02:00
57.051227167
9.923828333
10.1772
nan
73.19
 
2019-05-12T18:45:32,593777321+02:00
57.051228667
9.9238365
9.972
nan
73.15
 
2019-05-12T18:45:32,812215948+02:00
57.051230167
9.923844667
9.6876
nan
73.36
 
2019-05-12T18:45:33,202293809+02:00
57.051232167
9.923860333
9.1188
nan
74.47
 
2019-05-12T18:45:33,418242865+02:00
57.0512335
9.923868333
9.1512
nan
74.7
 
2019-05-12T18:45:33,612503266+02:00
57.051234667
9.9238765
9.3492
nan
74.91
 
2019-05-12T18:45:33,994746737+02:00
57.0512375
9.9238935
9.8604
nan
74.14
 
2019-05-12T18:45:34,203233724+02:00
57.051238667
9.923902667
10.1484
nan
75.36
 
2019-05-12T18:45:34,594791615+02:00
57.051242333
9.923922
10.8
nan
74.01
 
2019-05-12T18:45:34,806783324+02:00
57.051243833
9.923932333
11.3724
nan
73.81
 
2019-05-12T18:45:35,014246258+02:00
57.051245333
9.923942333
11.3652
nan
73.63
 
2019-05-12T18:45:35,196380440+02:00
57.051246667
9.9239525
11.322
nan
74.49
 
2019-05-12T18:45:35,396749555+02:00
57.051248333
9.923962667
11.358
nan
74.19
 
2019-05-12T18:45:35,603469622+02:00
57.0512495
9.923972667
11.2788
nan
74.7
 
2019-05-12T18:45:35,816488555+02:00
57.051250667
9.923982
10.9224
nan
75.2
 
2019-05-12T18:45:36,027139841+02:00
57.051252167
9.923991667
10.8324
nan
74.92
 
2019-05-12T18:45:36,609424173+02:00
57.0512555
9.924019333
10.5624
nan
74.97
 
2019-05-12T18:45:36,995589697+02:00
57.051257667
9.9240375
10.4184
nan
75.04
 
2019-05-12T18:45:37,401696665+02:00
57.051260833
9.924055667
10.5048
nan
73.81
 
2019-05-12T18:45:37,593281028+02:00
57.051262333
9.924065
10.5012
nan
73.43
 
2019-05-12T18:45:38,006654830+02:00
57.051264833
9.924083333
10.35
nan
74.05
 
2019-05-12T18:45:38,200412328+02:00
57.051266167
9.9240925
10.2672
nan
74.99
 
2019-05-12T18:45:38,389326291+02:00
57.051267333
9.9241015
10.17
nan
75.26
 
2019-05-12T18:45:38,601319950+02:00
57.051268333
9.924110667
10.2096
nan
76.38
 
2019-05-12T18:45:38,821635078+02:00
57.0512695
9.924119833
10.2672
nan
76.22
 
2019-05-12T18:45:39,198582303+02:00
57.051272
9.924138667
10.5228
nan
76.14
 
2019-05-12T18:45:39,427447956+02:00
57.051273333
9.924148167
10.422
nan
76.36
 
2019-05-12T18:45:39,596854282+02:00
57.0512745
9.924157333
10.5624
nan
75.95
 
2019-05-12T18:45:39,799613369+02:00
57.051275667
9.924167
10.7244
nan
75.96
 
2019-05-12T18:45:39,991958715+02:00
57.051276833
9.924176333
10.5804
nan
75.99
 
2019-05-12T18:45:40,195644087+02:00
57.051278333
9.924186
10.7388
nan
75.39
 
2019-05-12T18:45:40,594484671+02:00
57.051280833
9.924205167
10.6524
nan
74.96
 
2019-05-12T18:45:40,803905362+02:00
57.051282
9.9242145
10.5156
nan
75.16
 
2019-05-12T18:45:41,015184898+02:00
57.051283667
9.924223667
10.4688
nan
74.07
 
2019-05-12T18:45:42,206469313+02:00
57.0512925
9.924278
10.3104
nan
75.67
 
2019-05-12T18:45:42,391028389+02:00
57.051293833
9.924287
10.3248
nan
75.23
 
2019-05-12T18:45:42,607001648+02:00
57.0512945
9.924296333
10.4688
nan
75.94
 
2019-05-12T18:45:42,994845604+02:00
57.051296667
9.924314833
10.6092
nan
75.44
 
2019-05-12T18:45:43,194167535+02:00
57.0512975
9.924324
10.458
nan
75.52
 
2019-05-12T18:45:43,595687471+02:00
57.0512995
9.924341667
10.1808
nan
75.86
 
2019-05-12T18:45:43,802093399+02:00
57.0513005
9.924350833
10.224
nan
75.98
 
2019-05-12T18:45:44,018308261+02:00
57.051302
9.92436
10.386
nan
75.1
 
2019-05-12T18:45:44,392271130+02:00
57.051304833
9.924378333
10.4688
nan
74.26
 
2019-05-12T18:45:44,601287134+02:00
57.051306167
9.924387333
10.4364
nan
73.77
 
2019-05-12T18:45:44,790400798+02:00
57.0513075
9.924396333
10.4832
nan
73.03
 
2019-05-12T18:45:45,190345537+02:00
57.051309833
9.924414167
10.1988
nan
74.1
 
2019-05-12T18:45:45,403956929+02:00
57.051311
9.924423167
10.3536
nan
74.25
 
2019-05-12T18:45:45,604383190+02:00
57.051312333
9.924432
10.2636
nan
73.93
 
2019-05-12T18:45:45,988619305+02:00
57.051315167
9.92445
10.3248
nan
73.61
 
2019-05-12T18:45:46,193589375+02:00
57.0513165
9.924459
10.4076
nan
73.39
 
2019-05-12T18:45:46,426312464+02:00
57.051317667
9.924467833
10.314
nan
73.19
 
2019-05-12T18:45:46,593544817+02:00
57.051319333
9.924476667
10.2816
nan
72.48
 
2019-05-12T18:45:46,793218381+02:00
57.051320667
9.924485667
10.3572
nan
72.01
 
2019-05-12T18:45:47,003992661+02:00
57.051322167
9.924494833
10.35
nan
72.22
 
2019-05-12T18:45:47,198098620+02:00
57.051323167
9.924503833
10.1448
nan
73.35
 
2019-05-12T18:45:47,405845526+02:00
57.051324667
9.924513167
10.2276
nan
73.71
 
2019-05-12T18:45:47,795998772+02:00
57.051327167
9.9245315
10.2276
nan
75.26
 
2019-05-12T18:45:47,992200941+02:00
57.051328667
9.924540667
10.2096
nan
75.48
 
2019-05-12T18:45:48,204970104+02:00
57.05133
9.924549833
10.2312
nan
75.81
 
2019-05-12T18:45:48,391594418+02:00
57.0513315
9.924559333
10.4652
nan
75.31
 
2019-05-12T18:45:48,612232003+02:00
57.051332667
9.924569
10.44
nan
76.13
 
2019-05-12T18:45:48,830816653+02:00
57.051334333
9.9245785
10.5336
nan
74.89
 
2019-05-12T18:45:49,192483781+02:00
57.051336667
9.924597667
10.458
nan
75.76
 
2019-05-12T18:45:49,590240441+02:00
57.051339333
9.924617
10.5876
nan
75.19
 
2019-05-12T18:45:49,802692275+02:00
57.0513405
9.9246265
10.5624
nan
75.17
 
2019-05-12T18:45:50,196322956+02:00
57.051343167
9.9246455
10.6632
nan
74.54
 
2019-05-12T18:45:50,396043918+02:00
57.0513445
9.924654833
10.6632
nan
74.8
 
2019-05-12T18:45:50,611957829+02:00
57.051345667
9.924663833
10.4544
nan
75.38
 
2019-05-12T18:45:50,995624205+02:00
57.051349333
9.924682
10.5948
nan
73.78
 
2019-05-12T18:45:51,389634619+02:00
57.0513525
9.924699667
10.422
nan
74.3
 
2019-05-12T18:45:51,596621907+02:00
57.051354
9.924708667
10.4112
nan
74.22
 
2019-05-12T18:45:51,804994535+02:00
57.051354667
9.9247175
10.3644
nan
75.72
 
2019-05-12T18:45:52,197167744+02:00
57.0513565
9.924735667
10.404
nan
76.83
 
2019-05-12T18:45:52,393533420+02:00
57.051357667
9.924745
10.5516
nan
76.83
 
2019-05-12T18:45:52,594256347+02:00
57.051359167
9.924754833
10.8612
nan
76.84
 
2019-05-12T18:45:53,007634832+02:00
57.051361667
9.9247735
10.8936
nan
77.0
 
2019-05-12T18:45:53,195554886+02:00
57.051363
9.924783
11.0376
nan
76.55
 
2019-05-12T18:45:53,427745308+02:00
57.0513645
9.924792333
10.8432
nan
76.44
 
2019-05-12T18:45:53,796557099+02:00
57.051367
9.9248115
10.8936
nan
76.02
 
2019-05-12T18:45:53,992535633+02:00
57.051368
9.924820667
10.5876
nan
76.15
 
2019-05-12T18:45:54,197939493+02:00
57.051369333
9.92483
10.5408
nan
76.3
 
2019-05-12T18:45:54,391938155+02:00
57.051370667
9.9248395
10.818
nan
75.63
 
2019-05-12T18:45:54,800467421+02:00
57.051373667
9.924858
10.7784
nan
74.36
 
2019-05-12T18:45:54,998357575+02:00
57.051375167
9.9248675
10.7676
nan
74.15
 
2019-05-12T18:45:55,191572782+02:00
57.051376667
9.924877167
10.8
nan
74.49
 
2019-05-12T18:45:55,591302936+02:00
57.0513795
9.924896
10.7028
nan
75.51
 
2019-05-12T18:45:55,797132167+02:00
57.051380667
9.924905167
10.71
nan
75.33
 
2019-05-12T18:45:56,193174786+02:00
57.051383167
9.924923333
10.4904
nan
76.23
 
2019-05-12T18:45:56,407646394+02:00
57.051384
9.9249325
10.584
nan
76.98
 
2019-05-12T18:45:56,609707914+02:00
57.051385167
9.924941167
10.1844
nan
76.32
 
2019-05-12T18:45:57,003847943+02:00
57.051387
9.924959
10.1664
nan
76.32
 
2019-05-12T18:45:57,218613873+02:00
57.051387667
9.9249675
9.8892
nan
76.55
 
2019-05-12T18:45:57,588494585+02:00
57.051389667
9.924985667
10.2168
nan
75.58
 
2019-05-12T18:45:57,796373936+02:00
57.0513915
9.924995333
10.35
nan
74.96
 
2019-05-12T18:45:58,195902431+02:00
57.051393667
9.9250135
10.2636
nan
74.25
 
2019-05-12T18:45:58,389695876+02:00
57.051395
9.925022667
10.386
nan
74.42
 
2019-05-12T18:45:58,592017256+02:00
57.051396
9.925031667
10.2816
nan
74.35
 
2019-05-12T18:45:58,990325976+02:00
57.051398167
9.925049833
10.296
nan
75.02
 
2019-05-12T18:45:59,186926175+02:00
57.0513995
9.925059
10.242
nan
75.09
 
2019-05-12T18:45:59,396801358+02:00
57.051400833
9.925068
10.2672
nan
74.44
 
2019-05-12T18:45:59,591711022+02:00
57.051402
9.925077333
10.2348
nan
74.46
 
2019-05-12T18:45:59,795167107+02:00
57.051402833
9.925086167
10.0296
nan
75.17
 
2019-05-12T18:45:59,988307997+02:00
57.051404167
9.925095333
10.3464
nan
73.71
 
2019-05-12T18:46:00,208086498+02:00
57.051405167
9.925104333
10.098
nan
73.84
 
2019-05-12T18:46:00,599916723+02:00
57.051408167
9.9251225
10.2924
nan
74.07
 
2019-05-12T18:46:00,788194211+02:00
57.051409833
9.925131833
10.1556
nan
74.29
 
2019-05-12T18:46:01,007406196+02:00
57.051411
9.925140833
10.26
nan
74.6
 
2019-05-12T18:46:01,392340254+02:00
57.051413167
9.9251585
10.3932
nan
74.86
 
2019-05-12T18:46:01,597883576+02:00
57.051414333
9.925167333
10.2708
nan
74.58
 
2019-05-12T18:46:01,815326506+02:00
57.051415833
9.925176333
10.5084
nan
73.84
 
2019-05-12T18:46:01,988131501+02:00
57.051417333
9.925185333
10.404
nan
73.11
 
2019-05-12T18:46:02,189494816+02:00
57.051418667
9.925194667
10.566
nan
73.06
 
2019-05-12T18:46:02,388805620+02:00
57.051419667
9.925204
10.5624
nan
74.19
 
2019-05-12T18:46:02,609305352+02:00
57.051420667
9.925212833
10.3068
nan
74.61
 
2019-05-12T18:46:02,802833675+02:00
57.051421833
9.925222
10.4616
nan
74.19
 
2019-05-12T18:46:03,184805314+02:00
57.051423833
9.925240167
10.548
nan
74.73
 
2019-05-12T18:46:03,390480174+02:00
57.051425
9.925249167
10.5516
nan
74.64
 
2019-05-12T18:46:03,594104446+02:00
57.051426167
9.925258167
10.5012
nan
74.74
 
2019-05-12T18:46:03,798300231+02:00
57.051427167
9.925267167
10.4652
nan
74.76
 
2019-05-12T18:46:03,996817845+02:00
57.051428667
9.925276333
10.6308
nan
74.3
 
2019-05-12T18:46:04,212178771+02:00
57.0514295
9.925285667
10.6308
nan
75.15
 
2019-05-12T18:46:04,586004137+02:00
57.051432333
9.9253035
10.5048
nan
74.27
 
2019-05-12T18:46:04,796115236+02:00
57.051433333
9.925312667
10.5012
nan
74.36
 
2019-05-12T18:46:05,191803390+02:00
57.0514355
9.925330833
10.6596
nan
74.51
 
2019-05-12T18:46:05,388720534+02:00
57.051436333
9.925339667
10.4328
nan
74.96
 
2019-05-12T18:46:05,597831582+02:00
57.051437167
9.925349
10.6884
nan
75.72
 
2019-05-12T18:46:05,986801866+02:00
57.051439167
9.925367667
10.4364
nan
75.98
 
2019-05-12T18:46:06,199725937+02:00
57.051440167
9.925377
10.5336
nan
76.07
 
2019-05-12T18:46:06,588458701+02:00
57.051442833
9.925395333
10.6596
nan
75.03
 
2019-05-12T18:46:06,794688656+02:00
57.051444167
9.925404833
10.4364
nan
75.41
 
2019-05-12T18:46:06,992650674+02:00
57.0514455
9.925414167
10.5876
nan
75.49
 
2019-05-12T18:46:07,229271010+02:00
57.051446833
9.925423167
10.4796
nan
75.14
 
2019-05-12T18:46:07,587459256+02:00
57.051449833
9.9254415
10.4364
nan
75.71
 
2019-05-12T18:46:07,818350178+02:00
57.051451167
9.9254505
10.2744
nan
75.83
 
2019-05-12T18:46:08,197302781+02:00
57.0514535
9.925469
10.5084
nan
75.61
 
2019-05-12T18:46:08,388289663+02:00
57.051454667
9.925478
10.2996
nan
76.04
 
2019-05-12T18:46:08,617640271+02:00
57.0514555
9.925487167
10.4544
nan
75.77
 
2019-05-12T18:46:08,832844938+02:00
57.0514565
9.925496333
10.4508
nan
75.89
 
2019-05-12T18:46:09,023268460+02:00
57.051458167
9.925505333
10.4112
nan
75.65
 
2019-05-12T18:46:09,388997273+02:00
57.051460833
9.925523667
10.4652
nan
75.25
 
2019-05-12T18:46:09,587119598+02:00
57.051462333
9.925532833
10.5228
nan
75.3
 
2019-05-12T18:46:09,790257218+02:00
57.051464
9.925542
10.458
nan
75.38
 
2019-05-12T18:46:10,192105171+02:00
57.051467
9.9255605
10.4976
nan
74.57
 
2019-05-12T18:46:10,391018271+02:00
57.0514685
9.925569667
10.4652
nan
74.51
 
2019-05-12T18:46:10,604310790+02:00
57.051470167
9.925579
10.5552
nan
74.74
 
2019-05-12T18:46:10,838682615+02:00
57.051471833
9.925588333
10.584
nan
75.73
 
2019-05-12T18:46:11,202707920+02:00
57.051475333
9.925607
10.4832
nan
75.42
 
2019-05-12T18:46:11,610211979+02:00
57.051478333
9.925625833
10.6848
nan
75.02
 
2019-05-12T18:46:12,002290382+02:00
57.051481167
9.9256445
10.6704
nan
75.44
 
2019-05-12T18:46:12,229897372+02:00
57.051482667
9.925653667
10.5264
nan
75.45
 
2019-05-12T18:46:12,594515912+02:00
57.051485667
9.925670833
9.4788
nan
74.82
 
2019-05-12T18:46:12,817555311+02:00
57.051487
9.925678667
8.9244
nan
74.61
 
2019-05-12T18:46:13,186079856+02:00
57.051489333
9.925691333
7.1964
nan
72.8
 
2019-05-12T18:46:13,395708516+02:00
57.051490333
9.9256965
6.246
nan
71.87
 
2019-05-12T18:46:13,792955576+02:00
57.051492333
9.925705167
4.8744
nan
70.67
 
2019-05-12T18:46:14,002867327+02:00
57.0514935
9.9257085
4.2984
nan
68.58
 
2019-05-12T18:46:14,391621763+02:00
57.051495167
9.925714667
3.6108
nan
70.27
 
2019-05-12T18:46:14,596143481+02:00
57.051495667
9.925717667
3.51
nan
71.98
 
2019-05-12T18:46:14,795387459+02:00
57.051495833
9.92572
2.7072
nan
72.63
 
2019-05-12T18:46:15,015345829+02:00
57.0514965
9.925722333
2.7828
nan
73.7
 
2019-05-12T18:46:15,398751181+02:00
57.0514975
9.925723
0.5544
nan
0.0
 
2019-05-12T18:46:15,796275648+02:00
57.051496667
9.925721833
0.828
nan
0.0
 
2019-05-12T18:46:16,027098601+02:00
57.051495667
9.925721333
0.9828
nan
0.0
 
2019-05-12T18:46:16,186420607+02:00
57.0514945
9.925721667
1.3248
nan
0.0
 
2019-05-12T18:46:16,396965116+02:00
57.051493
9.925723333
2.3832
nan
103.35
 
2019-05-12T18:46:16,586473658+02:00
57.051491833
9.925726
3.3156
nan
117.82
 
2019-05-12T18:46:16,790197444+02:00
57.051490167
9.9257305
4.8672
nan
117.49
 
2019-05-12T18:46:17,186946412+02:00
57.051485833
9.925744333
8.3016
nan
113.79
 
2019-05-12T18:46:17,597705885+02:00
57.0514805
9.925761833
10.9548
nan
113.52
 
2019-05-12T18:46:17,794349026+02:00
57.051477667
9.925771667
11.9088
nan
113.16
 
2019-05-12T18:46:18,203108427+02:00
57.051472333
9.925790833
12.0744
nan
112.85
 
2019-05-12T18:46:18,389599061+02:00
57.05147
9.925800333
11.9088
nan
112.33
 
2019-05-12T18:46:18,611237623+02:00
57.051467333
9.925810167
11.8656
nan
111.91
 
2019-05-12T18:46:18,995186891+02:00
57.051462833
9.9258295
11.5272
nan
110.37
 
2019-05-12T18:46:19,193928853+02:00
57.0514605
9.9258385
11.2068
nan
109.54
 
2019-05-12T18:46:19,591131438+02:00
57.051455667
9.925857
11.142
nan
109.5
 
2019-05-12T18:46:19,985125915+02:00
57.051451
9.925875
10.7568
nan
109.8
 
2019-05-12T18:46:20,218232543+02:00
57.051449
9.925884
10.8432
nan
109.88
 
2019-05-12T18:46:20,597833853+02:00
57.051444333
9.925901167
10.4688
nan
111.15
 
2019-05-12T18:46:20,818685018+02:00
57.051442
9.925909667
10.3896
nan
111.7
 
2019-05-12T18:46:21,181972960+02:00
57.051437
9.925926833
10.4976
nan
111.43
 
2019-05-12T18:46:21,394211066+02:00
57.051434333
9.925935333
10.3752
nan
111.66
 
2019-05-12T18:46:21,801915345+02:00
57.0514295
9.925953
10.6056
nan
111.96
 
2019-05-12T18:46:21,996653928+02:00
57.0514275
9.9259615
10.3536
nan
111.91
 
2019-05-12T18:46:22,390363527+02:00
57.051422333
9.925978833
10.5192
nan
113.34
 
2019-05-12T18:46:22,594657994+02:00
57.051419833
9.925987833
10.5264
nan
113.91
 
2019-05-12T18:46:22,784339572+02:00
57.051417333
9.9259965
10.3068
nan
114.86
 
2019-05-12T18:46:22,994547755+02:00
57.051415
9.926005333
10.296
nan
114.76
 
2019-05-12T18:46:23,191688979+02:00
57.051412333
9.926013833
10.2204
nan
115.45
 
2019-05-12T18:46:23,416057789+02:00
57.051409833
9.9260225
10.1952
nan
115.43
 
2019-05-12T18:46:23,590534668+02:00
57.051407333
9.926031167
10.2564
nan
115.55
 
2019-05-12T18:46:23,793002524+02:00
57.051404667
9.926040167
10.044
nan
115.2
 
2019-05-12T18:46:23,989365885+02:00
57.051402167
9.926048667
9.9864
nan
115.31
 
2019-05-12T18:46:24,197419129+02:00
57.051399833
9.926057167
10.1448
nan
115.3
 
2019-05-12T18:46:24,595786890+02:00
57.051395167
9.926073167
10.0404
nan
116.59
 
2019-05-12T18:46:24,791225964+02:00
57.051392833
9.926081833
10.3032
nan
117.01
 
2019-05-12T18:46:25,014650164+02:00
57.05139
9.926090167
10.206
nan
117.28
 
2019-05-12T18:46:25,388225605+02:00
57.051385167
9.9261065
10.4148
nan
116.09
 
2019-05-12T18:46:25,600819601+02:00
57.051383
9.926115
10.4688
nan
115.4
 
2019-05-12T18:46:25,789921866+02:00
57.051380667
9.926124
10.728
nan
114.45
 
2019-05-12T18:46:25,988020997+02:00
57.051378
9.926133167
10.5156
nan
114.96
 
2019-05-12T18:46:26,194007454+02:00
57.051375833
9.926142833
10.674
nan
113.41
 
2019-05-12T18:46:26,388621880+02:00
57.051373
9.926152
10.5912
nan
114.14
 
2019-05-12T18:46:26,595539631+02:00
57.0513705
9.926160667
10.404
nan
113.56
 
2019-05-12T18:46:26,995145361+02:00
57.051365333
9.9261775
10.2528
nan
113.69
 
2019-05-12T18:46:27,227457291+02:00
57.051363
9.926186
10.5012
nan
113.83
 
2019-05-12T18:46:27,399628126+02:00
57.0513605
9.926194167
10.206
nan
113.88
 
2019-05-12T18:46:27,587031471+02:00
57.051358167
9.9262025
10.1484
nan
114.09
 
2019-05-12T18:46:27,795340952+02:00
57.051355667
9.926210667
9.9756
nan
114.67
 
2019-05-12T18:46:28,006975854+02:00
57.0513535
9.926218667
10.008
nan
114.99
 
2019-05-12T18:46:28,386961343+02:00
57.051348667
9.926234667
10.0476
nan
115.8
 
2019-05-12T18:46:28,596829421+02:00
57.051346167
9.926242667
10.2636
nan
116.31
 
2019-05-12T18:46:28,785339588+02:00
57.051343833
9.926250667
10.1808
nan
115.8
 
2019-05-12T18:46:29,011950247+02:00
57.051341333
9.926258667
10.2024
nan
115.99
 
2019-05-12T18:46:29,385117108+02:00
57.051336167
9.926276333
10.818
nan
115.73
 
2019-05-12T18:46:29,784783560+02:00
57.051331333
9.926294667
10.8108
nan
114.49
 
2019-05-12T18:46:29,994192111+02:00
57.051328833
9.926304167
10.9584
nan
114.02
 
2019-05-12T18:46:30,391043032+02:00
57.051323833
9.9263225
10.9476
nan
114.53
 
2019-05-12T18:46:30,592228022+02:00
57.051321167
9.9263315
10.6524
nan
115.33
 
2019-05-12T18:46:30,788741873+02:00
57.051318833
9.926340833
10.8252
nan
115.07
 
2019-05-12T18:46:31,006743038+02:00
57.0513165
9.92635
10.71
nan
115.38
 
2019-05-12T18:46:31,190379240+02:00
57.051314167
9.926359333
10.6524
nan
114.82
 
2019-05-12T18:46:31,399111681+02:00
57.051311833
9.926368667
10.7496
nan
114.39
 
2019-05-12T18:46:31,607235518+02:00
57.0513095
9.926378
10.7496
nan
114.5
 
2019-05-12T18:46:31,991245512+02:00
57.051305167
9.926397333
10.7604
nan
113.0
 
2019-05-12T18:46:32,193535097+02:00
57.051302833
9.9264065
10.5516
nan
113.26
 
2019-05-12T18:46:32,589136015+02:00
57.0512985
9.926425
10.8288
nan
112.39
 
2019-05-12T18:46:32,788787902+02:00
57.051296333
9.926434
10.4688
nan
112.23
 
2019-05-12T18:46:33,186824769+02:00
57.0512915
9.926451667
10.6272
nan
114.39
 
2019-05-12T18:46:33,398355538+02:00
57.051289
9.9264605
10.4796
nan
114.79
 
2019-05-12T18:46:33,589936908+02:00
57.051286667
9.9264695
10.3968
nan
114.63
 
2019-05-12T18:46:33,793156403+02:00
57.051284333
9.926478167
10.2672
nan
115.22
 
2019-05-12T18:46:34,016656365+02:00
57.051281833
9.926487167
10.4148
nan
115.27
 
2019-05-12T18:46:34,224458564+02:00
57.051279333
9.926496167
10.4472
nan
116.21
 
2019-05-12T18:46:34,589708381+02:00
57.051274667
9.926513
10.1772
nan
115.7
 
2019-05-12T18:46:34,812118994+02:00
57.051272333
9.926521667
10.0764
nan
116.08
 
2019-05-12T18:46:35,012811157+02:00
57.05127
9.926530667
10.2924
nan
115.93
 
2019-05-12T18:46:35,388098223+02:00
57.051265167
9.926548
10.3932
nan
115.22
 
2019-05-12T18:46:35,587417404+02:00
57.051263
9.926556
10.494
nan
115.04
 
2019-05-12T18:46:35,837377867+02:00
57.051260667
9.926564167
10.2744
nan
114.75
 
2019-05-12T18:46:36,196249670+02:00
57.051256333
9.926581167
10.4256
nan
114.66
 
2019-05-12T18:46:36,586940346+02:00
57.051252167
9.926598333
10.4436
nan
114.43
 
2019-05-12T18:46:36,794565560+02:00
57.051249833
9.926606833
10.4364
nan
114.76
 
2019-05-12T18:46:36,999448136+02:00
57.051247833
9.9266155
10.332
nan
114.04
 
2019-05-12T18:46:37,384526308+02:00
57.051243167
9.926632667
10.4904
nan
113.73
 
2019-05-12T18:46:37,602342466+02:00
57.051240833
9.926641167
10.4292
nan
113.87
 
2019-05-12T18:46:37,784829049+02:00
57.051238667
9.926649833
10.314
nan
112.94
 
2019-05-12T18:46:37,993400101+02:00
57.051236333
9.926658333
10.3968
nan
113.11
 
2019-05-12T18:46:38,198191164+02:00
57.051234167
9.926667
10.422
nan
112.54
 
2019-05-12T18:46:38,415536589+02:00
57.051231833
9.926675667
10.3716
nan
113.59
 
2019-05-12T18:46:38,603650697+02:00
57.051229667
9.926684333
10.3608
nan
113.59
 
2019-05-12T18:46:39,010995144+02:00
57.051224667
9.926701667
10.5444
nan
115.17
 
2019-05-12T18:46:39,390289906+02:00
57.0512195
9.926719167
10.4436
nan
116.18
 
2019-05-12T18:46:39,792192682+02:00
57.0512145
9.9267365
10.4184
nan
115.31
 
2019-05-12T18:46:40,019911919+02:00
57.051212167
9.926745167
10.3284
nan
114.8
 
2019-05-12T18:46:40,390978757+02:00
57.051207667
9.9267625
10.35
nan
113.98
 
2019-05-12T18:46:40,593182903+02:00
57.0512055
9.926770833
10.1052
nan
114.5
 
2019-05-12T18:46:40,992533048+02:00
57.051200667
9.926787667
10.2996
nan
116.08
 
2019-05-12T18:46:41,193460855+02:00
57.051198167
9.926796333
10.476
nan
116.04
 
2019-05-12T18:46:41,590215411+02:00
57.051193667
9.926813667
10.6344
nan
115.82
 
2019-05-12T18:46:41,800439160+02:00
57.051191333
9.9268225
10.8
nan
115.55
 
2019-05-12T18:46:41,986833046+02:00
57.051188833
9.926831167
10.7244
nan
115.16
 
2019-05-12T18:46:42,391381861+02:00
57.051184333
9.926849
10.656
nan
113.46
 
2019-05-12T18:46:42,592390287+02:00
57.051182167
9.9268575
10.4148
nan
112.79
 
2019-05-12T18:46:42,822332493+02:00
57.051180167
9.926866667
10.7136
nan
111.54
 
2019-05-12T18:46:43,198127930+02:00
57.0511755
9.926884
10.2564
nan
111.38
 
2019-05-12T18:46:44,386640037+02:00
57.05116
9.926935
10.494
nan
117.62
 
2019-05-12T18:46:44,596504715+02:00
57.051157333
9.926943
10.3572
nan
118.22
 
2019-05-12T18:46:44,790290074+02:00
57.051155
9.9269515
10.4256
nan
117.13
 
2019-05-12T18:46:45,021902221+02:00
57.0511525
9.9269595
10.242
nan
116.63
 
2019-05-12T18:46:45,216748217+02:00
57.051150167
9.926968
10.4724
nan
116.26
 
2019-05-12T18:46:45,594900411+02:00
57.051145167
9.926985
10.404
nan
115.93
 
2019-05-12T18:46:45,986399272+02:00
57.051140667
9.9270025
10.6056
nan
115.59
 
2019-05-12T18:46:46,198013675+02:00
57.0511385
9.927011333
10.5336
nan
115.43
 
2019-05-12T18:46:46,406540894+02:00
57.051136
9.92702
10.5552
nan
114.69
 
2019-05-12T18:46:46,786440387+02:00
57.051131333
9.927037667
10.4832
nan
113.72
 
2019-05-12T18:46:46,999289449+02:00
57.051129
9.927046667
10.656
nan
113.74
 
2019-05-12T18:46:47,385755416+02:00
57.0511245
9.927065167
10.8468
nan
114.36
 
2019-05-12T18:46:47,582872815+02:00
57.051122167
9.927074
10.5984
nan
114.64
 
2019-05-12T18:46:47,994446309+02:00
57.051117
9.927092333
10.6704
nan
115.35
 
2019-05-12T18:46:48,196161511+02:00
57.0511145
9.927102
10.9764
nan
115.27
 
2019-05-12T18:46:48,394673503+02:00
57.051112167
9.9271115
10.8144
nan
114.63
 
2019-05-12T18:46:48,618664451+02:00
57.051109667
9.927121333
11.07
nan
113.92
 
2019-05-12T18:46:49,003165626+02:00
57.051104833
9.927140833
10.9548
nan
112.82
 
2019-05-12T18:46:49,392994069+02:00
57.051099833
9.9271595
10.638
nan
113.32
 
2019-05-12T18:46:49,586272718+02:00
57.0510975
9.927168833
10.7748
nan
113.15
 
2019-05-12T18:46:49,841736300+02:00
57.051095167
9.9271775
10.3248
nan
113.28
 
2019-05-12T18:46:50,185546136+02:00
57.051090833
9.9271955
10.4328
nan
113.43
 
2019-05-12T18:46:50,384477255+02:00
57.0510885
9.927204167
10.3752
nan
114.04
 
2019-05-12T18:46:50,606580478+02:00
57.051086
9.927212833
10.2816
nan
114.03
 
2019-05-12T18:46:50,995081712+02:00
57.0510815
9.927229833
10.1268
nan
115.11
 
2019-05-12T18:46:51,202693977+02:00
57.051079167
9.927238167
10.0584
nan
116.07
 
2019-05-12T18:46:51,422824348+02:00
57.051076833
9.9272465
10.0728
nan
116.01
 
2019-05-12T18:46:51,605681083+02:00
57.0510745
9.927254833
10.1736
nan
115.93
 
2019-05-12T18:46:51,801746728+02:00
57.051072167
9.927263167
10.1664
nan
116.05
 
2019-05-12T18:46:52,041754374+02:00
57.05107
9.9272715
10.1592
nan
115.63
 
2019-05-12T18:46:52,384574099+02:00
57.051065833
9.9272875
10.0368
nan
115.41
 
2019-05-12T18:46:52,596742752+02:00
57.051063667
9.927295667
10.116
nan
115.44
 
2019-05-12T18:46:52,804435027+02:00
57.051061667
9.927303667
9.8892
nan
114.72
 
2019-05-12T18:46:53,192021401+02:00
57.051057667
9.9273205
10.1304
nan
113.99
 
2019-05-12T18:46:53,392499495+02:00
57.051055833
9.927329167
10.2744
nan
113.04
 
2019-05-12T18:46:53,788577331+02:00
57.0510515
9.927346333
10.2816
nan
113.24
 
2019-05-12T18:46:53,989009493+02:00
57.051049167
9.927355
10.4184
nan
113.48
 
2019-05-12T18:46:54,197549308+02:00
57.051047167
9.927363833
10.548
nan
113.12
 
2019-05-12T18:46:54,408206548+02:00
57.051045167
9.927372333
10.2852
nan
113.33
 
2019-05-12T18:46:54,608928783+02:00
57.051043167
9.927380833
10.2096
nan
113.25
 
2019-05-12T18:46:54,807350963+02:00
57.051041
9.9273895
10.4256
nan
113.81
 
2019-05-12T18:46:54,997362230+02:00
57.051039167
9.927398
10.2024
nan
113.08
 
2019-05-12T18:46:55,187633550+02:00
57.051037167
9.9274065
10.296
nan
113.14
 
2019-05-12T18:46:55,411131851+02:00
57.051035
9.927415
10.332
nan
113.06
 
2019-05-12T18:46:55,627804180+02:00
57.051033
9.9274235
10.332
nan
112.97
 
2019-05-12T18:46:56,002346725+02:00
57.051028667
9.927441
10.4616
nan
112.91
 
2019-05-12T18:46:56,202000302+02:00
57.051026333
9.927450167
10.5948
nan
112.98
 
2019-05-12T18:46:56,395050566+02:00
57.051024167
9.927458833
10.3716
nan
112.63
 
2019-05-12T18:46:56,784618515+02:00
57.051019833
9.9274765
10.4292
nan
111.92
 
2019-05-12T18:46:56,989358787+02:00
57.051017833
9.927485
10.2816
nan
112.21
 
2019-05-12T18:46:57,212613159+02:00
57.051015833
9.927493833
10.5408
nan
111.77
 
2019-05-12T18:46:57,592336689+02:00
57.051011833
9.927511167
10.2528
nan
111.48
 
2019-05-12T18:46:57,785844502+02:00
57.051009667
9.927520167
10.6668
nan
111.67
 
2019-05-12T18:46:57,992894322+02:00
57.0510075
9.927528833
10.674
nan
112.05
 
2019-05-12T18:46:58,385262586+02:00
57.051003
9.927545333
10.2888
nan
113.07
 
2019-05-12T18:46:58,603554924+02:00
57.051000667
9.927553667
10.4832
nan
114.05
 
2019-05-12T18:46:58,989017153+02:00
57.050996333
9.927570667
10.2708
nan
114.15
 
2019-05-12T18:46:59,207532484+02:00
57.050994
9.9275795
10.3932
nan
114.28
 
2019-05-12T18:46:59,584633693+02:00
57.0509895
9.927596333
10.1232
nan
114.87
 
2019-05-12T18:46:59,786426881+02:00
57.050987167
9.927605
10.4256
nan
115.04
 
2019-05-12T18:47:00,004738173+02:00
57.050985
9.927613333
10.4004
nan
114.94
 
2019-05-12T18:47:00,398450520+02:00
57.0509805
9.92763
10.4184
nan
115.36
 
2019-05-12T18:47:00,618355056+02:00
57.050978167
9.927638833
10.5804
nan
115.86
 
2019-05-12T18:47:00,784212854+02:00
57.050975833
9.927647667
10.6344
nan
115.51
 
2019-05-12T18:47:00,997345242+02:00
57.050973667
9.9276565
10.7604
nan
115.13
 
2019-05-12T18:47:01,207560310+02:00
57.050971333
9.927665333
10.9584
nan
115.28
 
2019-05-12T18:47:01,389132913+02:00
57.050969167
9.927673667
10.422
nan
115.11
 
2019-05-12T18:47:01,793380464+02:00
57.050964667
9.927691333
10.5876
nan
114.45
 
2019-05-12T18:47:01,990357596+02:00
57.0509625
9.927699667
10.2312
nan
114.22
 
2019-05-12T18:47:02,386311974+02:00
57.050958
9.927716833
10.6776
nan
114.79
 
2019-05-12T18:47:02,583625082+02:00
57.050955833
9.927725333
10.296
nan
114.61
 
2019-05-12T18:47:02,798118600+02:00
57.0509535
9.927734167
10.3824
nan
114.41
 
2019-05-12T18:47:03,186453714+02:00
57.0509495
9.927751167
10.0476
nan
112.91
 
2019-05-12T18:47:03,382064508+02:00
57.050947167
9.927759667
10.206
nan
113.42
 
2019-05-12T18:47:03,787214368+02:00
57.050943333
9.9277765
10.134
nan
112.88
 
2019-05-12T18:47:04,006329829+02:00
57.050941167
9.927785
10.188
nan
113.59
 
2019-05-12T18:47:04,388745127+02:00
57.050937
9.927802
10.3896
nan
113.08
 
2019-05-12T18:47:04,607027071+02:00
57.050934833
9.927810667
10.3464
nan
112.85
 
2019-05-12T18:47:05,016857961+02:00
57.050930667
9.9278275
10.3716
nan
113.55
 
2019-05-12T18:47:05,183740242+02:00
57.050928333
9.927836
10.3536
nan
114.85
 
2019-05-12T18:47:05,416467715+02:00
57.050926167
9.9278445
10.3788
nan
115.63
 
2019-05-12T18:47:05,600808691+02:00
57.050923667
9.927852833
10.5156
nan
116.68
 
2019-05-12T18:47:05,804465312+02:00
57.050921333
9.927861167
10.2528
nan
116.76
 
2019-05-12T18:47:06,387705901+02:00
57.0509145
9.927887833
10.7064
nan
116.0
 
2019-05-12T18:47:06,613646132+02:00
57.050912333
9.927897
10.5444
nan
115.14
 
2019-05-12T18:47:06,811582915+02:00
57.050909833
9.927905833
10.3464
nan
115.28
 
2019-05-12T18:47:07,042251987+02:00
57.0509075
9.927915333
10.6848
nan
114.46
 
2019-05-12T18:47:07,390264799+02:00
57.050903
9.9279335
10.8144
nan
114.13
 
2019-05-12T18:47:07,593190902+02:00
57.050901
9.927941833
10.2348
nan
114.21
 
2019-05-12T18:47:07,822807096+02:00
57.050898833
9.927951
10.6488
nan
113.89
 
2019-05-12T18:47:08,198533371+02:00
57.0508945
9.9279685
10.4868
nan
113.78
 
2019-05-12T18:47:08,584116990+02:00
57.050890333
9.927985833
10.6776
nan
113.42
 
2019-05-12T18:47:08,783599409+02:00
57.050888
9.927994833
10.5768
nan
113.68
 
2019-05-12T18:47:08,997295013+02:00
57.050885833
9.9280035
10.5624
nan
113.88
 
2019-05-12T18:47:09,386986468+02:00
57.050881667
9.928021667
10.5588
nan
113.57
 
2019-05-12T18:47:09,590872836+02:00
57.0508795
9.928031167
10.62
nan
113.29
 
2019-05-12T18:47:09,811785769+02:00
57.0508775
9.928040667
10.6164
nan
113.22
 
2019-05-12T18:47:10,190330385+02:00
57.050873167
9.92806
10.71
nan
112.56
 
2019-05-12T18:47:10,389301979+02:00
57.050870833
9.928069333
10.602
nan
112.57
 
2019-05-12T18:47:10,614786058+02:00
57.050868667
9.928078667
10.7172
nan
113.01
 
2019-05-12T18:47:10,988215645+02:00
57.050864167
9.928097167
10.5948
nan
112.84
 
2019-05-12T18:47:11,208318816+02:00
57.050862
9.928106167
10.5264
nan
113.4
 
2019-05-12T18:47:11,586348250+02:00
57.050857667
9.928123667
10.6632
nan
113.72
 
2019-05-12T18:47:11,786917526+02:00
57.050855667
9.928132333
10.5984
nan
113.63
 
2019-05-12T18:47:12,026294462+02:00
57.050853667
9.928140833
10.4904
nan
113.17
 
2019-05-12T18:47:12,388699709+02:00
57.050849833
9.9281575
10.3932
nan
112.45
 
2019-05-12T18:47:12,599213552+02:00
57.050847833
9.928166333
10.7388
nan
111.82
 
2019-05-12T18:47:12,995546684+02:00
57.050843667
9.9281835
10.3788
nan
112.62
 
2019-05-12T18:47:13,201295420+02:00
57.0508415
9.928192167
10.1052
nan
113.26
 
2019-05-12T18:47:13,586277562+02:00
57.050837
9.928210667
10.1628
nan
114.62
 
2019-05-12T18:47:13,795584398+02:00
57.050834667
9.9282195
10.5696
nan
116.05
 
2019-05-12T18:47:14,007325785+02:00
57.050832333
9.928227667
10.4076
nan
116.48
 
2019-05-12T18:47:14,191541645+02:00
57.050829833
9.928236333
10.5408
nan
116.91
 
2019-05-12T18:47:14,587030732+02:00
57.050825
9.928253667
10.5048
nan
116.78
 
2019-05-12T18:47:14,785668537+02:00
57.050822833
9.928263167
10.8576
nan
115.47
 
2019-05-12T18:47:14,993439687+02:00
57.0508205
9.928272
10.6452
nan
115.27
 
2019-05-12T18:47:15,388450024+02:00
57.0508165
9.928289333
10.5228
nan
112.8
 
2019-05-12T18:47:15,586658489+02:00
57.0508145
9.9282975
10.602
nan
112.62
 
2019-05-12T18:47:15,989099880+02:00
57.050810667
9.9283145
10.5768
nan
111.81
 
2019-05-12T18:47:16,207273575+02:00
57.050808833
9.928322833
10.3212
nan
111.62
 
2019-05-12T18:47:16,590788983+02:00
57.050804667
9.928339167
10.2816
nan
112.19
 
2019-05-12T18:47:16,789611404+02:00
57.050802667
9.928347333
10.1808
nan
112.78
 
2019-05-12T18:47:17,189761306+02:00
57.0507985
9.928363833
10.2024
nan
113.64
 
2019-05-12T18:47:17,399366782+02:00
57.050796333
9.928372
10.1052
nan
113.95
 
2019-05-12T18:47:17,590738354+02:00
57.050794167
9.928380333
9.8748
nan
114.16
 
2019-05-12T18:47:17,987557924+02:00
57.05079
9.928397167
9.7704
nan
114.02
 
2019-05-12T18:47:18,201409882+02:00
57.050787833
9.928405667
9.648
nan
114.18
 
2019-05-12T18:47:18,420022614+02:00
57.0507855
9.928414333
9.9
nan
115.0
 
2019-05-12T18:47:18,793034987+02:00
57.050781
9.928431833
9.8964
nan
115.63
 
2019-05-12T18:47:18,986575893+02:00
57.050778667
9.928441
10.3104
nan
115.93
 
2019-05-12T18:47:19,181982803+02:00
57.050776167
9.928449833
10.3752
nan
116.11
 
2019-05-12T18:47:19,590359377+02:00
57.050771167
9.928467833
10.4724
nan
115.53
 
2019-05-12T18:47:19,785127629+02:00
57.050768667
9.928476667
10.584
nan
115.74
 
2019-05-12T18:47:19,991348575+02:00
57.050766333
9.928485333
10.7028
nan
115.81
 
2019-05-12T18:47:20,394629961+02:00
57.050760833
9.928502
10.5876
nan
117.75
 
2019-05-12T18:47:20,793564682+02:00
57.050755667
9.928518833
10.5444
nan
118.21
 
2019-05-12T18:47:21,012556818+02:00
57.050753333
9.928527333
10.5768
nan
116.93
 
2019-05-12T18:47:21,223590666+02:00
57.050750833
9.928535667
10.4076
nan
117.38
 
2019-05-12T18:47:21,581974885+02:00
57.050746
9.928553333
10.5948
nan
116.24
 
2019-05-12T18:47:21,783102636+02:00
57.0507435
9.928562333
10.5228
nan
116.04
 
2019-05-12T18:47:21,995105388+02:00
57.050741167
9.928571833
10.6812
nan
114.94
 
2019-05-12T18:47:22,214960587+02:00
57.050738833
9.928580833
10.6092
nan
115.16
 
2019-05-12T18:47:22,591172305+02:00
57.050734167
9.928598667
10.746
nan
114.13
 
2019-05-12T18:47:22,985854148+02:00
57.050729833
9.928616667
10.8252
nan
113.5
 
2019-05-12T18:47:23,186866278+02:00
57.050727667
9.9286255
10.6704
nan
113.51
 
2019-05-12T18:47:23,390223769+02:00
57.050725667
9.928634667
10.7604
nan
113.03
 
2019-05-12T18:47:23,581754084+02:00
57.0507235
9.928643167
10.6632
nan
113.42
 
2019-05-12T18:47:23,791039011+02:00
57.050721333
9.928651833
10.5624
nan
113.25
 
2019-05-12T18:47:23,991027887+02:00
57.050719333
9.9286605
10.3716
nan
113.23
 
2019-05-12T18:47:24,207711043+02:00
57.050717333
9.928669333
10.404
nan
112.87
 
2019-05-12T18:47:24,585674479+02:00
57.050713167
9.928686833
10.188
nan
112.56
 
2019-05-12T18:47:24,786021521+02:00
57.050711167
9.928695833
10.1952
nan
112.58
 
2019-05-12T18:47:25,025376872+02:00
57.050709
9.9287045
10.2924
nan
112.37
 
2019-05-12T18:47:25,395612677+02:00
57.050704667
9.928721833
10.44
nan
112.57
 
2019-05-12T18:47:25,602703902+02:00
57.0507025
9.928730333
10.2312
nan
112.93
 
2019-05-12T18:47:25,983892350+02:00
57.050698
9.928747167
10.5732
nan
114.2
 
2019-05-12T18:47:26,185633792+02:00
57.050695667
9.928755667
10.3752
nan
114.55
 
2019-05-12T18:47:26,590465203+02:00
57.050691167
9.928772833
10.2672
nan
115.57
 
2019-05-12T18:47:26,818223549+02:00
57.050688833
9.9287815
10.3104
nan
115.97
 
2019-05-12T18:47:27,005599932+02:00
57.0506865
9.928790333
10.4256
nan
115.93
 
2019-05-12T18:47:27,382916306+02:00
57.050682
9.928808
10.4184
nan
115.49
 
2019-05-12T18:47:27,586140246+02:00
57.050679667
9.9288165
10.2348
nan
115.88
 
2019-05-12T18:47:27,799798326+02:00
57.050677333
9.928824833
10.2384
nan
116.23
 
2019-05-12T18:47:28,019216989+02:00
57.050675
9.928832833
10.3428
nan
116.43
 
2019-05-12T18:47:28,388185068+02:00
57.050670333
9.928848833
10.1124
nan
116.87
 
2019-05-12T18:47:28,781933956+02:00
57.0506655
9.928865833
10.6524
nan
115.81
 
2019-05-12T18:47:29,000044073+02:00
57.050663333
9.928875
10.674
nan
114.76
 
2019-05-12T18:47:29,384283745+02:00
57.050659167
9.928892667
10.6452
nan
113.45
 
2019-05-12T18:47:29,611693079+02:00
57.050657167
9.9289015
10.62
nan
113.51
 
2019-05-12T18:47:29,986263822+02:00
57.050653
9.9289195
10.4652
nan
113.57
 
2019-05-12T18:47:30,207151371+02:00
57.050651
9.928928333
10.3752
nan
113.65
 
2019-05-12T18:47:30,419630669+02:00
57.050648833
9.928937
10.3068
nan
113.81
 
2019-05-12T18:47:30,613688146+02:00
57.050647
9.9289455
9.972
nan
113.28
 
2019-05-12T18:47:30,990779304+02:00
57.050642833
9.928962667
10.2276
nan
113.14
 
2019-05-12T18:47:31,391454042+02:00
57.050639
9.928979833
10.2852
nan
112.54
 
2019-05-12T18:47:31,788537344+02:00
57.050635
9.928998
10.4004
nan
111.71
 
2019-05-12T18:47:31,987603892+02:00
57.050633
9.929006833
10.3464
nan
112.22
 
2019-05-12T18:47:32,380932917+02:00
57.0506285
9.9290245
10.3248
nan
113.3
 
2019-05-12T18:47:32,585197792+02:00
57.050626167
9.929033167
10.3608
nan
113.95
 
2019-05-12T18:47:32,805339027+02:00
57.050624
9.929041833
10.2132
nan
114.07
 
2019-05-12T18:47:33,193506047+02:00
57.050619833
9.929059333
10.0044
nan
112.85
 
2019-05-12T18:47:33,390137889+02:00
57.050617667
9.929067667
9.9504
nan
112.61
 
2019-05-12T18:47:33,791732222+02:00
57.050613833
9.929084333
9.8676
nan
111.79
 
2019-05-12T18:47:33,985028156+02:00
57.050612
9.929093
9.9972
nan
112.06
 
2019-05-12T18:47:34,190346878+02:00
57.05061
9.929101167
9.9936
nan
112.6
 
2019-05-12T18:47:34,592332092+02:00
57.050605833
9.929117333
10.0512
nan
113.85
 
2019-05-12T18:47:34,802665560+02:00
57.0506035
9.9291255
10.2888
nan
114.98
 
2019-05-12T18:47:35,182418722+02:00
57.050599
9.929142
10.368
nan
115.75
 
2019-05-12T18:47:35,408627912+02:00
57.050596667
9.929150167
10.314
nan
116.5
 
2019-05-12T18:47:35,787828607+02:00
57.050592
9.9291675
10.6128
nan
116.32
 
2019-05-12T18:47:36,009792871+02:00
57.050589667
9.929176333
10.4148
nan
115.81
 
2019-05-12T18:47:36,586517602+02:00
57.050583167
9.929202167
10.4904
nan
115.29
 
2019-05-12T18:47:36,987838061+02:00
57.050578667
9.929219833
10.548
nan
115.98
 
2019-05-12T18:47:37,191707243+02:00
57.050576167
9.929228333
10.4004
nan
116.75
 
2019-05-12T18:47:37,586676978+02:00
57.050571333
9.9292455
10.314
nan
117.16
 
2019-05-12T18:47:37,782317500+02:00
57.050569
9.9292545
10.7856
nan
116.15
 
2019-05-12T18:47:37,988631213+02:00
57.0505665
9.929263
10.4832
nan
116.34
 
2019-05-12T18:47:38,382017302+02:00
57.050562
9.9292805
10.8396
nan
115.64
 
2019-05-12T18:47:38,587517691+02:00
57.0505595
9.929289333
10.6632
nan
116.09
 
2019-05-12T18:47:38,992097598+02:00
57.050554833
9.929307167
10.7964
nan
115.94
 
2019-05-12T18:47:39,221653882+02:00
57.050552333
9.929316167
10.7928
nan
116.43
 
2019-05-12T18:47:39,586687011+02:00
57.050547333
9.929334667
11.0664
nan
116.5
 
2019-05-12T18:47:39,824051278+02:00
57.050545
9.929344167
11.1744
nan
116.26
 
2019-05-12T18:47:39,991578858+02:00
57.050542333
9.929353
10.8072
nan
116.65
 
2019-05-12T18:47:40,382660187+02:00
57.050537833
9.929370667
10.7676
nan
115.69
 
2019-05-12T18:47:40,603529093+02:00
57.050535667
9.929379333
10.6776
nan
115.56
 
2019-05-12T18:47:40,792712832+02:00
57.050533833
9.929388
10.3284
nan
114.12
 
2019-05-12T18:47:41,021751171+02:00
57.050531833
9.929397
10.3752
nan
113.65
 
2019-05-12T18:47:41,385939067+02:00
57.050527667
9.929414833
10.3752
nan
113.41
 
2019-05-12T18:47:41,609214962+02:00
57.050525667
9.929424
10.5048
nan
113.39
 
2019-05-12T18:47:41,826309717+02:00
57.050523333
9.929433167
10.404
nan
113.81
 
2019-05-12T18:47:42,197224998+02:00
57.050518833
9.929451
10.3032
nan
114.73
 
2019-05-12T18:47:42,398233313+02:00
57.050516667
9.929460333
10.4472
nan
114.4
 
2019-05-12T18:47:42,582462075+02:00
57.0505145
9.929468833
10.17
nan
114.03
 
2019-05-12T18:47:42,793207972+02:00
57.0505125
9.929478
10.4184
nan
113.85
 
2019-05-12T18:47:42,984514840+02:00
57.0505105
9.929487167
10.44
nan
113.6
 
2019-05-12T18:47:43,192465704+02:00
57.0505085
9.9294965
10.3824
nan
113.19
 
2019-05-12T18:47:43,418387829+02:00
57.0505065
9.9295055
10.2852
nan
112.88
 
2019-05-12T18:47:43,620350884+02:00
57.050504333
9.929514667
10.4832
nan
113.18
 
2019-05-12T18:47:43,986884374+02:00
57.050500167
9.929533
10.5228
nan
112.25
 
2019-05-12T18:47:44,392006544+02:00
57.050496
9.929551
10.7784
nan
112.43
 
2019-05-12T18:47:44,610765913+02:00
57.050494
9.929559667
10.494
nan
112.27
 
2019-05-12T18:47:44,989735543+02:00
57.050490167
9.9295775
10.5876
nan
111.4
 
2019-05-12T18:47:46,194340606+02:00
57.050478167
9.929629167
10.368
nan
112.73
 
2019-05-12T18:47:46,392671595+02:00
57.050476167
9.929637667
10.2816
nan
112.9
 
2019-05-12T18:47:46,782663256+02:00
57.050471667
9.929654833
10.3032
nan
113.75
 
2019-05-12T18:47:47,008922517+02:00
57.050469167
9.929663
10.2528
nan
115.4
 
2019-05-12T18:47:47,382633001+02:00
57.0504645
9.929679833
10.296
nan
115.3
 
2019-05-12T18:47:47,587810972+02:00
57.050462167
9.929688167
10.2744
nan
115.94
 
2019-05-12T18:47:47,981336730+02:00
57.050457167
9.929705
10.4004
nan
116.51
 
2019-05-12T18:47:48,197004815+02:00
57.050454667
9.929713167
10.3788
nan
116.78
 
2019-05-12T18:47:48,387924750+02:00
57.050452167
9.9297215
10.2852
nan
116.83
 
2019-05-12T18:47:48,585867886+02:00
57.050449833
9.929729833
10.3644
nan
116.74
 
2019-05-12T18:47:48,990388418+02:00
57.050445
9.9297465
10.3464
nan
116.34
 
2019-05-12T18:47:49,211925426+02:00
57.0504425
9.929755167
10.494
nan
116.07
 
2019-05-12T18:47:49,606458571+02:00
57.050437833
9.929771833
10.5192
nan
115.84
 
2019-05-12T18:47:49,791373065+02:00
57.050435833
9.929780333
10.6128
nan
115.03
 
2019-05-12T18:47:49,997536516+02:00
57.050433667
9.929788833
10.6308
nan
115.22
 
2019-05-12T18:47:50,214373121+02:00
57.050431833
9.9297975
10.566
nan
114.58
 
2019-05-12T18:47:50,582356518+02:00
57.050427667
9.929814667
10.6056
nan
114.46
 
2019-05-12T18:47:50,986384074+02:00
57.050423833
9.9298315
10.458
nan
114.75
 
2019-05-12T18:47:51,404115752+02:00
57.050419833
9.9298485
10.5552
nan
113.96
 
2019-05-12T18:47:51,627263444+02:00
57.050417667
9.929857333
10.5228
nan
114.03
 
2019-05-12T18:47:51,985466028+02:00
57.050413667
9.929875
10.4328
nan
113.62
 
2019-05-12T18:47:52,186038120+02:00
57.050411667
9.929883667
10.5588
nan
113.9
 
2019-05-12T18:47:52,380125830+02:00
57.050409667
9.9298925
10.4472
nan
113.72
 
2019-05-12T18:47:52,609844687+02:00
57.050407667
9.9299015
10.4184
nan
113.69
 
2019-05-12T18:47:52,994302766+02:00
57.050403333
9.929918667
10.3392
nan
113.89
 
2019-05-12T18:47:53,385179871+02:00
57.050398833
9.929936
10.4976
nan
114.69
 
2019-05-12T18:47:53,610769511+02:00
57.050396667
9.929944833
10.6488
nan
114.88
 
2019-05-12T18:47:53,995352576+02:00
57.050392167
9.929961667
10.4544
nan
115.16
 
2019-05-12T18:47:54,207829737+02:00
57.05039
9.929970167
10.4868
nan
114.74
 
2019-05-12T18:47:54,582377934+02:00
57.050385833
9.929986833
10.3896
nan
114.48
 
2019-05-12T18:47:54,787896427+02:00
57.050383667
9.9299955
10.4904
nan
114.59
 
2019-05-12T18:47:54,985210451+02:00
57.0503815
9.930004167
10.3536
nan
114.69
 
2019-05-12T18:47:55,393304043+02:00
57.0503775
9.930021333
10.3536
nan
113.84
 
2019-05-12T18:47:55,597214146+02:00
57.050375667
9.930029833
10.3572
nan
113.79
 
2019-05-12T18:47:55,816923535+02:00
57.050373833
9.9300385
10.278
nan
113.41
 
2019-05-12T18:47:56,187092030+02:00
57.0503695
9.930056
10.4076
nan
114.14
 
2019-05-12T18:47:56,408910668+02:00
57.0503675
9.930064833
10.3572
nan
113.56
 
2019-05-12T18:47:56,782235708+02:00
57.050364
9.930082667
10.4112
nan
110.93
 
2019-05-12T18:47:56,995418142+02:00
57.050362667
9.930092
10.2996
nan
108.29
 
2019-05-12T18:47:57,387658212+02:00
57.050361
9.930110833
10.2636
nan
102.11
 
2019-05-12T18:47:57,581610072+02:00
57.050360667
9.930120667
10.5084
nan
98.45
 
2019-05-12T18:47:57,782531478+02:00
57.0503605
9.9301305
10.3536
nan
95.0
 
2019-05-12T18:47:58,186703956+02:00
57.0503615
9.930151167
10.944
nan
86.37
 
2019-05-12T18:47:58,384672887+02:00
57.0503625
9.930161167
10.7424
nan
81.93
 
2019-05-12T18:47:58,792860414+02:00
57.050365833
9.9301805
11.0412
nan
73.8
 
2019-05-12T18:47:59,006254063+02:00
57.050368
9.930189833
11.0664
nan
70.5
 
2019-05-12T18:47:59,388483751+02:00
57.050373167
9.930207333
10.9188
nan
63.31
 
2019-05-12T18:47:59,583839978+02:00
57.050376
9.930215667
10.764
nan
61.19
 
2019-05-12T18:47:59,780006371+02:00
57.050378667
9.9302245
11.0376
nan
60.89
 
2019-05-12T18:48:00,184977954+02:00
57.050384167
9.930241167
10.6344
nan
58.72
 
2019-05-12T18:48:00,398157468+02:00
57.050387167
9.9302495
10.6488
nan
57.71
 
2019-05-12T18:48:00,787696638+02:00
57.050393167
9.930264833
10.3536
nan
54.76
 
2019-05-12T18:48:01,008956994+02:00
57.050396333
9.930272167
10.53
nan
53.01
 
2019-05-12T18:48:01,407883708+02:00
57.0504035
9.930286333
10.4256
nan
47.94
 
2019-05-12T18:48:01,792024178+02:00
57.050411167
9.930299667
10.7676
nan
42.08
 
2019-05-12T18:48:02,008759729+02:00
57.050415333
9.930305667
10.728
nan
39.72
 
2019-05-12T18:48:02,220306160+02:00
57.05042
9.930310833
10.926
nan
35.72
 
2019-05-12T18:48:02,419846870+02:00
57.050424667
9.930315667
10.8
nan
32.77
 
2019-05-12T18:48:02,786908312+02:00
57.050434333
9.930323833
10.8648
nan
26.81
 
2019-05-12T18:48:03,001878125+02:00
57.050439333
9.930327
10.674
nan
23.69
 
2019-05-12T18:48:03,226321000+02:00
57.050444333
9.930329667
10.6092
nan
20.75
 
2019-05-12T18:48:03,581020704+02:00
57.050454167
9.930336
10.6092
nan
18.29
 
2019-05-12T18:48:03,782637793+02:00
57.050459
9.930339667
10.3428
nan
18.99
 
2019-05-12T18:48:03,991806859+02:00
57.050463833
9.9303425
10.4616
nan
18.12
 
2019-05-12T18:48:04,381663514+02:00
57.0504735
9.930349333
10.5804
nan
19.78
 
2019-05-12T18:48:04,590596606+02:00
57.050478167
9.930352833
10.3572
nan
20.12
 
2019-05-12T18:48:04,988641250+02:00
57.0504875
9.93036
10.1592
nan
21.07
 
2019-05-12T18:48:05,186991678+02:00
57.050492
9.9303635
10.0944
nan
21.76
 
2019-05-12T18:48:05,581617861+02:00
57.050501167
9.930370667
10.0152
nan
22.14
 
2019-05-12T18:48:05,789027575+02:00
57.050505833
9.930374167
10.0728
nan
23.05
 
2019-05-12T18:48:06,189667405+02:00
57.050515167
9.930381333
10.1052
nan
22.91
 
2019-05-12T18:48:06,599962952+02:00
57.0505245
9.930388667
10.2888
nan
24.09
 
2019-05-12T18:48:06,815061125+02:00
57.050529167
9.930392
10.2492
nan
22.93
 
2019-05-12T18:48:07,020700331+02:00
57.050534
9.930396
10.494
nan
22.47
 
2019-05-12T18:48:07,383466931+02:00
57.050543333
9.930404167
10.5552
nan
24.15
 
2019-05-12T18:48:07,585385988+02:00
57.050547833
9.930407833
10.4076
nan
23.78
 
2019-05-12T18:48:07,820018107+02:00
57.0505525
9.930411833
10.4076
nan
24.62
 
2019-05-12T18:48:08,202258521+02:00
57.050561667
9.930419667
10.332
nan
24.52
 
2019-05-12T18:48:08,399454262+02:00
57.050566167
9.9304235
10.17
nan
24.45
 
2019-05-12T18:48:08,588581105+02:00
57.050570833
9.930427833
10.422
nan
25.67
 
2019-05-12T18:48:08,813904970+02:00
57.050575333
9.9304315
10.2132
nan
24.86
 
2019-05-12T18:48:09,180631644+02:00
57.050584833
9.930438833
10.206
nan
24.29
 
2019-05-12T18:48:09,405530010+02:00
57.0505895
9.930442667
10.188
nan
24.48
 
2019-05-12T18:48:09,619155516+02:00
57.050594167
9.930446333
10.3356
nan
23.95
 
2019-05-12T18:48:09,808720658+02:00
57.050598833
9.9304505
10.368
nan
24.42
 
2019-05-12T18:48:10,195063154+02:00
57.050608167
9.930458
10.1376
nan
23.99
 
2019-05-12T18:48:10,587301138+02:00
57.050617167
9.9304655
10.0836
nan
23.63
 
2019-05-12T18:48:10,800745295+02:00
57.050621833
9.930469
10.26
nan
23.38
 
2019-05-12T18:48:11,191321564+02:00
57.0506315
9.930476167
10.3464
nan
23.46
 
2019-05-12T18:48:11,422551351+02:00
57.050636167
9.93048
10.2672
nan
23.93
 
2019-05-12T18:48:11,792038297+02:00
57.0506455
9.930487333
10.2384
nan
23.2
 
2019-05-12T18:48:11,986697206+02:00
57.050649833
9.930490833
10.026
nan
23.28
 
2019-05-12T18:48:12,191357250+02:00
57.050654333
9.930494333
10.1556
nan
23.76
 
2019-05-12T18:48:12,600556087+02:00
57.0506635
9.9305015
10.1556
nan
23.41
 
2019-05-12T18:48:12,793750145+02:00
57.0506685
9.930505167
10.1772
nan
24.71
 
2019-05-12T18:48:13,022500176+02:00
57.050673333
9.9305085
10.296
nan
24.14
 
2019-05-12T18:48:13,389264358+02:00
57.050682667
9.930516
10.4652
nan
25.48
 
2019-05-12T18:48:13,613208455+02:00
57.050687333
9.930519833
10.1736
nan
25.09
 
2019-05-12T18:48:13,991178439+02:00
57.0506965
9.930528
10.278
nan
24.82
 
2019-05-12T18:48:14,235601168+02:00
57.050701333
9.930531833
10.4328
nan
24.12
 
2019-05-12T18:48:14,594687857+02:00
57.0507105
9.930539
10.116
nan
23.11
 
2019-05-12T18:48:14,987949003+02:00
57.05072
9.930547333
10.4472
nan
24.28
 
2019-05-12T18:48:15,194729593+02:00
57.050724667
9.930551333
10.2456
nan
23.13
 
2019-05-12T18:48:15,595063041+02:00
57.050734167
9.930559167
10.2672
nan
22.74
 
2019-05-12T18:48:15,794159255+02:00
57.050739
9.930563
10.4184
nan
22.47
 
2019-05-12T18:48:16,187531264+02:00
57.0507485
9.9305715
10.584
nan
23.89
 
2019-05-12T18:48:16,387292886+02:00
57.050753333
9.9305755
10.6416
nan
23.84
 
2019-05-12T18:48:16,780737249+02:00
57.050762833
9.930582833
10.5876
nan
22.7
 
2019-05-12T18:48:16,991376468+02:00
57.0507675
9.930586167
10.4184
nan
22.21
 
2019-05-12T18:48:17,394506859+02:00
57.050776667
9.930593167
10.4508
nan
21.76
 
2019-05-12T18:48:17,589538527+02:00
57.0507815
9.9305965
10.566
nan
21.76
 
2019-05-12T18:48:17,794631501+02:00
57.050786333
9.9306
10.5228
nan
21.87
 
2019-05-12T18:48:18,195293754+02:00
57.050796
9.930606833
10.3788
nan
21.74
 
2019-05-12T18:48:18,399831997+02:00
57.050800833
9.930610333
10.5588
nan
22.35
 
2019-05-12T18:48:18,786634826+02:00
57.050810333
9.930617
10.4112
nan
22.02
 
2019-05-12T18:48:19,021430397+02:00
57.050815167
9.9306205
10.6596
nan
21.95
 
2019-05-12T18:48:19,387654776+02:00
57.0508245
9.9306275
10.4868
nan
22.3
 
2019-05-12T18:48:19,583544980+02:00
57.050829167
9.930631
10.5012
nan
22.94
 
2019-05-12T18:48:19,791744432+02:00
57.050833833
9.930635
10.422
nan
23.71
 
2019-05-12T18:48:19,986497764+02:00
57.0508385
9.930639
10.35
nan
24.9
 
2019-05-12T18:48:20,215539943+02:00
57.050843167
9.930643
10.3464
nan
25.83
 
2019-05-12T18:48:20,401912179+02:00
57.050847833
9.930646833
10.1124
nan
25.29
 
2019-05-12T18:48:20,621550041+02:00
57.050852333
9.930650667
10.0368
nan
25.05
 
2019-05-12T18:48:20,787935863+02:00
57.050857167
9.9306545
10.1232
nan
24.53
 
2019-05-12T18:48:21,183208537+02:00
57.050866333
9.930661667
10.0008
nan
24.48
 
2019-05-12T18:48:21,394330501+02:00
57.050870667
9.930665
9.9612
nan
24.61
 
2019-05-12T18:48:21,590677140+02:00
57.050875333
9.930668333
10.386
nan
24.15
 
2019-05-12T18:48:21,994448574+02:00
57.0508845
9.930675833
9.9396
nan
25.09
 
2019-05-12T18:48:22,389319252+02:00
57.0508935
9.930684167
10.0188
nan
25.48
 
2019-05-12T18:48:22,605725773+02:00
57.050898167
9.9306885
10.296
nan
25.22
 
2019-05-12T18:48:22,987745498+02:00
57.050907667
9.930696833
10.2132
nan
25.37
 
2019-05-12T18:48:23,192047851+02:00
57.0509125
9.930700833
10.5408
nan
26.01
 
2019-05-12T18:48:23,382476319+02:00
57.050917167
9.930704333
10.5336
nan
24.68
 
2019-05-12T18:48:23,595927021+02:00
57.050921667
9.930708333
10.224
nan
25.36
 
2019-05-12T18:48:23,801001222+02:00
57.050926333
9.930712333
10.4184
nan
25.51
 
2019-05-12T18:48:24,007619069+02:00
57.050931
9.930716
10.476
nan
24.49
 
2019-05-12T18:48:24,196536340+02:00
57.050935667
9.93072
10.278
nan
24.4
 
2019-05-12T18:48:24,589828661+02:00
57.050945
9.930727167
10.3248
nan
24.02
 
2019-05-12T18:48:24,985849399+02:00
57.050954
9.930734333
9.918
nan
23.16
 
2019-05-12T18:48:25,386496604+02:00
57.050963333
9.9307415
10.2816
nan
22.85
 
2019-05-12T18:48:25,807579315+02:00
57.0509725
9.9307495
10.296
nan
23.79
 
2019-05-12T18:48:25,990876940+02:00
57.050977
9.930753333
10.2852
nan
23.74
 
2019-05-12T18:48:26,188498948+02:00
57.0509815
9.930757167
9.99
nan
24.06
 
2019-05-12T18:48:26,586235458+02:00
57.050990333
9.930765
10.044
nan
24.72
 
2019-05-12T18:48:26,783875297+02:00
57.050994833
9.9307685
9.9648
nan
23.57
 
2019-05-12T18:48:26,995093600+02:00
57.050999333
9.930772333
9.9036
nan
23.63
 
2019-05-12T18:48:27,193364009+02:00
57.051003833
9.930776167
10.1088
nan
24.26
 
2019-05-12T18:48:27,403407346+02:00
57.051008333
9.9307795
9.99
nan
23.99
 
2019-05-12T18:48:27,635129272+02:00
57.051013167
9.930783
10.2204
nan
24.35
 
2019-05-12T18:48:27,988977044+02:00
57.051022167
9.930789167
10.1052
nan
23.07
 
2019-05-12T18:48:28,184222255+02:00
57.051026833
9.930791833
10.0116
nan
20.98
 
2019-05-12T18:48:28,416243825+02:00
57.051031667
9.930793667
9.9
nan
18.15
 
2019-05-12T18:48:28,783323384+02:00
57.0510415
9.930797
10.134
nan
12.54
 
2019-05-12T18:48:28,999845682+02:00
57.051046667
9.9307975
10.3356
nan
8.48
 
2019-05-12T18:48:29,202689791+02:00
57.051051833
9.930797833
10.5264
nan
4.88
 
2019-05-12T18:48:29,580107428+02:00
57.0510625
9.930795333
10.7136
nan
355.53
 
2019-05-12T18:48:29,812042701+02:00
57.051067667
9.9307935
10.8936
nan
351.81
 
2019-05-12T18:48:30,192771497+02:00
57.051077833
9.9307875
11.1348
nan
342.0
 
2019-05-12T18:48:30,388037111+02:00
57.051082833
9.9307835
11.34
nan
338.79
 
2019-05-12T18:48:30,784981113+02:00
57.051092833
9.930774833
11.2068
nan
334.73
 
2019-05-12T18:48:30,983966987+02:00
57.051098
9.930771
11.196
nan
334.68
 
2019-05-12T18:48:31,203628700+02:00
57.051102833
9.930766833
10.9548
nan
334.05
 
2019-05-12T18:48:31,591433366+02:00
57.0511125
9.930758333
10.8504
nan
332.73
 
2019-05-12T18:48:31,806695693+02:00
57.051116833
9.9307535
10.5948
nan
330.19
 
2019-05-12T18:48:32,023058060+02:00
57.051121167
9.930748333
10.5084
nan
328.2
 
2019-05-12T18:48:32,186810015+02:00
57.051125167
9.930742333
10.458
nan
324.05
 
2019-05-12T18:48:32,393579006+02:00
57.051129167
9.930736
10.6308
nan
320.69
 
2019-05-12T18:48:32,795530192+02:00
57.051136
9.930720167
10.7964
nan
311.51
 
2019-05-12T18:48:33,002950032+02:00
57.051139
9.930711667
10.818
nan
307.35
 
2019-05-12T18:48:33,204440434+02:00
57.0511415
9.930702667
11.052
nan
302.21
 
2019-05-12T18:48:33,583362856+02:00
57.051146167
9.930683667
11.5992
nan
294.44
 
2019-05-12T18:48:33,785778209+02:00
57.051148167
9.930675
11.1132
nan
293.15
 
2019-05-12T18:48:33,984981564+02:00
57.05115
9.9306655
11.3868
nan
290.58
 
2019-05-12T18:48:34,185617019+02:00
57.051151833
9.930656333
11.1528
nan
289.86
 
2019-05-12T18:48:34,388184258+02:00
57.051153667
9.930647
11.2716
nan
289.84
 
2019-05-12T18:48:34,583112946+02:00
57.051155333
9.930638167
10.9332
nan
289.81
 
2019-05-12T18:48:34,789828884+02:00
57.051157167
9.930629167
11.0484
nan
290.1
 
2019-05-12T18:48:35,187306929+02:00
57.051161
9.930611667
10.6956
nan
290.79
 
2019-05-12T18:48:35,406897032+02:00
57.051163
9.930602833
10.6596
nan
291.82
 
2019-05-12T18:48:35,594129964+02:00
57.051165
9.930594167
10.5732
nan
292.1
 
2019-05-12T18:48:36,001479442+02:00
57.051168667
9.930577167
10.314
nan
292.01
 
2019-05-12T18:48:36,381882659+02:00
57.051172333
9.930560333
10.2528
nan
292.14
 
2019-05-12T18:48:36,592926915+02:00
57.051174167
9.930552
10.296
nan
291.78
 
2019-05-12T18:48:36,793879094+02:00
57.051176167
9.930543333
10.4364
nan
293.0
 
2019-05-12T18:48:37,023253208+02:00
57.051178167
9.930536
10.26
nan
292.4
 
2019-05-12T18:48:37,184292033+02:00
57.0511805
9.930527667
10.4364
nan
293.29
 
2019-05-12T18:48:37,387332332+02:00
57.051182667
9.9305195
10.2384
nan
293.53
 
2019-05-12T18:48:37,783932988+02:00
57.051187167
9.930503
10.2672
nan
294.05
 
2019-05-12T18:48:37,998308996+02:00
57.051189333
9.930494833
10.2852
nan
294.71
 
2019-05-12T18:48:38,382372759+02:00
57.051194
9.930477833
10.5228
nan
295.92
 
2019-05-12T18:48:38,612298073+02:00
57.051196167
9.930469667
10.0368
nan
295.96
 
2019-05-12T18:48:38,795759569+02:00
57.0511985
9.930461
10.3428
nan
296.01
 
2019-05-12T18:48:39,017398935+02:00
57.051200833
9.930452167
10.5084
nan
296.24
 
2019-05-12T18:48:39,389188831+02:00
57.051205333
9.930435333
10.2348
nan
296.65
 
2019-05-12T18:48:39,594787877+02:00
57.051207333
9.930426833
10.1124
nan
296.05
 
2019-05-12T18:48:39,999312666+02:00
57.0512115
9.9304095
10.3068
nan
295.45
 
2019-05-12T18:48:40,210407687+02:00
57.051213667
9.930400833
10.2096
nan
295.77
 
2019-05-12T18:48:40,595517107+02:00
57.051218167
9.9303825
10.5588
nan
295.35
 
2019-05-12T18:48:40,809510923+02:00
57.0512205
9.930373667
10.476
nan
295.72
 
2019-05-12T18:48:41,024871288+02:00
57.051223
9.930364667
10.6488
nan
296.03
 
2019-05-12T18:48:41,396125429+02:00
57.051227833
9.930346833
10.6416
nan
296.67
 
2019-05-12T18:48:41,595290063+02:00
57.051230167
9.930337667
10.8792
nan
296.66
 
2019-05-12T18:48:41,790268735+02:00
57.0512325
9.930328333
11.0268
nan
296.26
 
2019-05-12T18:48:42,018301551+02:00
57.051234667
9.930319833
10.5192
nan
296.22
 
2019-05-12T18:48:42,225455850+02:00
57.051237333
9.930310833
10.9656
nan
296.8
 
2019-05-12T18:48:42,584816197+02:00
57.0512415
9.930292833
10.8072
nan
295.19
 
2019-05-12T18:48:42,782624478+02:00
57.0512435
9.930284
10.6416
nan
294.27
 
2019-05-12T18:48:43,183216489+02:00
57.0512475
9.930267
10.2096
nan
294.28
 
2019-05-12T18:48:43,386297419+02:00
57.051249667
9.930258667
10.26
nan
295.54
 
2019-05-12T18:48:43,790816900+02:00
57.051253833
9.930242
10.2528
nan
294.81
 
2019-05-12T18:48:43,989915907+02:00
57.051255833
9.930233667
10.1412
nan
295.48
 
2019-05-12T18:48:44,390364822+02:00
57.051260167
9.930217333
10.4328
nan
295.8
 
2019-05-12T18:48:44,586156280+02:00
57.051262333
9.930209833
10.0404
nan
296.21
 
2019-05-12T18:48:44,800847620+02:00
57.0512645
9.9302025
9.4932
nan
296.56
 
2019-05-12T18:48:45,190356727+02:00
57.051266833
9.930191333
6.4872
nan
294.22
 
2019-05-12T18:48:45,389455942+02:00
57.051267
9.930187667
4.4496
nan
291.53
 
2019-05-12T18:48:45,787693610+02:00
57.051266667
9.930184167
1.9044
nan
282.88
 
2019-05-12T18:48:45,981577079+02:00
57.051266167
9.930183333
1.26
nan
271.65
 
2019-05-12T18:48:46,188775387+02:00
57.051265667
9.930183333
0.936
nan
0.0
 
2019-05-12T18:48:46,586183566+02:00
57.0512645
9.930183833
1.0872
nan
0.0
 
2019-05-12T18:48:46,787133905+02:00
57.051264
9.930183833
1.0548
nan
0.0
 
2019-05-12T18:48:47,002561418+02:00
57.051263667
9.930184167
1.0368
nan
0.0
 
2019-05-12T18:48:48,029788083+02:00
57.0512605
9.930186333
2.556
nan
167.8
 
2019-05-12T18:48:48,406921983+02:00
57.051256
9.930185333
4.8528
nan
182.26
 
2019-05-12T18:48:48,790794987+02:00
57.051248667
9.930179333
8.2404
nan
199.76
 
2019-05-12T18:48:49,010340728+02:00
57.051244333
9.930173833
9.8028
nan
207.33
 
2019-05-12T18:48:49,388690501+02:00
57.051235833
9.930163167
9.8172
nan
212.99
 
2019-05-12T18:48:49,609900828+02:00
57.051232667
9.930159167
8.1828
nan
213.21
 
2019-05-12T18:48:49,792334564+02:00
57.051230333
9.930156333
6.1956
nan
211.64
 
2019-05-12T18:48:50,185374815+02:00
57.0512275
9.930154333
2.9772
nan
203.88
 
2019-05-12T18:48:50,384752524+02:00
57.0512265
9.930154
2.0268
nan
198.81
 
2019-05-12T18:48:50,602228140+02:00
57.0512255
9.930154333
1.9368
nan
183.77
 
2019-05-12T18:48:50,985427520+02:00
57.051223833
9.9301545
1.89
nan
168.27
 
2019-05-12T18:48:51,182318800+02:00
57.051222667
9.930154333
2.142
nan
169.51
 
2019-05-12T18:48:51,393391787+02:00
57.051221833
9.930153833
1.5984
nan
0.0
 
2019-05-12T18:48:51,785313305+02:00
57.051221167
9.930153
0.7164
nan
0.0
 
2019-05-12T18:48:52,185540653+02:00
57.051220333
9.930153167
0.8208
nan
0.0
 
2019-05-12T18:48:52,419406420+02:00
57.05122
9.930154667
0.7524
nan
0.0
 
2019-05-12T18:48:52,785491500+02:00
57.051219667
9.930157833
0.684
nan
0.0
 
2019-05-12T18:48:53,193318786+02:00
57.051219167
9.930158833
0.5148
nan
0.0
 
2019-05-12T18:48:53,584575323+02:00
57.051219167
9.930159333
0.252
nan
0.0
 
2019-05-12T18:48:53,800798146+02:00
57.051219
9.930159167
0.108
nan
0.0
 
2019-05-12T18:48:53,979001376+02:00
57.051218833
9.930157833
0.9576
nan
0.0
 
2019-05-12T18:48:54,206493211+02:00
57.0512185
9.930155167
2.1744
nan
234.61
 
2019-05-12T18:48:54,580463771+02:00
57.051216667
9.9301445
6.3216
nan
255.53
 
2019-05-12T18:48:54,795078730+02:00
57.051215333
9.930136
8.7264
nan
256.41
 
2019-05-12T18:48:55,187706916+02:00
57.051212
9.930114
12.7188
nan
256.42
 
2019-05-12T18:48:55,597909587+02:00
57.051208
9.930086167
16.02
nan
256.93
 
2019-05-12T18:48:55,990851214+02:00
57.0512035
9.930054167
18.8424
nan
257.11
 
2019-05-12T18:48:56,183388268+02:00
57.051201333
9.9300365
20.2896
nan
257.58
 
2019-05-12T18:48:56,394300308+02:00
57.051198833
9.930017833
21.5028
nan
257.39
 
2019-05-12T18:48:56,785739110+02:00
57.051193833
9.9299755
24.3684
nan
257.73
 
2019-05-12T18:48:56,992337839+02:00
57.051191
9.929953
25.2288
nan
257.58
 
2019-05-12T18:48:57,393680593+02:00
57.051185
9.929905667
27.2376
nan
257.97
 
2019-05-12T18:48:57,585795033+02:00
57.051181833
9.929880333
28.2852
nan
257.66
 
2019-05-12T18:48:57,983930721+02:00
57.051175167
9.929827667
30.366
nan
257.9
 
2019-05-12T18:48:58,193910708+02:00
57.051172
9.929799667
31.122
nan
257.89
 
2019-05-12T18:48:58,414573517+02:00
57.051168667
9.929772667
31.6224
nan
258.64
 
2019-05-12T18:48:58,784327521+02:00
57.051163333
9.929715833
32.2992
nan
261.47
 
2019-05-12T18:48:58,993447988+02:00
57.051162
9.929687
31.9788
nan
263.81
 
2019-05-12T18:48:59,222856591+02:00
57.051161333
9.9296595
31.7196
nan
266.93
 
2019-05-12T18:48:59,583057212+02:00
57.051160833
9.929602333
31.8996
nan
268.96
 
2019-05-12T18:48:59,783510902+02:00
57.051160333
9.929572667
32.094
nan
268.78
 
2019-05-12T18:48:59,992402277+02:00
57.051159667
9.929542667
32.4612
nan
268.39
 
2019-05-12T18:49:00,226470354+02:00
57.051158667
9.929512333
33.1488
nan
267.41
 
2019-05-12T18:49:00,588800377+02:00
57.051156
9.92945
34.0524
nan
265.85
 
