
2019-02-27T16:54:48,138842115+01:00
57.013978333
9.987308833
0.212
19.0
0.0
 
2019-02-27T16:54:49,133502269+01:00
57.013976167
9.987307167
0.245
18.9
0.0
 
2019-02-27T16:54:50,137644836+01:00
57.013978833
9.987305333
0.167
19.4
0.0
 
2019-02-27T16:54:51,132730964+01:00
57.013974667
9.9873015
0.272
19.4
0.0
 
2019-02-27T16:54:52,131561509+01:00
57.01398
9.987301167
0.145
19.9
0.0
 
2019-02-27T16:54:53,136898142+01:00
57.0139805
9.987302167
0.065
19.6
0.0
 
2019-02-27T16:54:54,147046591+01:00
57.013977167
9.9873
0.105
19.5
0.0
 
2019-02-27T16:54:55,137180252+01:00
57.013973
9.987298833
0.162
19.1
0.0
 
2019-02-27T16:54:56,132473057+01:00
57.013972667
9.987298333
0.15
19.2
0.0
 
2019-02-27T16:54:57,134483257+01:00
57.013967667
9.987293833
0.274
19.1
0.0
 
2019-02-27T16:54:58,139985924+01:00
57.013965333
9.987291833
0.273
19.2
0.0
 
2019-02-27T16:54:59,132707926+01:00
57.013966667
9.987295667
0.13
19.1
0.0
 
2019-02-27T16:55:00,143703086+01:00
57.014001833
9.987315
0.508
20.2
0.0
 
2019-02-27T16:55:01,141842878+01:00
57.0140225
9.987325167
0.664
20.8
0.0
 
2019-02-27T16:55:02,129882597+01:00
57.014051333
9.987337167
0.932
21.9
330.23
 
2019-02-27T16:55:03,135456119+01:00
57.014073
9.987348333
0.978
22.7
353.49
 
2019-02-27T16:55:04,140471474+01:00
57.014104667
9.987364667
1.232
23.7
6.52
 
2019-02-27T16:55:05,131663057+01:00
57.014120667
9.987372
1.044
24.5
9.94
 
2019-02-27T16:55:06,144371411+01:00
57.014139167
9.9873825
0.942
25.2
14.89
 
2019-02-27T16:55:07,131357444+01:00
57.014158167
9.987391
0.886
26.0
16.78
 
2019-02-27T16:55:08,128990618+01:00
57.014179167
9.9874055
0.857
26.6
19.75
 
2019-02-27T16:55:09,132761820+01:00
57.0141895
9.987409833
0.537
27.7
0.0
 
2019-02-27T16:55:10,124306818+01:00
57.014193
9.987407667
0.052
28.7
0.0
 
2019-02-27T16:55:11,126420667+01:00
57.014193333
9.9874035
0.416
29.5
0.0
 
2019-02-27T16:55:12,123904300+01:00
57.014196833
9.987402333
0.583
30.3
0.0
 
2019-02-27T16:55:13,122202245+01:00
57.0141975
9.987397667
0.764
30.9
0.0
 
2019-02-27T16:55:14,121361938+01:00
57.0141945
9.987388833
1.054
31.4
275.69
 
2019-02-27T16:55:15,120363899+01:00
57.014201667
9.9873865
0.858
32.2
251.15
 
2019-02-27T16:55:16,124543658+01:00
57.014203
9.987389833
0.661
32.7
0.0
 
2019-02-27T16:55:17,139727491+01:00
57.014197667
9.987385667
0.619
32.9
0.0
 
2019-02-27T16:55:18,115792406+01:00
57.0141845
9.987375
0.678
32.7
0.0
 
2019-02-27T16:55:19,144923960+01:00
57.014169333
9.987359667
0.788
32.4
234.35
 
2019-02-27T16:55:20,113596617+01:00
57.014161
9.987354
0.64
31.9
0.0
 
2019-02-27T16:55:21,114195330+01:00
57.014154167
9.987352167
0.462
31.7
0.0
 
2019-02-27T16:55:22,134229299+01:00
57.0141505
9.987351667
0.268
31.7
0.0
 
2019-02-27T16:55:23,116330095+01:00
57.014137667
9.987345833
0.457
31.6
0.0
 
2019-02-27T16:55:24,107924814+01:00
57.014124167
9.987333333
0.676
31.5
0.0
 
2019-02-27T16:55:25,121704950+01:00
57.014119167
9.987337333
0.453
31.3
0.0
 
2019-02-27T16:55:26,118495018+01:00
57.014115
9.987334833
0.32
31.4
0.0
 
2019-02-27T16:55:27,115637190+01:00
57.014107833
9.987330667
0.339
31.4
0.0
 
2019-02-27T16:55:28,112456276+01:00
57.014103333
9.9873325
0.208
31.4
0.0
 
2019-02-27T16:55:29,111883616+01:00
57.014101667
9.987327167
0.092
31.5
0.0
 
2019-02-27T16:55:30,123093441+01:00
57.014104167
9.987328667
0.144
32.0
0.0
 
2019-02-27T16:55:31,114557174+01:00
57.014096
9.987320667
0.182
32.5
0.0
 
2019-02-27T16:55:32,117960901+01:00
57.014097333
9.9873335
0.15
32.9
0.0
 
2019-02-27T16:55:33,135188619+01:00
57.014096
9.987334833
0.177
33.4
0.0
 
2019-02-27T16:55:34,112004087+01:00
57.014093333
9.987333833
0.133
33.3
0.0
 
2019-02-27T16:55:35,103836634+01:00
57.014091667
9.9873415
0.248
33.3
0.0
 
2019-02-27T16:55:36,106341118+01:00
57.014088
9.987336167
0.063
33.2
0.0
 
2019-02-27T16:55:37,103495539+01:00
57.014084333
9.987333333
0.112
33.4
0.0
 
2019-02-27T16:55:38,107490489+01:00
57.014084333
9.987338833
0.198
33.9
0.0
 
2019-02-27T16:55:39,117747223+01:00
57.014082833
9.987330667
0.054
34.4
0.0
 
2019-02-27T16:55:40,110026621+01:00
57.014084833
9.987337833
0.123
35.1
0.0
 
2019-02-27T16:55:41,106116667+01:00
57.014084667
9.987336
0.056
35.5
0.0
 
2019-02-27T16:55:42,102688463+01:00
57.0140855
9.987337833
0.107
36.2
0.0
 
2019-02-27T16:55:43,104573345+01:00
57.014084667
9.987338333
0.12
36.6
0.0
 
2019-02-27T16:55:44,100028023+01:00
57.014083
9.987337167
0.124
36.8
0.0
 
2019-02-27T16:55:45,110285114+01:00
57.014079333
9.987332667
0.144
37.3
0.0
 
2019-02-27T16:55:46,100591962+01:00
57.014076167
9.987320167
0.204
37.6
0.0
 
2019-02-27T16:55:47,114169112+01:00
57.014075167
9.987319167
0.112
37.9
0.0
 
2019-02-27T16:55:48,093913499+01:00
57.0140735
9.987323667
0.133
38.0
0.0
 
2019-02-27T16:55:49,097229840+01:00
57.014075
9.9873275
0.194
38.3
0.0
 
2019-02-27T16:55:50,096632526+01:00
57.0140685
9.987323
0.125
38.4
0.0
 
2019-02-27T16:55:51,098423116+01:00
57.0140665
9.987315667
0.138
38.7
0.0
 
2019-02-27T16:55:52,099475096+01:00
57.014067833
9.9873135
0.038
38.8
0.0
 
2019-02-27T16:55:53,098104345+01:00
57.014061333
9.987304167
0.287
38.8
0.0
 
2019-02-27T16:55:54,096701689+01:00
57.014056167
9.987303
0.312
38.6
0.0
 
2019-02-27T16:55:55,106563410+01:00
57.014051
9.987297667
0.362
38.4
0.0
 
2019-02-27T16:55:56,106950588+01:00
57.014053
9.987303167
0.121
38.4
0.0
 
2019-02-27T16:55:57,101343072+01:00
57.014056833
9.987304333
0.109
38.2
0.0
 
2019-02-27T16:55:58,100918602+01:00
57.014059833
9.9873045
0.198
38.2
0.0
 
2019-02-27T16:55:59,095651503+01:00
57.014067
9.9873025
0.37
38.1
0.0
 
2019-02-27T16:56:00,089629115+01:00
57.014070167
9.9873015
0.385
38.1
0.0
 
2019-02-27T16:56:01,094506753+01:00
57.014070333
9.9873
0.332
38.0
0.0
 
2019-02-27T16:56:02,091143350+01:00
57.014066
9.987299833
0.2
37.5
0.0
 
2019-02-27T16:56:03,098300990+01:00
57.014059833
9.987295833
0.074
37.3
0.0
 
2019-02-27T16:56:04,094129419+01:00
57.014057167
9.987294333
0.031
37.1
0.0
 
2019-02-27T16:56:05,095115862+01:00
57.014049833
9.987294667
0.151
36.7
0.0
 
2019-02-27T16:56:06,091005257+01:00
57.0140425
9.9872955
0.221
36.4
0.0
 
2019-02-27T16:56:07,094967386+01:00
57.014042167
9.987295667
0.112
36.3
0.0
 
2019-02-27T16:56:08,091696158+01:00
57.014050667
9.987312333
0.305
36.1
0.0
 
2019-02-27T16:56:09,097795281+01:00
57.0140535
9.987323167
0.443
35.9
0.0
 
2019-02-27T16:56:10,090255177+01:00
57.014051833
9.987322
0.31
35.6
0.0
 
2019-02-27T16:56:11,085065656+01:00
57.014049667
9.9873315
0.401
35.5
0.0
 
2019-02-27T16:56:12,084777435+01:00
57.014044833
9.987332833
0.287
35.0
0.0
 
2019-02-27T16:56:13,084260315+01:00
57.0140455
9.9873365
0.31
34.7
0.0
 
2019-02-27T16:56:14,082989066+01:00
57.0140495
9.987343667
0.375
34.7
0.0
 
2019-02-27T16:56:15,086237684+01:00
57.014050667
9.987344833
0.289
34.6
0.0
 
2019-02-27T16:56:16,080002200+01:00
57.014045
9.987344167
0.194
34.4
0.0
 
2019-02-27T16:56:17,085342529+01:00
57.014042667
9.987345833
0.185
34.2
0.0
 
2019-02-27T16:56:18,085049014+01:00
57.014036
9.987345
0.232
33.8
0.0
 
2019-02-27T16:56:19,103762484+01:00
57.014031333
9.987347833
0.245
33.6
0.0
 
2019-02-27T16:56:20,081075382+01:00
57.014019
9.987346667
0.32
33.2
0.0
 
2019-02-27T16:56:21,085299773+01:00
57.0140115
9.987342833
0.243
32.8
0.0
 
2019-02-27T16:56:22,077889554+01:00
57.014007
9.987344167
0.234
32.3
0.0
 
2019-02-27T16:56:23,085795341+01:00
57.013999333
9.987331
0.172
32.1
0.0
 
2019-02-27T16:56:24,082492311+01:00
57.013986833
9.987318667
0.419
32.0
0.0
 
2019-02-27T16:56:25,084379401+01:00
57.013984667
9.987317667
0.379
31.7
0.0
 
2019-02-27T16:56:26,084051198+01:00
57.013980667
9.987323667
0.351
31.8
0.0
 
2019-02-27T16:56:27,081128301+01:00
57.013960833
9.987304833
0.836
31.5
0.0
 
2019-02-27T16:56:28,079406508+01:00
57.01395
9.987297833
0.875
31.4
0.0
 
2019-02-27T16:56:29,079872578+01:00
57.013938833
9.987297833
0.842
31.0
0.0
 
