
2019-02-24T10:50:17,057950005+01:00
nan
nan
nan
nan
nan
 
2019-02-24T10:50:18,212809235+01:00
nan
nan
nan
nan
nan
 
2019-02-24T10:50:19,049855935+01:00
nan
nan
nan
nan
nan
 
2019-02-24T10:50:20,050847497+01:00
nan
nan
nan
nan
nan
 
2019-02-24T10:50:21,046606568+01:00
nan
nan
nan
nan
nan
 
2019-02-24T10:50:22,050785596+01:00
nan
nan
nan
nan
nan
 
2019-02-24T10:50:23,052666993+01:00
nan
nan
nan
nan
nan
 
2019-02-24T10:50:24,216828530+01:00
nan
nan
nan
nan
nan
 
2019-02-24T10:50:25,055734538+01:00
nan
nan
nan
nan
nan
 
2019-02-24T10:50:26,053635617+01:00
nan
nan
nan
nan
nan
 
2019-02-24T10:50:27,052077500+01:00
nan
nan
nan
nan
nan
 
2019-02-24T10:50:28,059193308+01:00
nan
nan
nan
nan
nan
 
2019-02-24T10:50:29,067099155+01:00
nan
nan
nan
nan
nan
 
2019-02-24T10:50:30,209368532+01:00
nan
nan
nan
nan
nan
 
2019-02-24T10:50:31,061982449+01:00
nan
nan
nan
nan
nan
 
2019-02-24T10:50:32,060826016+01:00
nan
nan
nan
nan
nan
 
2019-02-24T10:50:33,055607745+01:00
nan
nan
nan
nan
nan
 
2019-02-24T10:50:34,055154565+01:00
nan
nan
nan
nan
nan
 
2019-02-24T10:50:35,059085083+01:00
nan
nan
nan
nan
nan
 
2019-02-24T10:50:36,220698721+01:00
nan
nan
nan
nan
nan
 
2019-02-24T10:50:37,062912717+01:00
nan
nan
nan
nan
nan
 
2019-02-24T10:50:38,060101246+01:00
nan
nan
nan
nan
nan
 
2019-02-24T10:50:39,054886114+01:00
nan
nan
nan
nan
nan
 
2019-02-24T10:50:40,059126137+01:00
nan
nan
nan
nan
nan
 
2019-02-24T10:50:41,059967778+01:00
nan
nan
nan
nan
nan
 
2019-02-24T10:50:42,208147036+01:00
nan
nan
nan
nan
nan
 
2019-02-24T10:50:43,058721320+01:00
nan
nan
nan
nan
nan
 
2019-02-24T10:50:44,064680421+01:00
nan
nan
nan
nan
nan
 
2019-02-24T10:50:45,068699308+01:00
nan
nan
nan
nan
nan
 
2019-02-24T10:50:46,062942313+01:00
nan
nan
nan
nan
nan
 
2019-02-24T10:50:47,064032472+01:00
nan
nan
nan
nan
nan
 
2019-02-24T10:50:48,224936380+01:00
nan
nan
nan
nan
nan
 
2019-02-24T10:50:49,064739496+01:00
nan
nan
nan
nan
nan
 
2019-02-24T10:50:50,078223415+01:00
nan
nan
nan
nan
nan
 
2019-02-24T10:50:51,063621340+01:00
nan
nan
nan
nan
nan
 
2019-02-24T10:50:52,066110794+01:00
nan
nan
nan
nan
nan
 
2019-02-24T10:50:53,067887319+01:00
nan
nan
nan
nan
nan
 
2019-02-24T10:50:54,212411262+01:00
nan
nan
nan
nan
nan
 
2019-02-24T10:50:55,062204309+01:00
nan
nan
nan
nan
nan
 
2019-02-24T10:50:56,063895917+01:00
nan
nan
nan
nan
nan
 
2019-02-24T10:50:57,062032116+01:00
nan
nan
nan
nan
nan
 
2019-02-24T10:50:58,065177636+01:00
nan
nan
nan
nan
nan
 
2019-02-24T10:50:59,068121368+01:00
nan
nan
nan
nan
nan
 
2019-02-24T10:51:00,224126044+01:00
nan
nan
nan
nan
nan
 
2019-02-24T10:51:01,062060257+01:00
nan
nan
nan
nan
nan
 
2019-02-24T10:51:02,070315386+01:00
nan
nan
nan
nan
nan
 
2019-02-24T10:51:03,066603615+01:00
nan
nan
nan
nan
nan
 
2019-02-24T10:51:04,065359499+01:00
nan
nan
nan
nan
nan
 
2019-02-24T10:51:05,064845836+01:00
nan
nan
nan
nan
nan
 
2019-02-24T10:51:06,223606183+01:00
nan
nan
nan
nan
nan
 
2019-02-24T10:51:07,067139048+01:00
nan
nan
nan
nan
nan
 
2019-02-24T10:51:08,068691060+01:00
nan
nan
nan
nan
nan
 
2019-02-24T10:51:09,067099017+01:00
nan
nan
nan
nan
nan
 
2019-02-24T10:51:10,066556486+01:00
nan
nan
nan
nan
nan
 
2019-02-24T10:51:11,078843324+01:00
nan
nan
nan
nan
nan
 
2019-02-24T10:51:12,223775298+01:00
nan
nan
nan
nan
nan
 
2019-02-24T10:51:13,066611829+01:00
nan
nan
nan
nan
nan
 
2019-02-24T10:51:14,068183963+01:00
nan
nan
nan
nan
nan
 
2019-02-24T10:51:15,068927468+01:00
nan
nan
nan
nan
nan
 
2019-02-24T10:51:16,067519422+01:00
nan
nan
nan
nan
nan
 
2019-02-24T10:51:17,075617853+01:00
nan
nan
nan
nan
nan
 
2019-02-24T11:01:03,680755594+01:00

 
