
2019-02-24T13:07:34,090945239+01:00
nan
nan
nan
nan
nan
 
2019-02-24T13:07:35,089236491+01:00
nan
nan
nan
nan
nan
 
2019-02-24T13:07:36,248033696+01:00
nan
nan
nan
nan
nan
 
2019-02-24T13:07:37,088322245+01:00
nan
nan
nan
nan
nan
 
2019-02-24T13:07:38,088164573+01:00
nan
nan
nan
nan
nan
 
2019-02-24T13:07:39,091827761+01:00
nan
nan
nan
nan
nan
 
2019-02-24T13:07:40,089874116+01:00
nan
nan
nan
nan
nan
 
2019-02-24T13:07:41,089885639+01:00
nan
nan
nan
nan
nan
 
2019-02-24T13:07:42,250526946+01:00
nan
nan
nan
nan
nan
 
2019-02-24T13:07:43,089012077+01:00
nan
nan
nan
nan
nan
 
2019-02-24T13:07:44,088023261+01:00
nan
nan
nan
nan
nan
 
2019-02-24T13:07:45,094437175+01:00
nan
nan
nan
nan
nan
 
2019-02-24T13:07:46,088302646+01:00
nan
nan
nan
nan
nan
 
2019-02-24T13:07:47,085537644+01:00
nan
nan
nan
nan
nan
 
