
2019-05-07T15:14:33,558003903+02:00
57.0139395
9.987019667
0.0576
nan
0.0
 
2019-05-07T15:14:33,952260215+02:00
57.013939333
9.987018667
0.1908
nan
0.0
 
2019-05-07T15:14:34,156001465+02:00
57.013939667
9.987018833
0.0288
nan
0.0
 
2019-05-07T15:14:34,358391823+02:00
57.013939667
9.9870185
0.2232
nan
0.0
 
2019-05-07T15:14:34,558648840+02:00
57.013939833
9.987018333
0.0972
nan
0.0
 
2019-05-07T15:14:34,956710531+02:00
57.01394
9.987018
0.1188
nan
0.0
 
2019-05-07T15:14:35,362236561+02:00
57.0139405
9.987017833
0.2088
nan
0.0
 
2019-05-07T15:14:35,556607989+02:00
57.013941
9.987018
0.0972
nan
0.0
 
2019-05-07T15:14:35,759098755+02:00
57.013941167
9.987018333
0.108
nan
0.0
 
2019-05-07T15:14:36,164875799+02:00
57.013941333
9.987018333
0.2124
nan
0.0
 
2019-05-07T15:14:36,357582616+02:00
57.013941333
9.987018333
0.1944
nan
0.0
 
2019-05-07T15:14:36,556880353+02:00
57.013941333
9.987018167
0.2988
nan
0.0
 
2019-05-07T15:14:36,961227725+02:00
57.013941667
9.987018333
0.2592
nan
0.0
 
2019-05-07T15:14:37,155050878+02:00
57.013941667
9.987018
0.2736
nan
0.0
 
2019-05-07T15:14:37,361228107+02:00
57.013941667
9.987017833
0.1692
nan
0.0
 
2019-05-07T15:14:37,755715982+02:00
57.013942167
9.987018
0.1836
nan
0.0
 
2019-05-07T15:14:37,958152804+02:00
57.013942333
9.987018
0.0792
nan
0.0
 
2019-05-07T15:14:38,156145842+02:00
57.013942167
9.987017833
0.306
nan
0.0
 
2019-05-07T15:14:38,380431996+02:00
57.013942667
9.987018333
0.108
nan
0.0
 
2019-05-07T15:14:38,769855344+02:00
57.013943333
9.9870185
0.126
nan
0.0
 
2019-05-07T15:14:39,366861080+02:00
57.013943667
9.9870185
0.2088
nan
0.0
 
2019-05-07T15:14:39,569903421+02:00
57.013943833
9.987018333
0.2232
nan
0.0
 
2019-05-07T15:14:39,959993697+02:00
57.013944333
9.987018833
0.0792
nan
0.0
 
2019-05-07T15:14:40,356723760+02:00
57.013944833
9.9870195
0.1116
nan
0.0
 
2019-05-07T15:14:40,600822382+02:00
57.013945333
9.987019833
0.3564
nan
0.0
 
2019-05-07T15:14:40,969694114+02:00
57.013945667
9.98702
0.216
nan
0.0
 
2019-05-07T15:14:41,197517429+02:00
57.013946
9.987020333
0.3096
nan
0.0
 
2019-05-07T15:14:41,579887593+02:00
57.013945833
9.9870195
0.126
nan
0.0
 
2019-05-07T15:14:41,966004488+02:00
57.013946333
9.987019833
0.0828
nan
0.0
 
2019-05-07T15:14:42,357591682+02:00
57.013946667
9.987019
0.162
nan
0.0
 
2019-05-07T15:14:42,762897753+02:00
57.013947333
9.987018833
0.1368
nan
0.0
 
2019-05-07T15:14:42,967779223+02:00
57.0139475
9.987018833
0.1836
nan
0.0
 
2019-05-07T15:14:43,164209909+02:00
57.013948
9.987018833
0.1944
nan
0.0
 
2019-05-07T15:14:43,401487711+02:00
57.013948167
9.987018667
0.0864
nan
0.0
 
2019-05-07T15:14:43,980481796+02:00
57.013948833
9.987019167
0.1584
nan
0.0
 
2019-05-07T15:14:44,376597596+02:00
57.013949
9.987019667
0.2232
nan
0.0
 
2019-05-07T15:14:44,978500694+02:00
57.0139495
9.9870205
0.1548
nan
0.0
 
2019-05-07T15:14:45,378169109+02:00
57.013949833
9.987020833
0.2952
nan
0.0
 
2019-05-07T15:14:45,757372658+02:00
57.013950833
9.987021833
0.1944
nan
0.0
 
2019-05-07T15:14:46,168639383+02:00
57.0139515
9.987022667
0.1044
nan
0.0
 
2019-05-07T15:14:46,574793473+02:00
57.0139525
9.987023667
0.0936
nan
0.0
 
2019-05-07T15:14:46,980097358+02:00
57.013954167
9.987025333
0.1512
nan
0.0
 
2019-05-07T15:14:47,373027226+02:00
57.013955667
9.987026667
0.1152
nan
0.0
 
2019-05-07T15:14:47,766404739+02:00
57.0139575
9.987028167
0.1296
nan
0.0
 
2019-05-07T15:14:48,164140029+02:00
57.013959833
9.987030333
0.2772
nan
0.0
 
2019-05-07T15:14:48,403205223+02:00
57.01396
9.987030833
0.144
nan
0.0
 
2019-05-07T15:14:48,786007107+02:00
57.013961333
9.987032
0.216
nan
0.0
 
2019-05-07T15:14:49,362224556+02:00
57.0139625
9.987033167
0.1872
nan
0.0
 
2019-05-07T15:14:49,778684305+02:00
57.013963833
9.987034667
0.1188
nan
0.0
 
2019-05-07T15:14:50,176789230+02:00
57.013965167
9.987036
0.1584
nan
0.0
 
2019-05-07T15:14:50,561416205+02:00
57.013966833
9.987037833
0.0396
nan
0.0
 
2019-05-07T15:14:51,181296829+02:00
57.0139685
9.987039667
0.0504
nan
0.0
 
2019-05-07T15:14:51,581407601+02:00
57.01397
9.987041
0.1548
nan
0.0
 
2019-05-07T15:14:51,958586624+02:00
57.013971833
9.987042833
0.2448
nan
0.0
 
2019-05-07T15:14:52,360353627+02:00
57.013974
9.987044667
0.4572
nan
0.0
 
2019-05-07T15:14:52,591469470+02:00
57.013974333
9.987045167
0.1116
nan
0.0
 
2019-05-07T15:14:53,162704573+02:00
57.013976333
9.987047667
0.2736
nan
0.0
 
2019-05-07T15:14:53,580022131+02:00
57.013977167
9.987048667
0.1944
nan
0.0
 
2019-05-07T15:14:53,968174694+02:00
57.013978167
9.987050167
0.0396
nan
0.0
 
2019-05-07T15:14:54,382638759+02:00
57.013979333
9.987051333
0.1908
nan
0.0
 
2019-05-07T15:14:54,762587299+02:00
57.013980167
9.9870525
0.1656
nan
0.0
 
2019-05-07T15:14:55,172722733+02:00
57.013981167
9.987054167
0.1548
nan
0.0
 
2019-05-07T15:14:55,374338433+02:00
57.013982167
9.987055167
0.1548
nan
0.0
 
2019-05-07T15:14:55,764057718+02:00
57.013983333
9.987056667
0.0036
nan
0.0
 
2019-05-07T15:14:56,176552849+02:00
57.013984333
9.987057833
0.0396
nan
0.0
 
2019-05-07T15:14:56,574933539+02:00
57.013985667
9.9870595
0.0432
nan
0.0
 
2019-05-07T15:14:56,984986601+02:00
57.013987
9.987061667
0.3276
nan
0.0
 
2019-05-07T15:14:57,360417936+02:00
57.0139875
9.9870635
0.0432
nan
0.0
 
2019-05-07T15:14:57,776976480+02:00
57.013987833
9.9870645
0.3132
nan
0.0
 
2019-05-07T15:14:58,164175258+02:00
57.0139885
9.987065333
0.2088
nan
0.0
 
2019-05-07T15:14:58,560185094+02:00
57.0139895
9.987066833
0.0612
nan
0.0
 
2019-05-07T15:14:58,962581559+02:00
57.0139905
9.987068
0.0504
nan
0.0
 
2019-05-07T15:14:59,381433695+02:00
57.0139915
9.9870685
0.1044
nan
0.0
 
2019-05-07T15:14:59,561020732+02:00
57.013991833
9.987069
0.0468
nan
0.0
 
2019-05-07T15:14:59,769902999+02:00
57.013992667
9.987069833
0.2988
nan
0.0
 
2019-05-07T15:15:00,165297320+02:00
57.013993333
9.9870705
0.0396
nan
0.0
 
2019-05-07T15:15:00,566188356+02:00
57.013993833
9.987070833
0.0864
nan
0.0
 
2019-05-07T15:15:01,162964136+02:00
57.013994833
9.987071333
0.108
nan
0.0
 
2019-05-07T15:15:01,578595438+02:00
57.013995833
9.987071833
0.1692
nan
0.0
 
2019-05-07T15:15:01,964292783+02:00
57.0139965
9.987072
0.1584
nan
0.0
 
2019-05-07T15:15:02,362851423+02:00
57.013996833
9.987072333
0.0756
nan
0.0
 
2019-05-07T15:15:02,773982770+02:00
57.013997833
9.987072833
0.1152
nan
0.0
 
2019-05-07T15:15:03,160025166+02:00
57.013998833
9.987073333
0.0324
nan
0.0
 
2019-05-07T15:15:03,575740320+02:00
57.014
9.987073667
0.2592
nan
0.0
 
2019-05-07T15:15:03,968312489+02:00
57.014001167
9.987074167
0.3384
nan
0.0
 
2019-05-07T15:15:04,356642037+02:00
57.014002333
9.987074167
0.2736
nan
0.0
 
2019-05-07T15:15:04,760946923+02:00
57.014003167
9.987074167
0.1944
nan
0.0
 
2019-05-07T15:15:05,163002199+02:00
57.014004167
9.987074167
0.1548
nan
0.0
 
2019-05-07T15:15:05,567762690+02:00
57.0140045
9.987074
0.1152
nan
0.0
 
2019-05-07T15:15:05,808813957+02:00
57.014005
9.987074
0.2196
nan
0.0
 
2019-05-07T15:15:06,172072948+02:00
57.0140065
9.987074333
0.3024
nan
0.0
 
2019-05-07T15:15:06,576866678+02:00
57.014007333
9.987074167
0.2124
nan
0.0
 
2019-05-07T15:15:06,980451586+02:00
57.014008167
9.987074167
0.072
nan
0.0
 
2019-05-07T15:15:07,377911264+02:00
57.0140085
9.987073833
0.1404
nan
0.0
 
2019-05-07T15:15:07,773909917+02:00
57.014009167
9.987073833
0.1476
nan
0.0
 
2019-05-07T15:15:08,220703794+02:00
57.014010167
9.987073333
0.0864
nan
0.0
 
2019-05-07T15:15:08,589987214+02:00
57.014011167
9.987073167
0.1764
nan
0.0
 
2019-05-07T15:15:08,966801143+02:00
57.014012333
9.987073167
0.2988
nan
0.0
 
2019-05-07T15:15:09,362599135+02:00
57.014012833
9.987073
0.2016
nan
0.0
 
2019-05-07T15:15:09,586582991+02:00
57.014013167
9.987073
0.054
nan
0.0
 
2019-05-07T15:15:10,176849467+02:00
57.0140145
9.987073167
0.1656
nan
0.0
 
2019-05-07T15:15:10,561047648+02:00
57.014015167
9.987073333
0.036
nan
0.0
 
2019-05-07T15:15:10,975523397+02:00
57.014015833
9.987073667
0.1044
nan
0.0
 
2019-05-07T15:15:11,370728503+02:00
57.0140165
9.987074
0.1692
nan
0.0
 
2019-05-07T15:15:11,966112518+02:00
57.014018
9.987074
0.018
nan
0.0
 
2019-05-07T15:15:12,370828674+02:00
57.014019
9.987073833
0.1368
nan
0.0
 
2019-05-07T15:15:12,766925553+02:00
57.014020167
9.987073667
0.0144
nan
0.0
 
2019-05-07T15:15:13,169785891+02:00
57.014021167
9.987073667
0.2664
nan
0.0
 
2019-05-07T15:15:13,572014676+02:00
57.014021667
9.987073833
0.1512
nan
0.0
 
2019-05-07T15:15:13,959853457+02:00
57.014021833
9.987073667
0.0504
nan
0.0
 
2019-05-07T15:15:14,371834647+02:00
57.014021833
9.987073
0.0684
nan
0.0
 
2019-05-07T15:15:14,770736707+02:00
57.014021833
9.987071833
0.1044
nan
0.0
 
2019-05-07T15:15:15,172569514+02:00
57.014021833
9.987070833
0.1368
nan
0.0
 
2019-05-07T15:15:15,584801054+02:00
57.014022167
9.98707
0.198
nan
0.0
 
2019-05-07T15:15:15,982767338+02:00
57.014023
9.9870695
0.09
nan
0.0
 
2019-05-07T15:15:16,759441774+02:00
57.0140245
9.9870695
0.1008
nan
0.0
 
2019-05-07T15:15:17,377018012+02:00
57.014025333
9.987069833
0.126
nan
0.0
 
2019-05-07T15:15:17,779558702+02:00
57.014025833
9.98707
0.0756
nan
0.0
 
2019-05-07T15:15:18,176599950+02:00
57.0140265
9.987070167
0.0468
nan
0.0
 
2019-05-07T15:15:18,580933438+02:00
57.014027333
9.98707
0.09
nan
0.0
 
2019-05-07T15:15:18,982042785+02:00
57.014028167
9.98707
0.144
nan
0.0
 
2019-05-07T15:15:19,364463990+02:00
57.014028333
9.987069667
0.0612
nan
0.0
 
2019-05-07T15:15:19,762985811+02:00
57.014028833
9.987069
0.126
nan
0.0
 
2019-05-07T15:15:20,192924830+02:00
57.014029167
9.987068667
0.2376
nan
0.0
 
2019-05-07T15:15:20,585101679+02:00
57.014030333
9.987068667
0.0504
nan
0.0
 
2019-05-07T15:15:20,981719083+02:00
57.014030833
9.987068667
0.09
nan
0.0
 
2019-05-07T15:15:21,376173369+02:00
57.014030833
9.987068333
0.0684
nan
0.0
 
2019-05-07T15:15:21,784082030+02:00
57.014031
9.987068333
0.0612
nan
0.0
 
2019-05-07T15:15:22,161284991+02:00
57.014031333
9.987068167
0.1548
nan
0.0
 
2019-05-07T15:15:22,566284602+02:00
57.014031833
9.987067833
0.1512
nan
0.0
 
2019-05-07T15:15:22,971470220+02:00
57.0140325
9.9870675
0.1224
nan
0.0
 
2019-05-07T15:15:23,566740257+02:00
57.014033333
9.9870675
0.2448
nan
0.0
 
2019-05-07T15:15:23,967970490+02:00
57.014033667
9.9870675
0.0468
nan
0.0
 
2019-05-07T15:15:24,367836979+02:00
57.014034167
9.9870675
0.0108
nan
0.0
 
2019-05-07T15:15:24,768544827+02:00
57.014035
9.987067333
0.2052
nan
0.0
 
2019-05-07T15:15:25,171289796+02:00
57.014035333
9.987067667
0.09
nan
0.0
 
2019-05-07T15:15:25,576526973+02:00
57.014035333
9.987067667
0.0792
nan
0.0
 
2019-05-07T15:15:25,985090073+02:00
57.014035833
9.987067333
0.0432
nan
0.0
 
2019-05-07T15:15:26,384783760+02:00
57.0140365
9.987067167
0.1548
nan
0.0
 
2019-05-07T15:15:26,768943060+02:00
57.014036833
9.987066833
0.1044
nan
0.0
 
2019-05-07T15:15:27,183206250+02:00
57.014037333
9.987066833
0.4176
nan
0.0
 
2019-05-07T15:15:27,567618186+02:00
57.0140375
9.9870665
0.054
nan
0.0
 
2019-05-07T15:15:27,978355974+02:00
57.0140375
9.987066333
0.252
nan
0.0
 
2019-05-07T15:15:28,377246975+02:00
57.014037333
9.9870665
0.126
nan
0.0
 
2019-05-07T15:15:28,971788664+02:00
57.014037833
9.987066167
0.18
nan
0.0
 
2019-05-07T15:15:29,374281939+02:00
57.014038167
9.987066167
0.1404
nan
0.0
 
2019-05-07T15:15:29,769626954+02:00
57.014038667
9.987065667
0.0864
nan
0.0
 
2019-05-07T15:15:30,184491726+02:00
57.0140395
9.9870655
0.1404
nan
0.0
 
2019-05-07T15:15:30,562967695+02:00
57.014039833
9.987065167
0.0864
nan
0.0
 
2019-05-07T15:15:30,975464333+02:00
57.014040333
9.987064667
0.18
nan
0.0
 
2019-05-07T15:15:31,362501952+02:00
57.014040167
9.987064167
0.0324
nan
0.0
 
2019-05-07T15:15:31,761758038+02:00
57.014040833
9.987063667
0.1188
nan
0.0
 
2019-05-07T15:15:32,178406964+02:00
57.014040833
9.9870635
0.1404
nan
0.0
 
2019-05-07T15:15:32,561102649+02:00
57.014040667
9.987063
0.2232
nan
0.0
 
2019-05-07T15:15:32,789958211+02:00
57.014040833
9.987063167
0.126
nan
0.0
 
2019-05-07T15:15:33,162333549+02:00
57.014041167
9.987063
0.1224
nan
0.0
 
