
2019-02-25T13:06:05,204214828+01:00
57.013842188
9.986830374
0.223
9.937
328.0333
 
2019-02-25T13:06:06,204755129+01:00
57.013842659
9.986826063
0.281
9.784
321.7021
 
2019-02-25T13:06:07,206942332+01:00
57.013845014
9.98681809
0.479
9.733
316.8356
 
2019-02-25T13:06:08,210309894+01:00
57.013844841
9.986821256
0.287
9.71
342.8527
 
2019-02-25T13:06:09,200929767+01:00
57.013843441
9.986814819
0.295
9.417
319.0522
 
2019-02-25T13:06:10,210509558+01:00
57.01384283
9.986816517
0.166
9.402
334.1151
 
2019-02-25T13:06:11,208688054+01:00
57.013838142
9.986834457
0.372
9.621
89.5348
 
2019-02-25T13:06:12,206787330+01:00
57.013833802
9.986839036
0.371
9.47
104.9708
 
2019-02-25T13:06:13,209049048+01:00
57.01383191
9.986825743
0.061
9.202
210.5975
 
2019-02-25T13:06:14,211701795+01:00
57.013828917
9.986823465
0.123
9.072
208.9961
 
2019-02-25T13:06:15,204248319+01:00
57.01381424
9.986825638
0.458
9.096
174.8296
 
2019-02-25T13:06:16,209145695+01:00
57.013805988
9.986817871
0.485
9.001
191.1487
 
2019-02-25T13:06:17,207606901+01:00
57.01380189
9.986818645
0.428
8.761
179.2867
 
2019-02-25T13:06:18,206218791+01:00
57.013804194
9.986810824
0.251
8.499
207.6101
 
2019-02-25T13:06:19,209470415+01:00
57.013785011
9.986793632
0.643
8.264
210.6365
 
2019-02-25T13:06:20,208243581+01:00
57.013768982
9.986778822
0.895
7.908
208.2137
 
2019-02-25T13:06:21,208852839+01:00
57.01377798
9.986770053
0.635
7.806
229.0479
 
2019-02-25T13:06:22,205899025+01:00
57.013777996
9.986782077
0.432
7.71
184.7524
 
2019-02-25T13:06:23,213504006+01:00
57.013780641
9.986771767
0.345
7.495
216.6022
 
2019-02-25T13:06:24,210599950+01:00
57.013773417
9.986769683
0.42
7.576
194.2121
 
2019-02-25T13:06:25,210345481+01:00
57.01377485
9.986770197
0.332
7.496
172.9693
 
2019-02-25T13:06:26,205318478+01:00
57.013768655
9.986770458
0.368
7.539
180.8877
 
2019-02-25T13:06:27,217934160+01:00
57.013776407
9.986781631
0.218
7.932
133.7886
 
2019-02-25T13:06:28,216313632+01:00
57.013778348
9.986789297
0.25
8.173
122.9275
 
2019-02-25T13:06:29,221179808+01:00
57.013780079
9.986790888
0.159
8.203
121.3899
 
2019-02-25T13:06:30,209740605+01:00
57.013791675
9.986795945
0.267
8.259
36.8181
 
2019-02-25T13:06:31,210557231+01:00
57.013791871
9.986785743
0.253
8.615
318.0832
 
2019-02-25T13:06:32,207107172+01:00
57.01378477
9.986799652
0.159
9.068
142.025
 
2019-02-25T13:06:33,215805719+01:00
57.013788384
9.986792107
0.144
8.962
258.4745
 
2019-02-25T13:06:34,218277363+01:00
57.013794762
9.986786878
0.261
9.133
297.8038
 
2019-02-25T13:06:35,209499876+01:00
57.013795868
9.986782567
0.26
9.089
287.7365
 
2019-02-25T13:06:36,209077509+01:00
57.013801764
9.986778884
0.292
9.151
289.4521
 
2019-02-25T13:06:37,211435518+01:00
57.013817146
9.986781697
0.36
9.16
341.0177
 
2019-02-25T13:06:38,206685446+01:00
57.013822095
9.986780436
0.385
9.22
346.1209
 
2019-02-25T13:06:39,213582837+01:00
57.013826571
9.986781206
0.353
9.182
354.3232
 
2019-02-25T13:06:40,218441565+01:00
57.013831269
9.986780335
0.361
9.057
354.7272
 
2019-02-25T13:06:41,212252504+01:00
57.013830334
9.986792035
0.329
8.791
51.6472
 
2019-02-25T13:06:42,210353831+01:00
57.013834271
9.986795942
0.357
8.685
45.6373
 
2019-02-25T13:06:43,213172545+01:00
57.013835641
9.986800575
0.359
8.527
49.5377
 
2019-02-25T13:06:44,213709701+01:00
57.013835854
9.986809404
0.415
8.476
62.5696
 
2019-02-25T13:06:45,218384937+01:00
57.013836739
9.986825051
0.553
8.245
72.6076
 
2019-02-25T13:06:46,218102696+01:00
57.013839046
9.986831717
0.523
8.865
65.0352
 
2019-02-25T13:06:47,213922032+01:00
57.013839934
9.986832843
0.443
9.468
53.6858
 
2019-02-25T13:06:48,213669738+01:00
57.01383233
9.986827834
0.174
10.173
64.1781
 
2019-02-25T13:06:49,217642816+01:00
57.013831505
9.986824328
0.043
10.876
57.5072
 
2019-02-25T13:06:50,209655118+01:00
57.013831069
9.986841234
0.327
10.574
89.932
 
2019-02-25T13:06:51,214386081+01:00
57.013829414
9.986843332
0.217
10.443
87.8569
 
2019-02-25T13:06:52,214540031+01:00
57.013839284
9.986850926
0.358
10.29
45.1423
 
2019-02-25T13:06:53,218519476+01:00
57.013834173
9.986861875
0.404
10.206
80.6217
 
2019-02-25T13:06:54,214263423+01:00
57.01383135
9.986856375
0.132
10.136
67.7139
 
2019-02-25T13:06:55,225011426+01:00
57.013833229
9.986845189
0.184
10.239
293.3922
 
2019-02-25T13:06:56,211264543+01:00
57.013838047
9.986850678
0.176
10.129
356.2163
 
2019-02-25T13:06:57,213371687+01:00
57.013847138
9.98685076
0.412
10.366
356.1122
 
2019-02-25T13:06:58,213492471+01:00
57.013841217
9.986842199
0.279
10.115
325.9586
 
2019-02-25T13:06:59,215458673+01:00
57.013852645
9.986839075
0.573
10.242
342.7398
 
2019-02-25T13:07:00,218556948+01:00
57.013856925
9.986851097
0.588
10.243
13.5362
 
2019-02-25T13:07:01,236241508+01:00
57.013843086
9.98684975
0.179
10.099
39.7107
 
2019-02-25T13:07:02,216112957+01:00
57.013846468
9.986854612
0.285
10.14
31.7685
 
2019-02-25T13:07:03,216654825+01:00
57.013847102
9.98684518
0.268
10.083
340.0422
 
2019-02-25T13:07:04,216727345+01:00
57.013849919
9.986836359
0.421
10.225
319.1394
 
2019-02-25T13:07:05,223313288+01:00
57.013850148
9.986834385
0.348
10.244
320.4813
 
2019-02-25T13:07:57,992418452+01:00
57.013783
9.986929167
0.967
9.7
0.0
 
2019-02-25T13:07:58,221211402+01:00
57.013822667
9.986820167
0.081
27.0
0.0
 
2019-02-25T13:07:59,242207682+01:00
57.013823333
9.9868245
0.138
26.7
0.0
 
2019-02-25T13:08:00,224801515+01:00
57.013824
9.9868235
0.128
26.1
0.0
 
2019-02-25T13:08:01,227683280+01:00
57.013823167
9.986823833
0.048
25.7
0.0
 
2019-02-25T13:08:02,223428968+01:00
57.013822333
9.986832667
0.216
25.2
0.0
 
2019-02-25T13:08:03,220241780+01:00
57.01382
9.986830833
0.111
24.9
0.0
 
2019-02-25T13:08:04,228868309+01:00
57.013823
9.986845667
0.343
24.1
0.0
 
2019-02-25T13:08:05,227963847+01:00
57.013824
9.986850167
0.323
24.6
0.0
 
2019-02-25T13:08:06,265294560+01:00
57.013821
9.986850667
0.273
25.0
0.0
 
2019-02-25T13:08:07,226407892+01:00
57.013821333
9.986853333
0.243
24.8
0.0
 
2019-02-25T13:08:08,229733936+01:00
57.013826667
9.986850333
0.176
24.9
0.0
 
2019-02-25T13:08:09,228284246+01:00
57.013825
9.986850833
0.141
25.3
0.0
 
2019-02-25T13:08:10,233812393+01:00
57.0138285
9.986843167
0.111
26.0
0.0
 
2019-02-25T13:08:11,226971874+01:00
57.013835833
9.986832167
0.323
27.0
0.0
 
2019-02-25T13:08:12,224642544+01:00
57.0138415
9.9868285
0.423
26.7
0.0
 
2019-02-25T13:08:13,237452430+01:00
57.013856167
9.986855833
0.726
26.2
0.0
 
2019-02-25T13:08:14,230086761+01:00
57.013854667
9.986839
0.365
28.6
0.0
 
2019-02-25T13:08:15,230365112+01:00
57.013861167
9.9868215
0.488
31.4
0.0
 
2019-02-25T13:08:16,231579847+01:00
57.013870333
9.986829333
0.543
30.9
0.0
 
2019-02-25T13:08:17,233920725+01:00
57.013876333
9.9868365
0.525
31.0
0.0
 
2019-02-25T13:08:18,233106020+01:00
57.013873
9.986845333
0.304
30.8
0.0
 
2019-02-25T13:08:19,220205098+01:00
57.013876
9.986822667
0.533
30.7
0.0
 
2019-02-25T13:08:20,241157859+01:00
57.013875667
9.986821833
0.369
31.0
0.0
 
2019-02-25T13:08:21,226329846+01:00
57.013881333
9.986829167
0.272
31.0
0.0
 
2019-02-25T13:08:22,235188766+01:00
57.013878333
9.9868465
0.238
30.8
0.0
 
2019-02-25T13:08:23,227399944+01:00
57.013880833
9.986854333
0.319
30.1
0.0
 
2019-02-25T13:08:24,226527305+01:00
57.013884
9.986853667
0.286
29.8
0.0
 
2019-02-25T13:08:25,222886505+01:00
57.013883333
9.9868575
0.287
30.1
0.0
 
2019-02-25T13:08:26,228498065+01:00
57.013867833
9.9868475
0.279
30.4
0.0
 
2019-02-25T13:08:27,225343400+01:00
57.013860667
9.986866167
0.55
30.4
0.0
 
2019-02-25T13:08:28,230125427+01:00
57.01386
9.986867333
0.434
30.4
0.0
 
2019-02-25T13:08:29,229108522+01:00
57.013845167
9.986853167
0.656
30.0
0.0
 
2019-02-25T13:08:30,233034354+01:00
57.013847333
9.986866
0.457
29.5
0.0
 
2019-02-25T13:08:31,240326458+01:00
57.0138595
9.9868645
0.14
28.9
0.0
 
2019-02-25T13:08:32,232863451+01:00
57.013855833
9.986880333
0.414
28.4
0.0
 
2019-02-25T13:08:33,236524127+01:00
57.013856667
9.986878167
0.24
27.7
0.0
 
2019-02-25T13:08:34,233008606+01:00
57.013866
9.986850667
0.077
30.0
0.0
 
2019-02-25T13:08:35,243747360+01:00
57.0138665
9.9868585
0.275
30.9
0.0
 
2019-02-25T13:08:36,243622485+01:00
57.013858167
9.986843167
0.404
32.3
0.0
 
2019-02-25T13:08:37,229729883+01:00
57.0138625
9.986849167
0.231
31.7
0.0
 
2019-02-25T13:08:38,228375541+01:00
57.013859333
9.986848
0.267
31.4
0.0
 
2019-02-25T13:08:39,225358125+01:00
57.013848833
9.986854167
0.48
30.8
0.0
 
2019-02-25T13:08:40,228912289+01:00
57.0138415
9.986846333
0.502
29.8
0.0
 
2019-02-25T13:08:41,230206911+01:00
57.013845167
9.986862
0.295
29.0
0.0
 
2019-02-25T13:08:42,234270243+01:00
57.013841167
9.986862
0.257
27.4
0.0
 
2019-02-25T13:08:43,229791711+01:00
57.013844167
9.986855
0.188
28.3
0.0
 
2019-02-25T13:08:44,234820305+01:00
57.013844333
9.986847167
0.243
30.5
0.0
 
2019-02-25T13:08:45,221813130+01:00
nan
nan
nan
nan
nan
 
2019-02-25T13:08:46,231402784+01:00
57.013848333
9.986845
0.193
27.0
0.0
 
2019-02-25T13:08:47,231256081+01:00
57.0138325
9.986804333
0.398
32.1
0.0
 
2019-02-25T13:08:48,243335842+01:00
57.013815667
9.986774333
0.717
35.2
0.0
 
2019-02-25T13:08:49,234134243+01:00
57.013806167
9.986743
0.904
34.8
0.0
 
2019-02-25T13:08:50,233293974+01:00
57.0137895
9.9867215
0.971
46.2
0.0
 
2019-02-25T13:08:51,239819355+01:00
57.013756667
9.986679667
1.53
47.7
0.0
 
2019-02-25T13:08:52,234269067+01:00
57.0137615
9.986686333
1.092
45.4
0.0
 
2019-02-25T13:08:53,240755621+01:00
57.013753833
9.986681333
0.94
44.7
0.0
 
2019-02-25T13:08:54,240961293+01:00
57.013741333
9.986687667
0.839
43.5
0.0
 
2019-02-25T13:08:55,237027999+01:00
57.013747333
9.9866735
0.674
43.5
0.0
 
2019-02-25T13:08:56,236412500+01:00
57.013744333
9.986681167
0.448
43.4
0.0
 
2019-02-25T13:08:57,239259776+01:00
57.013739
9.986681667
0.448
43.3
0.0
 
2019-02-25T13:08:58,239506953+01:00
57.013738833
9.9866675
0.482
43.1
0.0
 
2019-02-25T13:09:02,227067094+01:00
nan
nan
nan
nan
nan
 
2019-02-25T13:09:03,240603702+01:00
nan
nan
nan
nan
nan
 
2019-02-25T13:09:04,221458066+01:00
nan
nan
nan
nan
nan
 
2019-02-25T13:09:05,229679051+01:00
nan
nan
nan
nan
nan
 
2019-02-25T13:09:06,389165287+01:00
nan
nan
nan
nan
nan
 
2019-02-25T13:09:07,224440524+01:00
nan
nan
nan
nan
nan
 
2019-02-25T13:09:08,223346981+01:00
nan
nan
nan
nan
nan
 
2019-02-25T13:09:09,225708317+01:00
nan
nan
nan
nan
nan
 
2019-02-25T13:09:10,226659902+01:00
nan
nan
nan
nan
nan
 
2019-02-25T13:09:11,243364644+01:00
nan
nan
nan
nan
nan
 
2019-02-25T13:09:12,390264188+01:00
nan
nan
nan
nan
nan
 
2019-02-25T13:09:13,226463211+01:00
nan
nan
nan
nan
nan
 
2019-02-25T13:09:14,223955943+01:00
nan
nan
nan
nan
nan
 
2019-02-25T13:09:15,237791133+01:00
nan
nan
nan
nan
nan
 
2019-02-25T13:09:16,227405564+01:00
nan
nan
nan
nan
nan
 
2019-02-25T13:09:17,225061586+01:00
nan
nan
nan
nan
nan
 
2019-02-25T13:09:18,420771302+01:00
nan
nan
nan
nan
nan
 
2019-02-25T13:09:19,230802628+01:00
nan
nan
nan
nan
nan
 
2019-02-25T13:09:20,233837838+01:00
nan
nan
nan
nan
nan
 
2019-02-25T13:09:21,221958070+01:00
nan
nan
nan
nan
nan
 
2019-02-25T13:09:22,224349522+01:00
nan
nan
nan
nan
nan
 
2019-02-25T13:09:23,251039347+01:00
nan
nan
nan
nan
nan
 
2019-02-25T13:09:24,389471355+01:00
nan
nan
nan
nan
nan
 
2019-02-25T13:09:25,235687948+01:00
nan
nan
nan
nan
nan
 
2019-02-25T13:09:26,225880088+01:00
nan
nan
nan
nan
nan
 
2019-02-25T13:09:27,228954064+01:00
nan
nan
nan
nan
nan
 
2019-02-25T13:09:28,228690239+01:00
nan
nan
nan
nan
nan
 
2019-02-25T13:09:29,241328300+01:00
nan
nan
nan
nan
nan
 
2019-02-25T13:09:30,389651564+01:00
nan
nan
nan
nan
nan
 
2019-02-25T13:09:31,232588444+01:00
nan
nan
nan
nan
nan
 
2019-02-25T13:09:32,224721659+01:00
nan
nan
nan
nan
nan
 
2019-02-25T13:09:33,239787244+01:00
nan
nan
nan
nan
nan
 
2019-02-25T13:09:34,230947708+01:00
nan
nan
nan
nan
nan
 
2019-02-25T13:09:35,237955485+01:00
nan
nan
nan
nan
nan
 
2019-02-25T13:09:36,397643037+01:00
nan
nan
nan
nan
nan
 
2019-02-25T13:09:37,233734053+01:00
nan
nan
nan
nan
nan
 
2019-02-25T13:09:38,238931505+01:00
nan
nan
nan
nan
nan
 
2019-02-25T13:09:39,256134712+01:00
nan
nan
nan
nan
nan
 
2019-02-25T13:09:40,236762665+01:00
nan
nan
nan
nan
nan
 
2019-02-25T13:09:41,237043878+01:00
nan
nan
nan
nan
nan
 
2019-02-25T13:09:42,392513901+01:00
nan
nan
nan
nan
nan
 
2019-02-25T13:09:43,254979334+01:00
nan
nan
nan
nan
nan
 
2019-02-25T13:09:44,232658601+01:00
nan
nan
nan
nan
nan
 
2019-02-25T13:09:45,245733958+01:00
nan
nan
nan
nan
nan
 
2019-02-25T13:09:46,231166248+01:00
nan
nan
nan
nan
nan
 
2019-02-25T13:09:47,237630243+01:00
nan
nan
nan
nan
nan
 
2019-02-25T13:09:48,400208133+01:00
nan
nan
nan
nan
nan
 
2019-02-25T13:09:49,234436210+01:00
nan
nan
nan
nan
nan
 
2019-02-25T13:09:50,232820499+01:00
nan
nan
nan
nan
nan
 
2019-02-25T13:09:51,247245236+01:00
nan
nan
nan
nan
nan
 
2019-02-25T13:09:52,236344891+01:00
nan
nan
nan
nan
nan
 
2019-02-25T13:09:53,256739364+01:00
nan
nan
nan
nan
nan
 
2019-02-25T13:09:53,770298920+01:00
57.0141025
9.986878833
0.785
40.8
0.0
 
2019-02-25T13:09:54,281516384+01:00
nan
nan
nan
nan
nan
 
2019-02-25T13:09:55,252226633+01:00
nan
nan
nan
nan
nan
 
2019-02-25T13:09:56,262682993+01:00
nan
nan
nan
nan
nan
 
2019-02-25T13:09:57,257306263+01:00
nan
nan
nan
nan
nan
 
2019-02-25T13:09:58,262305907+01:00
nan
nan
nan
nan
nan
 
2019-02-25T13:09:59,279175210+01:00
nan
nan
nan
nan
nan
 
2019-02-25T13:10:00,251618524+01:00
nan
nan
nan
nan
nan
 
2019-02-25T13:10:01,259819924+01:00
nan
nan
nan
nan
nan
 
2019-02-25T13:10:02,250534950+01:00
nan
nan
nan
nan
nan
 
2019-02-25T13:10:03,250473735+01:00
nan
nan
nan
nan
nan
 
2019-02-25T13:10:07,239664369+01:00
nan
nan
nan
nan
nan
 
2019-02-25T13:10:08,230564951+01:00
nan
nan
nan
nan
nan
 
2019-02-25T13:10:09,237124869+01:00
nan
nan
nan
nan
nan
 
2019-02-25T13:10:10,234292072+01:00
nan
nan
nan
nan
nan
 
2019-02-25T13:10:11,241697742+01:00
nan
nan
nan
nan
nan
 
2019-02-25T13:10:12,392671034+01:00
nan
nan
nan
nan
nan
 
2019-02-25T13:10:13,245301359+01:00
nan
nan
nan
nan
nan
 
2019-02-25T13:10:14,233374598+01:00
nan
nan
nan
nan
nan
 
2019-02-25T13:10:15,235744959+01:00
nan
nan
nan
nan
nan
 
2019-02-25T13:10:16,239484308+01:00
nan
nan
nan
nan
nan
 
2019-02-25T13:10:17,233930111+01:00
nan
nan
nan
nan
nan
 
2019-02-25T13:10:18,399202839+01:00
nan
nan
nan
nan
nan
 
2019-02-25T13:10:19,234439640+01:00
nan
nan
nan
nan
nan
 
2019-02-25T13:10:20,235148772+01:00
nan
nan
nan
nan
nan
 
2019-02-25T13:10:21,237287702+01:00
nan
nan
nan
nan
nan
 
2019-02-25T13:10:22,238831558+01:00
nan
nan
nan
nan
nan
 
2019-02-25T13:10:23,242573108+01:00
nan
nan
nan
nan
nan
 
2019-02-25T13:10:24,395091699+01:00
nan
nan
nan
nan
nan
 
2019-02-25T13:10:25,236427085+01:00
nan
nan
nan
nan
nan
 
2019-02-25T13:10:26,239788387+01:00
nan
nan
nan
nan
nan
 
2019-02-25T13:10:27,237551915+01:00
nan
nan
nan
nan
nan
 
2019-02-25T13:10:28,246023533+01:00
nan
nan
nan
nan
nan
 
2019-02-25T13:10:29,238030004+01:00
nan
nan
nan
nan
nan
 
2019-02-25T13:10:30,410199098+01:00
nan
nan
nan
nan
nan
 
2019-02-25T13:10:31,241979426+01:00
nan
nan
nan
nan
nan
 
2019-02-25T13:10:32,235154875+01:00
nan
nan
nan
nan
nan
 
2019-02-25T13:10:33,237968024+01:00
nan
nan
nan
nan
nan
 
2019-02-25T13:10:34,237787523+01:00
nan
nan
nan
nan
nan
 
2019-02-25T13:10:35,243240064+01:00
nan
nan
nan
nan
nan
 
2019-02-25T13:10:36,406293105+01:00
nan
nan
nan
nan
nan
 
2019-02-25T13:10:37,235193762+01:00
nan
nan
nan
nan
nan
 
2019-02-25T13:10:38,240650924+01:00
nan
nan
nan
nan
nan
 
2019-02-25T13:10:39,239439080+01:00
nan
nan
nan
nan
nan
 
2019-02-25T13:10:40,239152860+01:00
nan
nan
nan
nan
nan
 
2019-02-25T13:10:41,240599302+01:00
nan
nan
nan
nan
nan
 
2019-02-25T13:10:42,405143454+01:00
nan
nan
nan
nan
nan
 
2019-02-25T13:10:43,248206995+01:00
nan
nan
nan
nan
nan
 
2019-02-25T13:10:44,242638374+01:00
nan
nan
nan
nan
nan
 
2019-02-25T13:10:45,242472210+01:00
nan
nan
nan
nan
nan
 
2019-02-25T13:10:46,242302111+01:00
nan
nan
nan
nan
nan
 
2019-02-25T13:10:47,240554770+01:00
nan
nan
nan
nan
nan
 
2019-02-25T13:10:48,401724699+01:00
nan
nan
nan
nan
nan
 
2019-02-25T13:10:49,240444010+01:00
nan
nan
nan
nan
nan
 
2019-02-25T13:10:50,245735620+01:00
nan
nan
nan
nan
nan
 
2019-02-25T13:10:51,237800381+01:00
nan
nan
nan
nan
nan
 
2019-02-25T13:10:52,240812993+01:00
nan
nan
nan
nan
nan
 
2019-02-25T13:10:53,238955127+01:00
nan
nan
nan
nan
nan
 
2019-02-25T13:10:54,400381777+01:00
nan
nan
nan
nan
nan
 
2019-02-25T13:10:55,238094877+01:00
nan
nan
nan
nan
nan
 
2019-02-25T13:10:56,240025444+01:00
nan
nan
nan
nan
nan
 
2019-02-25T13:10:57,248188707+01:00
nan
nan
nan
nan
nan
 
2019-02-25T13:10:58,241723178+01:00
nan
nan
nan
nan
nan
 
2019-02-25T13:10:59,245154262+01:00
nan
nan
nan
nan
nan
 
2019-02-25T13:11:00,404036699+01:00
nan
nan
nan
nan
nan
 
2019-02-25T13:11:01,257137808+01:00
nan
nan
nan
nan
nan
 
2019-02-25T13:11:02,246068256+01:00
nan
nan
nan
nan
nan
 
2019-02-25T13:11:03,253144358+01:00
nan
nan
nan
nan
nan
 
2019-02-25T13:11:04,242422298+01:00
nan
nan
nan
nan
nan
 
2019-02-25T13:11:05,246132296+01:00
nan
nan
nan
nan
nan
 
2019-02-25T13:11:06,410061756+01:00
nan
nan
nan
nan
nan
 
2019-02-25T13:11:07,244993897+01:00
nan
nan
nan
nan
nan
 
2019-02-25T13:11:08,250419742+01:00
nan
nan
nan
nan
nan
 
2019-02-25T13:11:12,392757438+01:00
nan
nan
nan
nan
nan
 
2019-02-25T13:11:13,240360189+01:00
nan
nan
nan
nan
nan
 
2019-02-25T13:11:14,244820696+01:00
nan
nan
nan
nan
nan
 
2019-02-25T13:11:15,243346098+01:00
nan
nan
nan
nan
nan
 
2019-02-25T13:11:16,244914560+01:00
nan
nan
nan
nan
nan
 
2019-02-25T13:11:17,242212907+01:00
nan
nan
nan
nan
nan
 
2019-02-25T13:11:18,405837455+01:00
nan
nan
nan
nan
nan
 
2019-02-25T13:11:19,245486747+01:00
nan
nan
nan
nan
nan
 
2019-02-25T13:11:20,240866281+01:00
nan
nan
nan
nan
nan
 
2019-02-25T13:11:21,249391431+01:00
nan
nan
nan
nan
nan
 
2019-02-25T13:11:22,247631620+01:00
nan
nan
nan
nan
nan
 
2019-02-25T13:11:23,250366524+01:00
nan
nan
nan
nan
nan
 
2019-02-25T13:11:24,405616600+01:00
nan
nan
nan
nan
nan
 
2019-02-25T13:11:25,243569954+01:00
nan
nan
nan
nan
nan
 
2019-02-25T13:11:26,240171582+01:00
nan
nan
nan
nan
nan
 
2019-02-25T13:11:27,239962081+01:00
nan
nan
nan
nan
nan
 
2019-02-25T13:11:28,243798381+01:00
nan
nan
nan
nan
nan
 
2019-02-25T13:11:29,233619181+01:00
nan
nan
nan
nan
nan
 
2019-02-25T13:11:30,387708724+01:00
nan
nan
nan
nan
nan
 
2019-02-25T13:11:31,223601420+01:00
nan
nan
nan
nan
nan
 
2019-02-25T13:11:32,225207567+01:00
nan
nan
nan
nan
nan
 
2019-02-25T13:11:33,221223077+01:00
nan
nan
nan
nan
nan
 
2019-02-25T13:11:34,222640843+01:00
nan
nan
nan
nan
nan
 
2019-02-25T13:11:35,224835271+01:00
nan
nan
nan
nan
nan
 
2019-02-25T13:11:36,377125162+01:00
nan
nan
nan
nan
nan
 
2019-02-25T13:11:37,221690980+01:00
nan
nan
nan
nan
nan
 
2019-02-25T13:11:38,212114436+01:00
nan
nan
nan
nan
nan
 
2019-02-25T13:11:39,214883714+01:00
nan
nan
nan
nan
nan
 
2019-02-25T13:11:40,221942549+01:00
nan
nan
nan
nan
nan
 
2019-02-25T13:11:41,217105364+01:00
nan
nan
nan
nan
nan
 
2019-02-25T13:11:42,380985686+01:00
nan
nan
nan
nan
nan
 
2019-02-25T13:11:43,204154623+01:00
nan
nan
nan
nan
nan
 
2019-02-25T13:11:44,200283523+01:00
nan
nan
nan
nan
nan
 
2019-02-25T13:11:45,200821737+01:00
nan
nan
nan
nan
nan
 
2019-02-25T13:11:46,195576632+01:00
nan
nan
nan
nan
nan
 
2019-02-25T13:11:47,196048940+01:00
nan
nan
nan
nan
nan
 
2019-02-25T13:11:48,355745733+01:00
nan
nan
nan
nan
nan
 
2019-02-25T13:11:49,192170186+01:00
nan
nan
nan
nan
nan
 
2019-02-25T13:11:50,191131566+01:00
nan
nan
nan
nan
nan
 
2019-02-25T13:11:51,184931662+01:00
nan
nan
nan
nan
nan
 
2019-02-25T13:11:52,188236115+01:00
nan
nan
nan
nan
nan
 
2019-02-25T13:11:53,180940865+01:00
nan
nan
nan
nan
nan
 
2019-02-25T13:11:54,343574349+01:00
nan
nan
nan
nan
nan
 
2019-02-25T13:11:55,187694656+01:00
nan
nan
nan
nan
nan
 
2019-02-25T13:11:56,184576528+01:00
nan
nan
nan
nan
nan
 
2019-02-25T13:11:57,182717653+01:00
nan
nan
nan
nan
nan
 
2019-02-25T13:11:58,180455016+01:00
nan
nan
nan
nan
nan
 
2019-02-25T13:11:59,183043409+01:00
nan
nan
nan
nan
nan
 
2019-02-25T13:12:00,337974381+01:00
nan
nan
nan
nan
nan
 
2019-02-25T13:12:01,176819066+01:00
nan
nan
nan
nan
nan
 
2019-02-25T13:12:02,177828821+01:00
nan
nan
nan
nan
nan
 
2019-02-25T13:12:03,171576949+01:00
nan
nan
nan
nan
nan
 
2019-02-25T13:12:04,177310415+01:00
nan
nan
nan
nan
nan
 
2019-02-25T13:12:05,168778029+01:00
nan
nan
nan
nan
nan
 
2019-02-25T13:12:06,317206946+01:00
nan
nan
nan
nan
nan
 
2019-02-25T13:12:07,169134083+01:00
nan
nan
nan
nan
nan
 
2019-02-25T13:12:08,181218115+01:00
nan
nan
nan
nan
nan
 
2019-02-25T13:12:09,166718974+01:00
nan
nan
nan
nan
nan
 
2019-02-25T13:12:10,166376147+01:00
nan
nan
nan
nan
nan
 
2019-02-25T13:12:11,161089837+01:00
nan
nan
nan
nan
nan
 
2019-02-25T13:12:12,309275094+01:00
nan
nan
nan
nan
nan
 
2019-02-25T13:12:13,162314209+01:00
nan
nan
nan
nan
nan
 
2019-02-25T13:12:17,153410283+01:00
nan
nan
nan
nan
nan
 
2019-02-25T13:12:18,310330808+01:00
nan
nan
nan
nan
nan
 
2019-02-25T13:12:19,144285391+01:00
nan
nan
nan
nan
nan
 
2019-02-25T13:12:20,146666814+01:00
nan
nan
nan
nan
nan
 
2019-02-25T13:12:21,141813169+01:00
nan
nan
nan
nan
nan
 
2019-02-25T13:12:22,145114206+01:00
nan
nan
nan
nan
nan
 
2019-02-25T13:12:23,142821315+01:00
nan
nan
nan
nan
nan
 
2019-02-25T13:12:24,304859495+01:00
nan
nan
nan
nan
nan
 
2019-02-25T13:12:25,139642729+01:00
nan
nan
nan
nan
nan
 
2019-02-25T13:12:26,141240302+01:00
nan
nan
nan
nan
nan
 
2019-02-25T13:12:27,143569209+01:00
nan
nan
nan
nan
nan
 
2019-02-25T13:12:28,138450266+01:00
nan
nan
nan
nan
nan
 
2019-02-25T13:12:29,141699108+01:00
nan
nan
nan
nan
nan
 
2019-02-25T13:12:30,299003862+01:00
nan
nan
nan
nan
nan
 
2019-02-25T13:12:31,138447832+01:00
nan
nan
nan
nan
nan
 
2019-02-25T13:12:32,142222780+01:00
nan
nan
nan
nan
nan
 
2019-02-25T13:12:33,140638650+01:00
nan
nan
nan
nan
nan
 
2019-02-25T13:12:34,135794920+01:00
nan
nan
nan
nan
nan
 
2019-02-25T13:12:35,139310077+01:00
nan
nan
nan
nan
nan
 
2019-02-25T13:12:36,295360877+01:00
nan
nan
nan
nan
nan
 
2019-02-25T13:12:37,133313043+01:00
nan
nan
nan
nan
nan
 
2019-02-25T13:12:38,142171300+01:00
nan
nan
nan
nan
nan
 
2019-02-25T13:12:39,134892892+01:00
nan
nan
nan
nan
nan
 
2019-02-25T13:12:40,135961106+01:00
nan
nan
nan
nan
nan
 
2019-02-25T13:12:41,134839547+01:00
nan
nan
nan
nan
nan
 
2019-02-25T13:12:41,654084588+01:00
nan
nan
nan
nan
nan
 
2019-02-25T13:12:42,130998682+01:00
nan
nan
nan
nan
nan
 
2019-02-25T13:12:43,133804191+01:00
nan
nan
nan
nan
nan
 
2019-02-25T13:12:44,144080712+01:00
nan
nan
nan
nan
nan
 
2019-02-25T13:12:45,133272676+01:00
nan
nan
nan
nan
nan
 
2019-02-25T13:12:46,130778370+01:00
nan
nan
nan
nan
nan
 
2019-02-25T13:12:47,137176770+01:00
nan
nan
nan
nan
nan
 
2019-02-25T13:12:48,209659807+01:00
nan
nan
nan
nan
nan
 
2019-02-25T13:12:49,286194581+01:00
nan
nan
nan
nan
nan
 
2019-02-25T13:12:50,222473458+01:00
nan
nan
nan
nan
nan
 
2019-02-25T13:12:51,283615819+01:00
nan
nan
nan
nan
nan
 
2019-02-25T13:12:52,297367749+01:00
nan
nan
nan
nan
nan
 
2019-02-25T13:12:53,300786624+01:00
nan
nan
nan
nan
nan
 
2019-02-25T13:12:54,299684502+01:00
nan
nan
nan
nan
nan
 
2019-02-25T13:12:55,295599874+01:00
nan
nan
nan
nan
nan
 
2019-02-25T13:12:56,293088585+01:00
nan
nan
nan
nan
nan
 
2019-02-25T13:12:57,286835777+01:00
nan
nan
nan
nan
nan
 
2019-02-25T13:12:58,278981096+01:00
nan
nan
nan
nan
nan
 
2019-02-25T13:12:59,298381169+01:00
nan
nan
nan
nan
nan
 
2019-02-25T13:13:00,287049679+01:00
nan
nan
nan
nan
nan
 
2019-02-25T13:13:01,289799234+01:00
nan
nan
nan
nan
nan
 
2019-02-25T13:13:02,270833038+01:00
nan
nan
nan
nan
nan
 
2019-02-25T13:13:03,266220865+01:00
nan
nan
nan
nan
nan
 
2019-02-25T13:13:04,277661116+01:00
nan
nan
nan
nan
nan
 
2019-02-25T13:13:05,272425075+01:00
nan
nan
nan
nan
nan
 
2019-02-25T13:13:06,277499836+01:00
nan
nan
nan
nan
nan
 
2019-02-25T13:13:07,277775882+01:00
nan
nan
nan
nan
nan
 
2019-02-25T13:13:08,125107687+01:00
nan
nan
nan
nan
nan
 
2019-02-25T13:13:09,119698879+01:00
nan
nan
nan
nan
nan
 
2019-02-25T13:13:10,191421114+01:00
nan
nan
nan
nan
nan
 
2019-02-25T13:13:11,169837302+01:00
nan
nan
nan
nan
nan
 
2019-02-25T13:13:12,208652681+01:00
nan
nan
nan
nan
nan
 
2019-02-25T13:13:13,255220154+01:00
nan
nan
nan
nan
nan
 
2019-02-25T13:13:14,254347385+01:00
nan
nan
nan
nan
nan
 
2019-02-25T13:13:15,192258228+01:00
nan
nan
nan
nan
nan
 
2019-02-25T13:13:16,316066538+01:00
nan
nan
nan
nan
nan
 
2019-02-25T13:13:17,248120151+01:00
nan
nan
nan
nan
nan
 
2019-02-25T13:13:18,252966580+01:00
nan
nan
nan
nan
nan
 
2019-02-25T13:13:21,096175834+01:00
nan
nan
nan
nan
nan
 
2019-02-25T13:13:22,098000454+01:00
nan
nan
nan
nan
nan
 
2019-02-25T13:13:23,096407931+01:00
nan
nan
nan
nan
nan
 
2019-02-25T13:13:24,255747192+01:00
nan
nan
nan
nan
nan
 
2019-02-25T13:13:25,098093304+01:00
nan
nan
nan
nan
nan
 
2019-02-25T13:13:26,100989344+01:00
nan
nan
nan
nan
nan
 
2019-02-25T13:13:27,096037246+01:00
nan
nan
nan
nan
nan
 
2019-02-25T13:13:28,095966754+01:00
nan
nan
nan
nan
nan
 
2019-02-25T13:13:29,102080715+01:00
nan
nan
nan
nan
nan
 
2019-02-25T13:13:30,257469266+01:00
nan
nan
nan
nan
nan
 
2019-02-25T13:13:31,106678196+01:00
nan
nan
nan
nan
nan
 
2019-02-25T13:13:32,093631625+01:00
nan
nan
nan
nan
nan
 
2019-02-25T13:13:33,097714462+01:00
nan
nan
nan
nan
nan
 
2019-02-25T13:13:34,096906464+01:00
nan
nan
nan
nan
nan
 
2019-02-25T13:13:35,100943224+01:00
nan
nan
nan
nan
nan
 
2019-02-25T13:13:36,251807287+01:00
nan
nan
nan
nan
nan
 
2019-02-25T13:13:37,088699437+01:00
nan
nan
nan
nan
nan
 
2019-02-25T13:13:38,097509040+01:00
nan
nan
nan
nan
nan
 
2019-02-25T13:13:39,090033845+01:00
nan
nan
nan
nan
nan
 
2019-02-25T13:13:40,088598947+01:00
nan
nan
nan
nan
nan
 
2019-02-25T13:13:41,093721373+01:00
nan
nan
nan
nan
nan
 
2019-02-25T13:13:42,249331347+01:00
nan
nan
nan
nan
nan
 
2019-02-25T13:13:43,093071316+01:00
nan
nan
nan
nan
nan
 
2019-02-25T13:13:44,088475120+01:00
nan
nan
nan
nan
nan
 
2019-02-25T13:13:45,089876740+01:00
nan
nan
nan
nan
nan
 
2019-02-25T13:13:46,090291372+01:00
nan
nan
nan
nan
nan
 
2019-02-25T13:13:47,087639833+01:00
nan
nan
nan
nan
nan
 
2019-02-25T13:13:48,255316958+01:00
nan
nan
nan
nan
nan
 
2019-02-25T13:13:49,087756870+01:00
nan
nan
nan
nan
nan
 
2019-02-25T13:13:50,095934014+01:00
nan
nan
nan
nan
nan
 
2019-02-25T13:13:51,084112406+01:00
nan
nan
nan
nan
nan
 
2019-02-25T13:13:52,091477297+01:00
nan
nan
nan
nan
nan
 
2019-02-25T13:13:53,084006928+01:00
nan
nan
nan
nan
nan
 
2019-02-25T13:13:54,249211961+01:00
nan
nan
nan
nan
nan
 
2019-02-25T13:13:55,086218000+01:00
nan
nan
nan
nan
nan
 
2019-02-25T13:13:56,080725130+01:00
nan
nan
nan
nan
nan
 
2019-02-25T13:13:57,088055947+01:00
nan
nan
nan
nan
nan
 
2019-02-25T13:13:58,084533618+01:00
nan
nan
nan
nan
nan
 
2019-02-25T13:13:59,081648190+01:00
nan
nan
nan
nan
nan
 
2019-02-25T13:14:00,249502513+01:00
nan
nan
nan
nan
nan
 
2019-02-25T13:14:01,083364672+01:00
nan
nan
nan
nan
nan
 
2019-02-25T13:14:02,081812335+01:00
nan
nan
nan
nan
nan
 
2019-02-25T13:14:03,085490953+01:00
nan
nan
nan
nan
nan
 
2019-02-25T13:14:04,084642357+01:00
nan
nan
nan
nan
nan
 
2019-02-25T13:14:05,082434524+01:00
nan
nan
nan
nan
nan
 
2019-02-25T13:14:06,248901564+01:00
nan
nan
nan
nan
nan
 
2019-02-25T13:14:07,083318276+01:00
nan
nan
nan
nan
nan
 
2019-02-25T13:14:08,081267022+01:00
nan
nan
nan
nan
nan
 
2019-02-25T13:14:09,087225197+01:00
nan
nan
nan
nan
nan
 
2019-02-25T13:14:10,078291596+01:00
nan
nan
nan
nan
nan
 
2019-02-25T13:14:11,080460355+01:00
nan
nan
nan
nan
nan
 
2019-02-25T13:14:12,248739666+01:00
nan
nan
nan
nan
nan
 
2019-02-25T13:14:13,078365329+01:00
nan
nan
nan
nan
nan
 
2019-02-25T13:14:14,077484297+01:00
nan
nan
nan
nan
nan
 
2019-02-25T13:14:15,074493109+01:00
nan
nan
nan
nan
nan
 
2019-02-25T13:14:16,083166181+01:00
nan
nan
nan
nan
nan
 
2019-02-25T13:14:17,071604422+01:00
nan
nan
nan
nan
nan
 
2019-02-25T13:14:18,091721142+01:00
nan
nan
nan
nan
nan
 
2019-02-25T13:14:18,664557905+01:00
nan
nan
nan
nan
nan
 
2019-02-25T13:14:19,083077630+01:00
nan
nan
nan
nan
nan
 
2019-02-25T13:14:20,132690214+01:00
nan
nan
nan
nan
nan
 
2019-02-25T13:14:21,084668911+01:00
nan
nan
nan
nan
nan
 
2019-02-25T13:14:22,086998016+01:00
nan
nan
nan
nan
nan
 
2019-02-25T13:14:26,078609039+01:00
nan
nan
nan
nan
nan
 
2019-02-25T13:14:27,073584182+01:00
nan
nan
nan
nan
nan
 
2019-02-25T13:14:27,609781152+01:00
nan
nan
nan
nan
nan
 
2019-02-25T13:14:28,096793717+01:00
nan
nan
nan
nan
nan
 
2019-02-25T13:14:29,082985317+01:00
nan
nan
nan
nan
nan
 
2019-02-25T13:14:30,085450685+01:00
nan
nan
nan
nan
nan
 
2019-02-25T13:14:31,080330584+01:00
nan
nan
nan
nan
nan
 
2019-02-25T13:14:32,084175036+01:00
nan
nan
nan
nan
nan
 
2019-02-25T13:14:33,078135190+01:00
nan
nan
nan
nan
nan
 
2019-02-25T13:14:34,132366401+01:00
nan
nan
nan
nan
nan
 
2019-02-25T13:14:35,086246585+01:00
nan
nan
nan
nan
nan
 
2019-02-25T13:14:36,092687274+01:00
nan
nan
nan
nan
nan
 
2019-02-25T13:14:37,091095189+01:00
57.013837667
9.986767
0.533
13.2
0.0
 
2019-02-25T13:14:38,082313488+01:00
57.013844167
9.986762833
0.514
14.9
0.0
 
2019-02-25T13:14:39,080916385+01:00
57.013845167
9.986761333
0.351
16.2
0.0
 
2019-02-25T13:14:40,085835340+01:00
57.013855167
9.986771667
0.412
17.7
0.0
 
2019-02-25T13:14:41,093683984+01:00
57.013850667
9.986785667
0.467
17.0
0.0
 
2019-02-25T13:14:42,089015389+01:00
57.013853167
9.9867945
0.582
19.3
0.0
 
2019-02-25T13:14:43,084343321+01:00
57.013852
9.9867975
0.256
17.9
0.0
 
2019-02-25T13:14:44,085280866+01:00
57.013853833
9.9867975
0.426
17.9
0.0
 
2019-02-25T13:14:45,076757790+01:00
57.013846167
9.986800167
0.205
14.8
0.0
 
2019-02-25T13:14:46,086758178+01:00
57.013853167
9.986811667
0.85
15.3
0.0
 
2019-02-25T13:14:47,078083115+01:00
57.013844833
9.986797833
0.718
13.7
0.0
 
2019-02-25T13:14:48,082807613+01:00
57.013847667
9.986788333
0.667
13.8
0.0
 
2019-02-25T13:14:49,081731943+01:00
57.013838167
9.986784
0.414
12.6
0.0
 
2019-02-25T13:14:50,080545817+01:00
57.013833
9.9867815
0.326
11.9
0.0
 
2019-02-25T13:14:51,079382317+01:00
57.013833167
9.986783167
0.158
10.8
0.0
 
2019-02-25T13:14:52,082508089+01:00
57.013836
9.986774667
0.647
10.5
0.0
 
2019-02-25T13:14:53,075438920+01:00
57.013843167
9.986782833
0.48
11.8
0.0
 
2019-02-25T13:14:54,077455662+01:00
57.013848167
9.986789833
0.373
12.4
0.0
 
2019-02-25T13:14:55,077716020+01:00
57.013853
9.986794
0.394
12.8
0.0
 
2019-02-25T13:14:56,076975550+01:00
57.013857
9.986790833
0.471
14.2
0.0
 
2019-02-25T13:14:57,084669361+01:00
57.013855833
9.986790167
0.353
13.6
0.0
 
2019-02-25T13:14:58,079338616+01:00
57.013852
9.986782167
0.326
13.0
0.0
 
2019-02-25T13:14:59,083551824+01:00
57.013857167
9.986766
0.689
14.3
0.0
 
2019-02-25T13:15:00,082615610+01:00
57.013846167
9.986767667
0.389
13.9
0.0
 
2019-02-25T13:15:01,081866426+01:00
57.013848667
9.986778333
0.068
14.8
0.0
 
2019-02-25T13:15:02,082958795+01:00
57.013845
9.9867685
0.246
15.7
0.0
 
2019-02-25T13:15:03,072906614+01:00
57.0138345
9.98677
0.369
16.3
0.0
 
2019-02-25T13:15:04,077361927+01:00
57.013826833
9.986781333
0.544
17.1
0.0
 
2019-02-25T13:15:05,072350739+01:00
57.013821167
9.986771667
0.401
14.8
0.0
 
2019-02-25T13:15:06,077553008+01:00
57.0138225
9.986778167
0.335
15.7
0.0
 
2019-02-25T13:15:07,074654966+01:00
57.0138215
9.986782167
0.295
15.9
0.0
 
2019-02-25T13:15:08,075224953+01:00
57.013823167
9.986778
0.203
16.5
0.0
 
2019-02-25T13:15:09,075362311+01:00
57.013826833
9.986781
0.076
16.8
0.0
 
2019-02-25T13:15:10,075185807+01:00
57.0138195
9.986765
0.491
16.6
0.0
 
2019-02-25T13:15:11,072635947+01:00
57.013819
9.986767
0.318
17.2
0.0
 
2019-02-25T13:15:12,079739050+01:00
57.013821167
9.986768833
0.26
17.9
0.0
 
2019-02-25T13:15:13,074868651+01:00
57.013831333
9.986771333
0.138
18.8
0.0
 
2019-02-25T13:15:14,070777224+01:00
57.013824833
9.9867745
0.269
19.2
0.0
 
2019-02-25T13:15:15,069214955+01:00
57.013832667
9.986785333
0.113
20.0
0.0
 
2019-02-25T13:15:16,072431526+01:00
57.013838
9.986790167
0.663
21.4
nan
 
2019-02-25T13:15:17,079578427+01:00
57.013839667
9.986801667
0.26
22.1
0.0
 
2019-02-25T13:15:18,076482366+01:00
57.013838
9.986807833
0.279
23.3
0.0
 
2019-02-25T13:15:19,074833706+01:00
57.013852333
9.986824333
0.402
24.6
0.0
 
2019-02-25T13:15:20,074510918+01:00
57.0138595
9.986829833
0.376
25.1
0.0
 
2019-02-25T13:15:21,072746414+01:00
57.01387
9.986833333
0.493
25.8
0.0
 
2019-02-25T13:15:22,078556068+01:00
57.013875333
9.986844
0.546
26.2
0.0
 
2019-02-25T13:15:23,089420181+01:00
57.013894833
9.986866167
0.923
27.3
0.0
 
2019-02-25T13:15:24,076268267+01:00
57.013882
9.986848
0.207
28.6
0.0
 
2019-02-25T13:15:25,064703572+01:00
57.0138775
9.986842167
0.113
29.0
0.0
 
2019-02-25T13:15:26,073062490+01:00
57.013885167
9.986845667
0.241
29.7
0.0
 
2019-02-25T13:15:27,069878002+01:00
57.013884667
9.986848
0.052
30.5
0.0
 
2019-02-25T13:15:31,058003376+01:00
nan
nan
nan
nan
nan
 
2019-02-25T13:15:32,054024731+01:00
nan
nan
nan
nan
nan
 
2019-02-25T13:15:33,068274002+01:00
nan
nan
nan
nan
nan
 
2019-02-25T13:15:34,056410265+01:00
nan
nan
nan
nan
nan
 
2019-02-25T13:15:34,956032777+01:00

 
