
2019-02-25T13:30:00,092394879+01:00
57.013830167
9.986794667
0.16
nan
0.0
 
2019-02-25T13:30:01,096952029+01:00
57.013825833
9.986791667
0.082
nan
0.0
 
2019-02-25T13:30:02,099063188+01:00
57.013824667
9.986789667
0.113
nan
0.0
 
2019-02-25T13:30:03,094483720+01:00
57.013821833
9.9867875
0.155
nan
0.0
 
2019-02-25T13:30:04,090299711+01:00
57.013816333
9.986781833
0.297
nan
0.0
 
2019-02-25T13:30:05,102439860+01:00
57.013813
9.986776833
0.364
nan
0.0
 
2019-02-25T13:30:06,167811631+01:00
57.013810667
9.986774167
0.309
nan
0.0
 
2019-02-25T13:30:10,080589815+01:00
nan
nan
nan
nan
nan
 
2019-02-25T13:30:11,081227490+01:00
nan
nan
nan
nan
nan
 
2019-02-25T13:30:12,230453028+01:00
nan
nan
nan
nan
nan
 
2019-02-25T13:30:13,090382493+01:00
nan
nan
nan
nan
nan
 
2019-02-25T13:30:14,086194675+01:00
nan
nan
nan
nan
nan
 
2019-02-25T13:30:15,085245079+01:00
nan
nan
nan
nan
nan
 
2019-02-25T13:30:16,087090789+01:00
nan
nan
nan
nan
nan
 
2019-02-25T13:30:17,076431191+01:00
nan
nan
nan
nan
nan
 
2019-02-25T13:30:18,241496843+01:00
nan
nan
nan
nan
nan
 
2019-02-25T13:30:19,104585616+01:00
nan
nan
nan
nan
nan
 
2019-02-25T13:30:20,076097048+01:00
nan
nan
nan
nan
nan
 
2019-02-25T13:30:21,109872820+01:00
nan
nan
nan
nan
nan
 
2019-02-25T13:30:22,095767202+01:00
nan
nan
nan
nan
nan
 
2019-02-25T13:30:23,144916208+01:00
nan
nan
nan
nan
nan
 
2019-02-25T13:30:24,097814442+01:00
nan
nan
nan
nan
nan
 
2019-02-25T13:30:25,101868199+01:00
nan
nan
nan
nan
nan
 
2019-02-25T13:30:26,130568307+01:00
57.013786833
9.986677
0.507
nan
0.0
 
2019-02-25T13:30:27,097709296+01:00
57.013854333
9.986697333
0.676
nan
0.0
 
2019-02-25T13:30:28,090648303+01:00
57.013866333
9.98671
0.66
nan
0.0
 
2019-02-25T13:30:29,086761927+01:00
57.013873
9.986708167
0.568
nan
0.0
 
2019-02-25T13:30:30,106026059+01:00
57.013873833
9.986720167
0.287
nan
0.0
 
2019-02-25T13:30:31,129483307+01:00
57.013873167
9.986726
0.336
nan
0.0
 
2019-02-25T13:30:32,115225870+01:00
57.01386
9.986711
1.371
nan
0.0
 
2019-02-25T13:30:33,111038182+01:00
57.013858833
9.986702
1.078
nan
0.0
 
2019-02-25T13:30:34,113383458+01:00
57.013868
9.9867165
0.182
nan
0.0
 
2019-02-25T13:30:35,104772286+01:00
57.013888333
9.9867305
0.826
nan
0.0
 
2019-02-25T13:30:36,082182942+01:00
57.0139095
9.986750833
1.405
nan
0.0
 
