
2019-05-07T15:17:47,253259769+02:00
57.014028433
9.987117836
0.1116
46.141
22.0589
 
2019-05-07T15:17:47,454484391+02:00
57.014028274
9.987117646
0.0504
46.129
46.2315
 
2019-05-07T15:17:47,651533763+02:00
57.014028029
9.987117236
0.1872
46.135
212.9066
 
2019-05-07T15:17:47,850396337+02:00
57.014027809
9.987116855
0.234
46.127
207.6147
 
2019-05-07T15:17:48,057386720+02:00
57.014027173
9.987116445
0.4896
46.066
200.2283
 
2019-05-07T15:17:48,255284032+02:00
57.014026867
9.987116254
0.4356
46.028
191.2671
 
2019-05-07T15:17:48,452680401+02:00
57.014026634
9.987116035
0.4572
46.021
190.7863
 
2019-05-07T15:17:48,657919917+02:00
57.014026377
9.987115844
0.4644
45.992
199.6484
 
2019-05-07T15:17:48,859179817+02:00
57.014026416
9.987115711
0.0864
45.977
199.4713
 
2019-05-07T15:17:49,075812236+02:00
57.014026232
9.987115491
0.1656
45.979
194.46
 
2019-05-07T15:17:49,278469694+02:00
57.014026452
9.98711552
0.0396
45.999
334.8713
 
2019-05-07T15:17:49,460124371+02:00
57.014026121
9.987115301
0.306
45.975
185.8345
 
2019-05-07T15:17:49,662174534+02:00
57.01402617
9.987115301
0.1008
45.983
200.9175
 
2019-05-07T15:17:49,857649915+02:00
57.014026488
9.987115682
0.1836
46.008
64.8214
 
2019-05-07T15:17:50,067736054+02:00
57.014026206
9.987115463
0.0648
45.992
213.502
 
2019-05-07T15:17:50,263402360+02:00
57.014026486
9.987115625
0.144
46.044
355.8311
 
2019-05-07T15:17:50,465842598+02:00
57.014026374
9.98711573
0.0288
46.064
11.8563
 
2019-05-07T15:17:50,665614419+02:00
57.014026592
9.987116054
0.1692
46.108
47.9819
 
2019-05-07T15:17:50,864218464+02:00
57.014026946
9.987116598
0.342
46.142
33.0415
 
2019-05-07T15:17:51,063238703+02:00
57.01402726
9.987116865
0.2088
46.238
15.0455
 
2019-05-07T15:17:51,269358994+02:00
57.014027137
9.987116836
0.2088
46.235
27.1607
 
2019-05-07T15:17:51,480123648+02:00
57.014027097
9.987116913
0.054
46.286
309.4373
 
2019-05-07T15:17:51,684526358+02:00
57.014026925
9.987116884
0.1368
46.274
37.7251
 
2019-05-07T15:17:51,908316532+02:00
57.014027252
9.987117342
0.144
46.358
50.6211
 
2019-05-07T15:17:52,097316365+02:00
57.014027288
9.987117504
0.1332
46.367
57.1076
 
2019-05-07T15:17:52,483252098+02:00
57.014027898
9.987118238
0.3024
46.431
43.395
 
2019-05-07T15:17:52,709210605+02:00
57.014028261
9.987118505
0.1188
46.535
17.5127
 
2019-05-07T15:17:53,089975312+02:00
57.014028604
9.987118915
0.2556
46.546
30.7401
 
2019-05-07T15:17:53,480144090+02:00
57.014028664
9.987119049
0.1872
46.578
26.591
 
2019-05-07T15:17:53,878570183+02:00
57.01402957
9.987119487
0.1188
46.667
17.5127
 
2019-05-07T15:17:54,078103776+02:00
57.014029532
9.987119621
0.0468
46.682
211.6219
 
2019-05-07T15:17:54,303274757+02:00
57.01402929
9.987119325
0.1548
46.616
237.5074
 
2019-05-07T15:17:54,479133905+02:00
57.014029042
9.987119211
0.2952
46.646
198.0022
 
2019-05-07T15:17:54,677048244+02:00
57.014029373
9.98711943
0.1188
46.67
267.7986
 
2019-05-07T15:17:54,887596284+02:00
57.01402936
9.987119592
0.072
46.671
195.0583
 
2019-05-07T15:17:55,081822828+02:00
57.0140295
9.987119833
0.1404
47.4
0.0
 
2019-05-07T15:17:55,292198845+02:00
57.014029667
9.98711984
0.1944
46.672
200.0523
 
2019-05-07T15:17:55,684556518+02:00
57.014030339
9.987120412
0.1008
46.743
93.5726
 
2019-05-07T15:17:56,091118577+02:00
57.014030892
9.987120717
0.0396
46.751
0.0
 
2019-05-07T15:17:56,312320437+02:00
57.014031493
9.987120964
0.108
46.803
44.6634
 
2019-05-07T15:17:56,689585937+02:00
57.014031442
9.987120907
0.3024
46.83
196.3304
 
2019-05-07T15:17:56,887747417+02:00
57.014031381
9.987120717
0.2484
46.834
215.4609
 
2019-05-07T15:17:57,097796911+02:00
57.014031269
9.987120822
0.3564
46.854
177.636
 
2019-05-07T15:17:57,485781727+02:00
57.014031085
9.98712025
0.5616
46.868
215.2363
 
2019-05-07T15:17:57,886137309+02:00
57.014031461
9.987120708
0.072
46.96
221.4716
 
2019-05-07T15:17:58,301298167+02:00
57.014031718
9.987120898
0.0288
46.989
191.8563
 
2019-05-07T15:17:58,700876378+02:00
57.014031362
9.98712065
0.1692
46.979
227.9819
 
2019-05-07T15:17:59,299029636+02:00
57.014031752
9.987121003
0.0612
47.034
223.395
 
2019-05-07T15:17:59,695283686+02:00
57.014032409
9.98712168
0.162
47.142
65.4632
 
2019-05-07T15:17:59,908156897+02:00
57.014032959
9.987121871
0.1368
47.221
347.6104
 
2019-05-07T15:18:00,286225786+02:00
57.014033068
9.987122004
0.0648
47.261
170.8946
 
2019-05-07T15:18:00,551964617+02:00
57.014033
9.987122167
0.054
48.0
0.0
 
2019-05-07T15:18:00,895113657+02:00
57.014032564
9.987122109
0.126
47.214
175.1761
 
2019-05-07T15:18:01,308793102+02:00
57.014032139
9.987122004
0.1836
47.102
176.7219
 
2019-05-07T15:18:01,687035866+02:00
57.01403221
9.987122329
0.018
47.12
0.0
 
2019-05-07T15:18:02,097208141+02:00
57.014032636
9.987122844
0.2196
47.185
6.5663
 
2019-05-07T15:18:02,505227348+02:00
57.014032394
9.987122901
0.0684
47.107
5.1748
 
2019-05-07T15:18:02,894542085+02:00
57.014032138
9.98712312
0.144
47.03
55.0818
 
2019-05-07T15:18:03,298422172+02:00
57.014032201
9.987123368
0.108
46.99
98.4024
 
2019-05-07T15:18:03,686830877+02:00
57.014031544
9.987123101
0.2664
46.835
186.6861
 
2019-05-07T15:18:04,096260085+02:00
57.014032061
9.987123596
0.0684
46.821
253.9648
 
2019-05-07T15:18:04,301876469+02:00
57.014031842
9.987123625
0.2556
46.765
185.5684
 
2019-05-07T15:18:04,699080221+02:00
57.014031955
9.987123929
0.1188
46.698
197.5127
 
2019-05-07T15:18:05,111295015+02:00
57.014031481
9.987123824
0.27
46.577
199.358
 
2019-05-07T15:18:05,512757636+02:00
57.014031093
9.987123939
0.3852
46.438
189.9859
 
2019-05-07T15:18:05,896724726+02:00
57.014030926
9.987124081
0.1944
46.319
180.0
 
2019-05-07T15:18:06,298571705+02:00
57.014031345
9.987124577
0.1044
46.289
78.5822
 
2019-05-07T15:18:06,690376835+02:00
57.014031642
9.987124691
0.0864
46.267
274.5221
 
2019-05-07T15:18:06,893910409+02:00
57.014031641
9.987125044
0.0396
46.255
162.039
 
2019-05-07T15:18:07,294452273+02:00
57.014031912
9.987125482
0.1476
46.236
182.4264
 
2019-05-07T15:18:07,714376453+02:00
57.014033246
9.987126493
0.1008
46.354
32.8301
 
2019-05-07T15:18:08,090722224+02:00
57.01403315
9.98712655
0.126
46.301
169.4661
 
2019-05-07T15:18:08,332374918+02:00
57.014032954
9.98712655
0.2844
46.268
208.7685
 
2019-05-07T15:18:08,696520863+02:00
57.014033603
9.98712715
0.0108
46.316
31.6219
 
2019-05-07T15:18:09,094895592+02:00
57.014033262
9.987127207
0.27
46.222
194.3265
 
2019-05-07T15:18:09,325657289+02:00
57.014033765
9.987127455
0.1332
46.257
237.1076
 
2019-05-07T15:18:09,693957387+02:00
57.014035144
9.987128704
0.27
46.443
23.7437
 
2019-05-07T15:18:09,926022849+02:00
57.014035343
9.987128466
0.27
46.417
335.9682
 
2019-05-07T15:18:10,295844750+02:00
57.014035037
9.987128628
0.1332
46.368
352.8676
 
2019-05-07T15:18:10,533314778+02:00
57.01403512
9.987128733
0.1368
46.421
246.6869
 
2019-05-07T15:18:10,902814556+02:00
57.014034327
9.987128599
0.1296
46.264
188.2983
 
2019-05-07T15:18:11,319824935+02:00
57.01403434
9.98712879
0.108
46.251
167.5366
 
2019-05-07T15:18:11,700795277+02:00
57.014034046
9.98712879
0.1836
46.201
223.395
 
2019-05-07T15:18:11,924683153+02:00
57.014034328
9.987129009
0.0396
46.216
247.9471
 
2019-05-07T15:18:12,307434344+02:00
57.014034292
9.9871292
0.1008
46.195
187.2119
 
2019-05-07T15:18:12,712544518+02:00
57.014033362
9.98712879
0.3996
46.083
187.2119
 
2019-05-07T15:18:13,096081418+02:00
57.014033309
9.987129028
0.45
46.135
201.9481
 
2019-05-07T15:18:13,507945538+02:00
57.014033196
9.987129133
0.2304
46.155
196.7262
 
2019-05-07T15:18:13,706721599+02:00
57.014032538
9.987128809
0.288
46.036
215.3415
 
2019-05-07T15:18:14,095545167+02:00
57.014032572
9.987128914
0.126
46.081
218.308
 
2019-05-07T15:18:14,313594441+02:00
57.014033121
9.987129458
0.2556
46.148
18.1033
 
2019-05-07T15:18:14,693072837+02:00
57.014033401
9.987129972
0.4248
46.188
18.244
 
2019-05-07T15:18:14,911780910+02:00
57.014033411
9.987130106
0.252
46.211
33.0582
 
2019-05-07T15:18:15,297709304+02:00
57.01403325
9.987130211
0.1188
46.223
326.8511
 
2019-05-07T15:18:15,693937892+02:00
57.014032883
9.98712983
0.1548
46.189
292.9825
 
2019-05-07T15:18:16,112490646+02:00
57.014032516
9.987129448
0.162
46.156
303.5445
 
2019-05-07T15:18:16,493473891+02:00
57.014032199
9.987129067
0.1368
46.132
37.7251
 
2019-05-07T15:18:16,895496190+02:00
57.014031428
9.987128848
0.5004
46.032
34.2492
 
2019-05-07T15:18:17,300739369+02:00
57.014030153
9.987127971
0.1836
45.946
241.3076
 
2019-05-07T15:18:17,533609472+02:00
57.014029847
9.987128133
0.0792
45.896
8.9731
 
2019-05-07T15:18:17,911593419+02:00
57.01402817
9.987126713
0.4068
45.767
219.2414
 
2019-05-07T15:18:18,301966606+02:00
57.014026212
9.987125483
0.1584
45.575
158.505
 
2019-05-07T15:18:18,502588234+02:00
57.014025395
9.987124616
0.0756
45.455
347.4057
 
2019-05-07T15:18:18,717868744+02:00
57.014024
9.987123415
0.5076
45.341
208.1704
 
2019-05-07T15:18:18,911051518+02:00
57.014022923
9.987122595
0.4644
45.252
196.7262
 
2019-05-07T15:18:19,117313351+02:00
57.014022473
9.987122108
0.1008
45.165
273.5726
 
2019-05-07T15:18:19,513893541+02:00
57.014021693
9.987121403
0.4212
45.055
8.5557
 
2019-05-07T15:18:19,714278241+02:00
57.014020851
9.987120507
0.1404
44.949
282.9148
 
2019-05-07T15:18:20,115739740+02:00
57.014019152
9.987119172
0.1584
44.762
229.2061
 
2019-05-07T15:18:20,524307299+02:00
57.014017455
9.987117895
0.3276
44.539
185.485
 
2019-05-07T15:18:20,917957915+02:00
57.014016291
9.987116856
0.27
44.468
239.5264
 
2019-05-07T15:18:21,118220783+02:00
57.014015766
9.987116693
0.1692
44.375
157.7178
 
2019-05-07T15:18:21,325873121+02:00
57.014015339
9.987116121
0.3636
44.346
209.7018
 
2019-05-07T15:18:21,729076380+02:00
57.014014045
9.987115035
0.2484
44.177
192.6825
 
2019-05-07T15:18:22,140339185+02:00
57.014014106
9.987115225
0.0864
44.173
117.1309
 
2019-05-07T15:18:22,544581805+02:00
57.01401367
9.987114987
0.252
44.037
300.2552
 
2019-05-07T15:18:22,928336452+02:00
57.014012956
9.987115197
0.144
43.994
170.8826
 
2019-05-07T15:18:23,183185420+02:00
57.014012455
9.987115006
0.0252
43.923
31.6219
 
2019-05-07T15:18:23,546511311+02:00
57.014011625
9.987114653
0.0936
43.792
279.9039
 
2019-05-07T15:18:23,934799062+02:00
57.0140099
9.987113643
0.5508
43.607
201.7623
 
2019-05-07T15:18:24,348558883+02:00
57.014008945
9.987113614
0.198
43.461
194.0592
 
2019-05-07T15:18:24,743556210+02:00
57.014007865
9.987113443
0.0396
43.384
247.9471
 
2019-05-07T15:18:25,138131993+02:00
57.014006806
9.987112632
0.1656
43.186
279.2593
 
2019-05-07T15:18:25,549465346+02:00
57.014006065
9.987112757
0.1332
43.192
203.7437
 
2019-05-07T15:18:25,955095826+02:00
57.014005537
9.98711289
0.2052
43.123
51.6394
 
2019-05-07T15:18:26,552975002+02:00
57.014005448
9.987114082
0.5724
43.094
28.7685
 
2019-05-07T15:18:26,950252436+02:00
57.014005153
9.987114788
0.4104
43.02
31.6584
 
2019-05-07T15:18:27,352368060+02:00
57.014004005
9.987114464
0.198
42.817
26.8929
 
2019-05-07T15:18:27,746958236+02:00
57.014002977
9.987114407
0.0756
42.676
59.438
 
2019-05-07T15:18:28,146954397+02:00
57.014002223
9.987114139
0.108
42.504
3.3043
 
2019-05-07T15:18:28,575108844+02:00
57.014002481
9.987115294
0.1764
42.664
44.5516
 
2019-05-07T15:18:28,949553919+02:00
57.014003014
9.987116295
0.4896
42.757
28.2818
 
2019-05-07T15:18:29,352789707+02:00
57.014002708
9.987116457
0.1296
42.708
59.3457
 
2019-05-07T15:18:29,748317163+02:00
57.014003198
9.987117277
0.6156
42.696
28.2199
 
2019-05-07T15:18:30,156328486+02:00
57.014003339
9.987117667
0.1332
42.579
9.9236
 
2019-05-07T15:18:30,558217936+02:00
57.01400332
9.987117867
0.1836
42.449
50.6582
 
2019-05-07T15:18:30,965922361+02:00
57.014003166
9.987117848
0.108
42.329
341.0458
 
2019-05-07T15:18:31,348635217+02:00
57.014003307
9.987118238
0.0792
42.211
139.2201
 
2019-05-07T15:18:31,763367181+02:00
57.014002871
9.987118
0.2988
42.076
227.6267
 
2019-05-07T15:18:32,158122258+02:00
57.01400273
9.987117818
0.1332
41.955
222.3488
 
2019-05-07T15:18:32,559916481+02:00
57.014003896
9.987119468
0.3744
42.169
31.6618
 
2019-05-07T15:18:32,956875020+02:00
57.014003723
9.987120145
0.18
42.134
91.1747
 
2019-05-07T15:18:33,359896307+02:00
57.014003749
9.987120583
0.1872
42.072
57.7086
 
2019-05-07T15:18:33,764689808+02:00
57.01400362
9.987120592
0.1224
41.938
115.2008
 
2019-05-07T15:18:34,161594632+02:00
57.014003576
9.987120764
0.4392
41.822
59.5189
 
2019-05-07T15:18:34,558119535+02:00
57.014003286
9.987120468
0.1548
41.748
349.1616
 
2019-05-07T15:18:34,957471629+02:00
57.014002924
9.987120258
0.0504
41.607
46.2314
 
2019-05-07T15:18:35,177870604+02:00
57.014002936
9.987120449
0.108
41.594
3.3043
 
2019-05-07T15:18:35,568907138+02:00
57.014002794
9.98712021
0.108
41.509
44.6634
 
2019-05-07T15:18:35,987286124+02:00
57.014002291
9.987119962
0.1224
41.474
291.6819
 
2019-05-07T15:18:36,407181269+02:00
57.014001402
9.987119123
0.144
41.324
175.8311
 
2019-05-07T15:18:36,762372057+02:00
57.014001089
9.987118913
0.2232
41.191
35.8685
 
2019-05-07T15:18:36,993656924+02:00
57.014000895
9.98711856
0.2052
41.17
300.5388
 
2019-05-07T15:18:37,164270459+02:00
57.014000333
9.987118167
0.072
41.8
0.0
 
2019-05-07T15:18:37,561021532+02:00
57.013999372
9.987117016
0.2988
40.934
246.0207
 
2019-05-07T15:18:37,761580486+02:00
57.013999005
9.987116634
0.2664
40.901
222.3488
 
2019-05-07T15:18:38,164239919+02:00
57.013998144
9.987115528
0.2124
40.713
247.1401
 
2019-05-07T15:18:38,571402675+02:00
57.013997511
9.987115232
0.162
40.58
176.3297
 
2019-05-07T15:18:38,968766750+02:00
57.013996828
9.98711488
0.2124
40.474
146.8803
 
2019-05-07T15:18:39,362227258+02:00
57.01399617
9.987114203
0.1836
40.367
199.3037
 
2019-05-07T15:18:39,762449797+02:00
57.013995521
9.987113955
0.1008
40.306
212.8301
 
2019-05-07T15:18:40,003427416+02:00
57.013995438
9.98711385
0.1152
40.253
82.8987
 
2019-05-07T15:18:40,363763082+02:00
57.013994805
9.987113201
0.1224
40.131
223.3949
 
2019-05-07T15:18:40,572500769+02:00
57.013994146
9.987112467
0.2952
40.06
217.2355
 
2019-05-07T15:18:40,959355934+02:00
57.013993634
9.987112143
0.0864
39.966
125.012
 
2019-05-07T15:18:41,373575859+02:00
57.013992845
9.987111361
0.0324
39.796
297.7622
 
2019-05-07T15:18:41,760871025+02:00
57.013992056
9.987110579
0.0864
39.627
235.7253
 
2019-05-07T15:18:42,005905513+02:00
57.013991752
9.987110445
0.0864
39.553
235.7253
 
2019-05-07T15:18:42,359265330+02:00
57.013991265
9.98711015
0.0324
39.446
297.7622
 
2019-05-07T15:18:42,767951072+02:00
57.013991011
9.987110016
0.1836
39.381
223.3949
 
2019-05-07T15:18:43,181836343+02:00
57.013990769
9.98710972
0.1944
39.315
236.202
 
2019-05-07T15:18:43,577669881+02:00
57.013990146
9.987109558
0.3492
39.205
187.2119
 
2019-05-07T15:18:43,965987562+02:00
57.013990465
9.98711035
0.1152
39.182
82.8987
 
2019-05-07T15:18:44,176780903+02:00
57.013990487
9.987111027
0.1872
39.18
113.8255
 
2019-05-07T15:18:44,577645004+02:00
57.013990354
9.987111274
0.1224
39.106
151.8426
 
2019-05-07T15:18:44,979774125+02:00
57.013989978
9.987110817
0.1944
39.014
236.202
 
2019-05-07T15:18:45,393606934+02:00
57.013989856
9.987111198
0.1008
38.963
140.8441
 
2019-05-07T15:18:45,768772088+02:00
57.013989221
9.987110845
0.252
38.866
195.4359
 
2019-05-07T15:18:46,167245863+02:00
57.013988822
9.987110416
0.0504
38.752
172.6884
 
2019-05-07T15:18:46,565739081+02:00
57.013988624
9.987110712
0.1944
38.742
119.082
 
2019-05-07T15:18:46,973370260+02:00
57.013988761
9.987110988
0.2592
38.697
65.7382
 
2019-05-07T15:18:48,556132335+02:00
nan
nan
nan
nan
nan
 
2019-05-07T15:18:48,966203117+02:00
nan
nan
nan
nan
nan
 
2019-05-07T15:18:49,367550880+02:00
nan
nan
nan
nan
nan
 
2019-05-07T15:18:49,775038481+02:00
nan
nan
nan
nan
nan
 
2019-05-07T15:18:50,191503369+02:00
nan
nan
nan
nan
nan
 
2019-05-07T15:18:50,388518130+02:00
nan
nan
nan
nan
nan
 
2019-05-07T15:18:50,790792144+02:00
nan
nan
nan
nan
nan
 
2019-05-07T15:18:51,418948014+02:00
57.014068667
9.987441333
2.466
41.2
0.0
 
2019-05-07T15:18:52,009142334+02:00
57.0140125
9.987351
0.4752
34.1
0.0
 
2019-05-07T15:18:52,433066708+02:00
57.0139545
9.987206667
0.3168
26.7
0.0
 
2019-05-07T15:18:52,816161680+02:00
57.013915333
9.987111667
0.2376
21.2
0.0
 
2019-05-07T15:18:53,231946279+02:00
57.01392
9.987115833
0.2268
18.5
0.0
 
2019-05-07T15:18:53,814743937+02:00
57.013919167
9.987099167
0.4608
17.3
0.0
 
2019-05-07T15:18:54,412301535+02:00
57.013921667
9.987091667
0.3024
nan
0.0
 
2019-05-07T15:18:54,868003939+02:00
57.013920833
9.987087333
0.36
nan
0.0
 
2019-05-07T15:18:55,248528245+02:00
57.013922167
9.987087667
0.4392
nan
0.0
 
2019-05-07T15:18:55,845740728+02:00
57.013927667
9.987090667
0.4248
nan
0.0
 
2019-05-07T15:18:56,421269294+02:00
57.013932667
9.987096833
0.648
nan
0.0
 
2019-05-07T15:18:56,847524786+02:00
57.013935
9.987096833
0.5112
nan
0.0
 
2019-05-07T15:18:57,441177667+02:00
57.013935167
9.987092333
0.4068
nan
0.0
 
2019-05-07T15:18:58,055265480+02:00
57.013936
9.987089667
0.5472
nan
0.0
 
2019-05-07T15:18:58,441999554+02:00
57.0139355
9.987085833
0.3384
nan
0.0
 
2019-05-07T15:18:58,828447803+02:00
57.013934167
9.987081667
0.4248
nan
0.0
 
2019-05-07T15:18:59,242433599+02:00
57.0139315
9.987076
0.2916
nan
0.0
 
2019-05-07T15:18:59,843085624+02:00
57.013930833
9.987071167
0.3312
nan
0.0
 
2019-05-07T15:19:00,242526773+02:00
57.013930167
9.987068833
0.2304
nan
0.0
 
2019-05-07T15:19:00,645214769+02:00
57.013930167
9.987067167
0.1404
nan
0.0
 
2019-05-07T15:19:01,248406414+02:00
57.013929833
9.987064833
0.2664
nan
0.0
 
2019-05-07T15:19:01,656000060+02:00
57.013929333
9.9870645
0.3168
nan
0.0
 
2019-05-07T15:19:02,044448420+02:00
57.013929
9.987063667
0.1152
nan
0.0
 
2019-05-07T15:19:02,451504213+02:00
57.01393
9.987062667
0.0216
nan
0.0
 
2019-05-07T15:19:02,872199646+02:00
57.013929667
9.987061333
0.2376
nan
0.0
 
2019-05-07T15:19:03,249273394+02:00
57.013928333
9.987059333
0.774
nan
0.0
 
2019-05-07T15:19:03,672416336+02:00
57.013927
9.9870575
0.648
nan
0.0
 
2019-05-07T15:19:04,050540802+02:00
57.0139265
9.987056833
0.3024
nan
0.0
 
2019-05-07T15:19:04,453327266+02:00
57.013926833
9.987056667
0.2232
nan
0.0
 
2019-05-07T15:19:04,850535819+02:00
57.013926333
9.987055667
0.1404
nan
0.0
 
2019-05-07T15:19:05,244678288+02:00
57.013926667
9.987056667
0.2304
nan
0.0
 
2019-05-07T15:19:05,500315599+02:00
57.013926167
9.987056333
0.2664
nan
0.0
 
2019-05-07T15:19:05,844969915+02:00
57.0139265
9.9870565
0.1512
nan
0.0
 
2019-05-07T15:19:06,266013995+02:00
57.0139265
9.987056333
0.0828
nan
0.0
 
2019-05-07T15:19:06,653196319+02:00
57.013927
9.987057667
0.0936
nan
0.0
 
2019-05-07T15:19:07,056107369+02:00
57.013928167
9.987059333
0.18
nan
0.0
 
2019-05-07T15:19:07,444910874+02:00
57.013928833
9.987059667
0.0936
nan
0.0
 
2019-05-07T15:19:07,850899608+02:00
57.013929833
9.987060667
0.162
nan
0.0
 
2019-05-07T15:19:08,261627675+02:00
57.013930667
9.987061833
0.6408
20.9
nan
 
2019-05-07T15:19:08,664960850+02:00
57.0139295
9.987062833
0.8244
nan
0.0
 
2019-05-07T15:19:09,057715712+02:00
57.013930333
9.987063333
0.3312
nan
0.0
 
2019-05-07T15:19:09,460538601+02:00
57.013931833
9.987064167
0.1224
nan
0.0
 
2019-05-07T15:19:09,853128703+02:00
57.013933667
9.987066167
0.2052
nan
0.0
 
2019-05-07T15:19:10,279433418+02:00
57.013936
9.987069
0.3204
nan
0.0
 
2019-05-07T15:19:10,669207622+02:00
57.013937667
9.98707
0.2412
nan
0.0
 
2019-05-07T15:19:11,086312824+02:00
57.013939833
9.987071667
0.1836
nan
0.0
 
2019-05-07T15:19:11,468667833+02:00
57.013941167
9.987074167
0.0612
nan
0.0
 
2019-05-07T15:19:11,861269924+02:00
57.013943
9.987077167
0.1296
nan
0.0
 
2019-05-07T15:19:12,261836032+02:00
57.013944333
9.987080167
0.0432
nan
0.0
 
2019-05-07T15:19:12,656384989+02:00
57.013945667
9.9870825
0.36
nan
0.0
 
2019-05-07T15:19:13,081701645+02:00
57.013945667
9.987083333
0.3096
nan
0.0
 
2019-05-07T15:19:13,473386917+02:00
57.013946
9.987084
0.3348
nan
0.0
 
2019-05-07T15:19:13,852778386+02:00
57.013947333
9.987085667
0.1512
nan
0.0
 
2019-05-07T15:19:14,257893079+02:00
57.013949167
9.987088
0.2412
nan
0.0
 
2019-05-07T15:19:14,484928541+02:00
57.01395
9.987089333
0.1404
nan
0.0
 
2019-05-07T15:19:14,856339295+02:00
57.013952167
9.9870915
0.3744
nan
0.0
 
2019-05-07T15:19:15,093700658+02:00
57.013952833
9.9870925
0.5292
nan
0.0
 
2019-05-07T15:19:15,462120259+02:00
57.013953333
9.987093167
0.018
nan
0.0
 
2019-05-07T15:19:15,866318997+02:00
57.013954
9.987094
0.0792
nan
0.0
 
2019-05-07T15:19:16,272775882+02:00
57.013955167
9.9870945
0.108
nan
0.0
 
2019-05-07T15:19:16,659566669+02:00
57.013955167
9.987094667
0.2592
nan
0.0
 
2019-05-07T15:19:17,065689545+02:00
57.013956667
9.987096
0.5724
nan
0.0
 
2019-05-07T15:19:17,474144794+02:00
57.013957167
9.987096167
0.3168
nan
0.0
 
2019-05-07T15:19:17,869938329+02:00
57.0139575
9.987097
0.2376
nan
0.0
 
2019-05-07T15:19:18,269568310+02:00
57.013958167
9.987097833
0.072
nan
0.0
 
2019-05-07T15:19:18,676643441+02:00
57.013959167
9.9870985
0.1584
nan
0.0
 
2019-05-07T15:19:19,063971519+02:00
57.013960167
9.9871
0.2916
nan
0.0
 
2019-05-07T15:19:19,661618249+02:00
57.013961333
9.9871025
0.144
nan
0.0
 
2019-05-07T15:19:20,081224692+02:00
57.013961833
9.987103333
0.0792
nan
0.0
 
2019-05-07T15:19:20,475450026+02:00
57.013962167
9.987104167
0.4032
nan
0.0
 
2019-05-07T15:19:20,863517721+02:00
57.013962167
9.987104333
0.234
nan
0.0
 
2019-05-07T15:19:21,277949251+02:00
57.013962167
9.987104
0.2808
nan
0.0
 
2019-05-07T15:19:21,670334614+02:00
57.013962667
9.987104
0.3132
nan
0.0
 
2019-05-07T15:19:22,067456973+02:00
57.013963833
9.987105
0.1044
nan
0.0
 
2019-05-07T15:19:22,259690415+02:00
57.013965167
9.987105667
0.396
nan
0.0
 
2019-05-07T15:19:22,653697027+02:00
57.013966
9.987107333
0.648
nan
0.0
 
2019-05-07T15:19:22,878952515+02:00
57.013966667
9.987108
0.324
nan
0.0
 
2019-05-07T15:19:23,267424708+02:00
57.013968333
9.987109667
0.4212
nan
0.0
 
2019-05-07T15:19:23,657326697+02:00
57.0139685
9.987109667
0.144
nan
0.0
 
2019-05-07T15:19:24,047762836+02:00
57.013969667
9.987110333
0.0972
nan
0.0
 
2019-05-07T15:19:24,464461134+02:00
57.013971
9.987111667
0.1404
nan
0.0
 
2019-05-07T15:19:24,847786431+02:00
57.013971667
9.987112
0.2232
nan
0.0
 
2019-05-07T15:19:25,247213331+02:00
57.013972167
9.987112167
0.0576
nan
0.0
 
2019-05-07T15:19:25,632367914+02:00
57.0139735
9.9871125
0.0324
nan
0.0
 
2019-05-07T15:19:26,029484611+02:00
57.013975
9.987113833
0.396
nan
0.0
 
2019-05-07T15:19:26,435968302+02:00
57.013976333
9.987114667
0.396
nan
0.0
 
2019-05-07T15:19:26,828927915+02:00
57.013977667
9.987114833
0.2556
nan
0.0
 
2019-05-07T15:19:27,233423927+02:00
57.013978667
9.987114833
0.0324
nan
0.0
 
2019-05-07T15:19:27,629991502+02:00
57.0139795
9.987115167
0.234
nan
0.0
 
2019-05-07T15:19:28,028740515+02:00
57.013980667
9.9871155
0.3024
nan
0.0
 
2019-05-07T15:19:28,444094343+02:00
57.0139815
9.987115333
0.0936
nan
0.0
 
2019-05-07T15:19:28,832722514+02:00
57.013982667
9.987115833
0.0792
nan
0.0
 
2019-05-07T15:19:29,048990552+02:00
57.013983333
9.987116
0.072
nan
0.0
 
2019-05-07T15:19:29,415086278+02:00
57.0139845
9.987116833
0.324
nan
0.0
 
2019-05-07T15:19:29,619854996+02:00
57.013984833
9.987117
0.0576
nan
0.0
 
2019-05-07T15:19:30,017188124+02:00
57.013986167
9.987118
0.2988
nan
0.0
 
2019-05-07T15:19:30,432011279+02:00
57.013987
9.987118667
0.3492
nan
0.0
 
2019-05-07T15:19:30,807941457+02:00
57.0139875
9.987118833
0.1152
nan
0.0
 
2019-05-07T15:19:31,215076443+02:00
57.0139885
9.9871195
0.108
nan
0.0
 
2019-05-07T15:19:31,613871239+02:00
57.013989667
9.987120333
0.1008
nan
0.0
 
2019-05-07T15:19:32,013790411+02:00
57.013990833
9.987121167
0.1548
nan
0.0
 
2019-05-07T15:19:32,412004448+02:00
57.0139915
9.9871215
0.1152
nan
0.0
 
2019-05-07T15:19:32,806553064+02:00
57.013992333
9.987121833
0.2088
nan
0.0
 
2019-05-07T15:19:33,229464634+02:00
57.013993167
9.987122333
0.2196
nan
0.0
 
2019-05-07T15:19:33,617638799+02:00
57.0139935
9.987122333
0.0684
nan
0.0
 
2019-05-07T15:19:34,010838191+02:00
57.013994
9.987122333
0.1548
nan
0.0
 
2019-05-07T15:19:34,405264360+02:00
57.0139945
9.9871225
0.1692
nan
0.0
 
2019-05-07T15:19:34,803555817+02:00
57.013995167
9.987123
0.1476
nan
0.0
 
2019-05-07T15:19:35,215470417+02:00
57.013995833
9.9871235
0.2268
nan
0.0
 
2019-05-07T15:19:35,608116327+02:00
57.013996667
9.987124
0.162
nan
0.0
 
2019-05-07T15:19:35,824157335+02:00
57.013997167
9.9871245
0.2988
nan
0.0
 
2019-05-07T15:19:36,406418523+02:00
57.013997667
9.987124833
0.0396
nan
0.0
 
2019-05-07T15:19:36,816558407+02:00
57.013998167
9.987125167
0.1044
nan
0.0
 
2019-05-07T15:19:37,219914779+02:00
57.013998833
9.987125667
0.0684
nan
0.0
 
2019-05-07T15:19:37,621624101+02:00
57.0139995
9.987126167
0.216
nan
0.0
 
2019-05-07T15:19:38,013320780+02:00
57.013999667
9.987126333
0.0756
nan
0.0
 
2019-05-07T15:19:38,216498136+02:00
57.013999833
9.987126167
0.2124
nan
0.0
 
2019-05-07T15:19:38,604108439+02:00
57.014000333
9.987127
0.1368
nan
0.0
 
2019-05-07T15:19:39,007537753+02:00
57.014001167
9.9871275
0.1512
nan
0.0
 
2019-05-07T15:19:39,415123389+02:00
57.014001833
9.987128667
0.1512
nan
0.0
 
2019-05-07T15:19:39,801511202+02:00
57.014003
9.987130167
0.5652
nan
0.0
 
2019-05-07T15:19:40,205636764+02:00
57.0140035
9.987130833
0.1584
nan
0.0
 
2019-05-07T15:19:40,600191897+02:00
57.0140045
9.987132667
0.4032
nan
0.0
 
2019-05-07T15:19:40,816569018+02:00
57.014005167
9.987133333
0.3492
nan
0.0
 
2019-05-07T15:19:41,001675717+02:00
57.0140055
9.987133667
0.306
nan
0.0
 
2019-05-07T15:19:41,402295287+02:00
57.014006167
9.987134833
0.162
nan
0.0
 
2019-05-07T15:19:41,639045207+02:00
57.014006667
9.9871355
0.2304
nan
0.0
 
2019-05-07T15:19:41,998407138+02:00
57.014007333
9.987136
0.1548
nan
0.0
 
2019-05-07T15:19:42,395964906+02:00
57.014008
9.987136667
0.1584
nan
0.0
 
2019-05-07T15:19:42,798094363+02:00
57.014009
9.987137667
0.1008
nan
0.0
 
2019-05-07T15:19:43,205582765+02:00
57.0140095
9.987137833
0.1656
nan
0.0
 
2019-05-07T15:19:43,606229465+02:00
57.014009833
9.987138333
0.1656
nan
0.0
 
2019-05-07T15:19:43,993782251+02:00
57.0140105
9.987138667
0.0396
nan
0.0
 
2019-05-07T15:19:44,394503509+02:00
57.014011
9.987138833
0.1692
nan
0.0
 
2019-05-07T15:19:44,602505913+02:00
57.014011167
9.987139167
0.0972
nan
0.0
 
2019-05-07T15:19:45,193593259+02:00
57.014011833
9.987140167
0.2808
nan
0.0
 
2019-05-07T15:19:45,603686919+02:00
57.0140125
9.987140667
0.0396
nan
0.0
 
2019-05-07T15:19:45,994799991+02:00
57.014013667
9.987142167
0.3204
nan
0.0
 
2019-05-07T15:19:46,399578139+02:00
57.014014
9.987142167
0.0504
nan
0.0
 
2019-05-07T15:19:46,790571227+02:00
57.0140145
9.987143
0.2772
nan
0.0
 
2019-05-07T15:19:47,193850045+02:00
57.014014333
9.987143667
0.2988
nan
0.0
 
2019-05-07T15:19:47,597055831+02:00
57.014015
9.987144333
0.324
nan
0.0
 
2019-05-07T15:19:48,004228473+02:00
57.014016667
9.987146
0.432
nan
0.0
 
2019-05-07T15:19:48,397660218+02:00
57.0140175
9.987147167
0.5184
nan
0.0
 
2019-05-07T15:19:48,794838016+02:00
57.014018167
9.987148167
0.468
nan
0.0
 
