
2019-02-25T14:36:00,156223658+01:00
57.013987167
9.986718167
0.288
27.6
0.0
 
2019-02-25T14:36:01,153164312+01:00
57.013988333
9.986704333
0.446
26.9
0.0
 
2019-02-25T14:36:02,152751340+01:00
57.013996333
9.986693167
1.111
37.8
0.0
 
2019-02-25T14:36:03,154452552+01:00
57.014003
9.986682833
1.081
31.7
0.0
 
2019-02-25T14:36:04,145386495+01:00
nan
nan
nan
nan
nan
 
2019-02-25T14:36:05,165693637+01:00
nan
nan
nan
nan
nan
 
2019-02-25T14:36:06,159235803+01:00
57.0140355
9.986669667
1.233
31.6
0.0
 
2019-02-25T14:36:07,150911293+01:00
57.014051167
9.986668167
1.364
31.5
0.0
 
2019-02-25T14:36:08,153338738+01:00
57.014071333
9.986673333
1.546
31.3
0.0
 
2019-02-25T14:36:09,140704412+01:00
nan
nan
nan
nan
nan
 
2019-02-25T14:36:10,146316696+01:00
nan
nan
nan
nan
nan
 
2019-02-25T14:36:11,142531864+01:00
nan
nan
nan
nan
nan
 
2019-02-25T14:36:12,146701776+01:00
nan
nan
nan
nan
nan
 
2019-02-25T14:36:13,150748423+01:00
nan
nan
nan
nan
nan
 
2019-02-25T14:36:14,159404034+01:00
nan
nan
nan
nan
nan
 
2019-02-25T14:36:15,144285389+01:00
nan
nan
nan
nan
nan
 
2019-02-25T14:36:16,151578090+01:00
57.014233
9.9865875
2.138
31.0
0.0
 
2019-02-25T14:36:17,147539670+01:00
57.014273667
9.986551833
2.388
30.8
0.0
 
2019-02-25T14:36:18,149032094+01:00
57.014308667
9.986492667
2.561
30.4
0.0
 
2019-02-25T14:36:19,180086882+01:00
57.014319
9.986424
2.478
31.3
0.0
 
2019-02-25T14:36:20,147731312+01:00
57.014353
9.986422167
2.395
31.6
0.0
 
2019-02-25T14:36:21,161280736+01:00
57.014366833
9.986367833
2.318
31.1
0.0
 
2019-02-25T14:36:22,154916428+01:00
57.014378833
9.986374667
1.989
31.5
0.0
 
2019-02-25T14:36:23,156105332+01:00
57.0143545
9.986255833
2.152
32.2
0.0
 
2019-02-25T14:36:24,150603475+01:00
57.0143635
9.986181
2.251
32.0
0.0
 
2019-02-25T14:36:25,160510472+01:00
57.014350333
9.9861885
1.903
32.0
0.0
 
2019-02-25T14:36:26,162649128+01:00
57.014346
9.986202333
1.515
31.9
0.0
 
2019-02-25T14:36:27,152569058+01:00
57.01433
9.986171667
1.658
31.9
0.0
 
2019-02-25T14:36:28,158956778+01:00
57.014330333
9.986147
1.618
32.3
0.0
 
2019-02-25T14:36:29,150418914+01:00
57.014337833
9.986132333
1.43
32.2
0.0
 
2019-02-25T14:36:30,154925005+01:00
57.014346667
9.986112667
1.316
32.2
0.0
 
2019-02-25T14:36:31,150143376+01:00
57.014359667
9.986064
1.54
32.3
0.0
 
2019-02-25T14:36:32,148152290+01:00
nan
nan
nan
nan
nan
 
2019-02-25T14:36:33,142391251+01:00
nan
nan
nan
nan
nan
 
2019-02-25T14:36:34,146768774+01:00
nan
nan
nan
nan
nan
 
2019-02-25T14:36:35,142489129+01:00
nan
nan
nan
nan
nan
 
2019-02-25T14:36:36,147204377+01:00
nan
nan
nan
nan
nan
 
2019-02-25T14:36:37,148137144+01:00
nan
nan
nan
nan
nan
 
2019-02-25T14:36:38,159032377+01:00
57.0145765
9.985343667
3.197
49.6
234.5
 
2019-02-25T14:36:39,161161339+01:00
57.014784667
9.984758667
5.155
60.2
284.43
 
2019-02-25T14:36:40,147614097+01:00
nan
nan
nan
nan
nan
 
2019-02-25T14:36:41,150128521+01:00
nan
nan
nan
nan
nan
 
2019-02-25T14:36:42,148259957+01:00
nan
nan
nan
nan
nan
 
2019-02-25T14:36:43,151581397+01:00
nan
nan
nan
nan
nan
 
2019-02-25T14:36:44,147498488+01:00
nan
nan
nan
nan
nan
 
2019-02-25T14:36:45,145820260+01:00
nan
nan
nan
nan
nan
 
2019-02-25T14:36:46,152431163+01:00
nan
nan
nan
nan
nan
 
2019-02-25T14:36:47,149738410+01:00
nan
nan
nan
nan
nan
 
2019-02-25T14:36:48,151864209+01:00
nan
nan
nan
nan
nan
 
2019-02-25T14:36:49,143144824+01:00
nan
nan
nan
nan
nan
 
2019-02-25T14:36:50,153442705+01:00
nan
nan
nan
nan
nan
 
2019-02-25T14:36:51,154699842+01:00
nan
nan
nan
nan
nan
 
2019-02-25T14:36:52,148623651+01:00
nan
nan
nan
nan
nan
 
2019-02-25T14:36:53,146117653+01:00
nan
nan
nan
nan
nan
 
2019-02-25T14:36:54,147774753+01:00
nan
nan
nan
nan
nan
 
2019-02-25T14:36:55,160451815+01:00
nan
nan
nan
nan
nan
 
2019-02-25T14:36:56,151400901+01:00
nan
nan
nan
nan
nan
 
2019-02-25T14:36:57,146488985+01:00
nan
nan
nan
nan
nan
 
2019-02-25T14:36:58,154475513+01:00
nan
nan
nan
nan
nan
 
2019-02-25T14:36:59,149436769+01:00
nan
nan
nan
nan
nan
 
2019-02-25T14:37:00,147635654+01:00
nan
nan
nan
nan
nan
 
2019-02-25T14:37:04,146009589+01:00
nan
nan
nan
nan
nan
 
2019-02-25T14:37:05,149039139+01:00
nan
nan
nan
nan
nan
 
