
2019-03-06T16:47:21,223716217+01:00
57.014003667
9.9871615
0.6732
33.6
0.0
 
2019-03-06T16:47:22,219584342+01:00
57.0140115
9.987153
1.1448
36.1
0.0
 
2019-03-06T16:47:23,222280306+01:00
57.0140165
9.987149333
1.314
38.2
0.0
 
2019-03-06T16:47:24,228034201+01:00
57.014017833
9.987144333
1.1124
40.4
0.0
 
2019-03-06T16:47:25,224066599+01:00
57.014018333
9.987138
0.9756
41.7
0.0
 
2019-03-06T16:47:26,225632912+01:00
57.014009167
9.9871215
0.324
43.1
0.0
 
2019-03-06T16:47:27,224374579+01:00
57.014002833
9.987116667
1.0044
44.8
0.0
 
2019-03-06T16:47:28,236606275+01:00
57.013998667
9.987122333
1.2168
45.0
0.0
 
2019-03-06T16:47:29,245368453+01:00
57.013981333
9.987101333
2.7504
44.9
0.0
 
2019-03-06T16:47:30,226266772+01:00
57.013979833
9.987102
2.2968
43.6
0.0
 
2019-03-06T16:47:31,233820056+01:00
57.013969333
9.987105833
3.0204
43.7
0.0
 
2019-03-06T16:47:32,226823175+01:00
57.013960167
9.987110833
3.2868
42.5
0.0
 
2019-03-06T16:47:33,228254972+01:00
57.0139595
9.987144
2.7864
40.8
0.0
 
2019-03-06T16:47:34,226449690+01:00
57.013957667
9.987149833
2.3148
40.9
0.0
 
2019-03-06T16:47:35,229823588+01:00
57.013952833
9.987132167
1.9224
41.2
0.0
 
2019-03-06T16:47:36,222424595+01:00
57.013947333
9.987121333
1.9692
41.3
0.0
 
2019-03-06T16:47:37,229949447+01:00
57.013949333
9.987122667
1.278
41.2
0.0
 
2019-03-06T16:47:38,225579425+01:00
57.013946167
9.987117833
1.296
40.6
0.0
 
2019-03-06T16:47:39,223037196+01:00
57.013946667
9.987128833
1.1268
40.4
0.0
 
2019-03-06T16:47:40,228556060+01:00
57.013942667
9.9871295
1.2888
39.8
0.0
 
2019-03-06T16:47:41,230483168+01:00
57.013948667
9.987136
0.8856
40.1
0.0
 
2019-03-06T16:47:42,233536866+01:00
57.013946833
9.987139
0.828
39.9
0.0
 
2019-03-06T16:47:43,238577485+01:00
57.0139495
9.987147333
0.9252
39.8
0.0
 
2019-03-06T16:47:44,245324717+01:00
57.0139415
9.987146
1.2636
39.1
0.0
 
2019-03-06T16:47:45,223892751+01:00
57.013946333
9.987154167
1.1124
39.5
0.0
 
2019-03-06T16:47:46,223712711+01:00
57.013953
9.987179167
1.5156
39.5
0.0
 
2019-03-06T16:47:47,245942053+01:00
57.013947333
9.987187833
1.4076
39.5
0.0
 
2019-03-06T16:47:48,228963467+01:00
57.013954833
9.9872
1.7496
39.7
0.0
 
2019-03-06T16:47:49,233747110+01:00
57.013958167
9.987213667
2.16
39.8
0.0
 
2019-03-06T16:47:50,232140235+01:00
57.013962167
9.987200167
1.2996
40.4
0.0
 
2019-03-06T16:47:51,232471004+01:00
57.013970833
9.987202667
1.3248
40.8
0.0
 
2019-03-06T16:47:52,234237716+01:00
57.0139825
9.987202833
1.1448
40.9
0.0
 
2019-03-06T16:47:53,231382112+01:00
57.013990667
9.987212167
1.1664
40.6
0.0
 
2019-03-06T16:47:54,248190045+01:00
57.013996
9.9872145
0.8856
40.2
0.0
 
2019-03-06T16:47:55,236593268+01:00
57.013995833
9.987222667
0.3168
39.5
0.0
 
2019-03-06T16:47:56,236013765+01:00
57.0139955
9.987226333
0.4392
38.7
0.0
 
2019-03-06T16:47:57,236678801+01:00
57.014000167
9.987226333
0.4716
38.0
0.0
 
2019-03-06T16:47:58,235390803+01:00
57.014004833
9.987229833
0.5472
37.4
0.0
 
2019-03-06T16:47:59,234707190+01:00
57.014009667
9.987231
0.8532
36.6
0.0
 
2019-03-06T16:48:00,241330010+01:00
57.014020167
9.987239333
0.3996
35.7
0.0
 
2019-03-06T16:48:01,235844842+01:00
57.0140265
9.987234333
1.062
34.7
0.0
 
2019-03-06T16:48:02,236380844+01:00
57.014037167
9.987254333
0.1332
34.0
0.0
 
2019-03-06T16:48:03,242960114+01:00
57.014046667
9.987257167
0.1008
33.3
0.0
 
2019-03-06T16:48:04,235454330+01:00
57.014062167
9.987276167
1.2348
32.0
0.0
 
2019-03-06T16:48:05,239510792+01:00
57.014068
9.987284667
1.188
31.2
0.0
 
2019-03-06T16:48:06,234246994+01:00
57.014074
9.987285833
1.044
30.1
0.0
 
2019-03-06T16:48:07,242516606+01:00
57.014070333
9.987281333
0.414
29.1
0.0
 
2019-03-06T16:48:08,243082426+01:00
57.014075167
9.987291167
0.162
28.3
0.0
 
2019-03-06T16:48:09,261404313+01:00
57.014081333
9.987291833
0.6228
27.6
0.0
 
2019-03-06T16:48:10,238299865+01:00
57.014082833
9.987294333
0.5112
26.9
0.0
 
2019-03-06T16:48:11,248927117+01:00
57.014084667
9.9873025
0.36
26.3
0.0
 
2019-03-06T16:48:12,243779989+01:00
57.014092
9.9873115
1.1592
26.0
0.0
 
2019-03-06T16:48:13,236896713+01:00
57.014091667
9.987314667
0.7344
25.2
0.0
 
2019-03-06T16:48:14,237919594+01:00
57.014088833
9.987312167
0.0684
24.3
0.0
 
2019-03-06T16:48:15,244210245+01:00
57.014083333
9.987306333
0.7416
23.5
0.0
 
2019-03-06T16:48:16,236419317+01:00
57.014078
9.987303333
1.1808
22.5
0.0
 
2019-03-06T16:48:17,242955231+01:00
57.014072833
9.987303333
1.4688
21.9
0.0
 
2019-03-06T16:48:18,236292221+01:00
57.014073833
9.987299833
0.864
21.3
0.0
 
2019-03-06T16:48:19,228347467+01:00
57.014070167
9.987289333
1.044
20.7
0.0
 
2019-03-06T16:48:20,226528654+01:00
57.014065
9.987291667
1.584
19.9
0.0
 
2019-03-06T16:48:21,223572059+01:00
57.014063833
9.987292833
1.3392
19.2
0.0
 
2019-03-06T16:48:22,222809465+01:00
57.014060833
9.9872825
1.5732
19.0
0.0
 
2019-03-06T16:48:23,221214050+01:00
57.014054167
9.987284333
2.052
18.7
0.0
 
2019-03-06T16:48:24,215229752+01:00
57.014054333
9.987279833
1.5876
18.6
0.0
 
2019-03-06T16:48:25,215891318+01:00
57.014055167
9.987279167
1.2168
18.2
0.0
 
2019-03-06T16:48:26,211390187+01:00
57.014057
9.987269
1.0404
17.8
0.0
 
2019-03-06T16:48:27,221313629+01:00
57.014059
9.987274
0.738
17.3
0.0
 
2019-03-06T16:48:28,209743856+01:00
57.014062
9.987280667
0.36
16.8
0.0
 
2019-03-06T16:48:29,214219628+01:00
57.0140595
9.987292333
0.3456
13.9
0.0
 
2019-03-06T16:48:30,206636032+01:00
57.014065
9.987294667
0.396
13.3
0.0
 
2019-03-06T16:48:31,202778297+01:00
57.014079833
9.987254667
0.8496
25.1
0.0
 
2019-03-06T16:48:32,205404991+01:00
57.014087167
9.9872615
1.3608
20.2
0.0
 
2019-03-06T16:48:33,206326609+01:00
57.014089667
9.987263167
1.17
19.0
0.0
 
2019-03-06T16:48:34,203848066+01:00
57.0140915
9.987272667
1.0872
17.6
0.0
 
2019-03-06T16:48:35,199075375+01:00
57.014093833
9.987283333
1.2132
18.0
0.0
 
2019-03-06T16:48:36,199286794+01:00
57.014091167
9.987281167
0.5724
18.1
0.0
 
2019-03-06T16:48:37,197187982+01:00
57.014096333
9.9872795
0.972
20.2
0.0
 
2019-03-06T16:48:38,193496215+01:00
57.014105833
9.987291167
1.8612
21.2
0.0
 
2019-03-06T16:48:39,200712101+01:00
57.0140985
9.987280667
0.7884
21.3
0.0
 
2019-03-06T16:48:40,199821023+01:00
57.014103333
9.987286667
1.3248
21.8
0.0
 
2019-03-06T16:48:41,190266110+01:00
57.014098
9.987276333
0.6516
21.4
0.0
 
2019-03-06T16:48:42,194303631+01:00
57.014090333
9.987266333
0.5544
21.1
0.0
 
2019-03-06T16:48:43,199596363+01:00
57.014082667
9.987258833
0.7092
22.2
0.0
 
2019-03-06T16:48:44,211998104+01:00
57.014082667
9.9872575
0.396
22.9
0.0
 
2019-03-06T16:48:45,196119389+01:00
57.014074167
9.987264667
0.6732
23.2
0.0
 
2019-03-06T16:48:46,187179517+01:00
57.014061333
9.987271
1.458
23.1
0.0
 
2019-03-06T16:48:47,191401705+01:00
57.014052333
9.987260167
1.8432
23.3
0.0
 
2019-03-06T16:48:48,190981381+01:00
57.014053167
9.987260333
1.2528
23.4
0.0
 
2019-03-06T16:48:49,189263811+01:00
57.014051667
9.987265
1.0584
23.5
0.0
 
2019-03-06T16:48:50,188357538+01:00
57.014051167
9.987267
0.684
23.8
0.0
 
2019-03-06T16:48:51,188676114+01:00
57.0140485
9.9872775
0.8064
23.9
0.0
 
2019-03-06T16:48:52,183720676+01:00
57.014032333
9.987258833
1.8936
24.1
0.0
 
2019-03-06T16:48:53,178925243+01:00
57.0140315
9.987263333
1.2492
24.3
0.0
 
2019-03-06T16:48:54,182977300+01:00
57.014016833
9.987260667
2.178
24.5
0.0
 
2019-03-06T16:48:55,180915321+01:00
57.014023
9.987259167
0.8604
24.6
0.0
 
2019-03-06T16:48:56,188895495+01:00
57.014029167
9.9872695
0.396
24.6
0.0
 
2019-03-06T16:48:57,184812417+01:00
57.0140265
9.987276833
0.8172
24.7
0.0
 
2019-03-06T16:48:58,181090113+01:00
57.0140315
9.987289667
1.2636
24.7
0.0
 
2019-03-06T16:48:59,181810695+01:00
57.014039667
9.987298
1.7604
24.8
0.0
 
2019-03-06T16:49:00,182404778+01:00
57.014032833
9.987294333
0.8856
24.9
0.0
 
2019-03-06T16:49:01,186815843+01:00
57.014025
9.987290167
0.3996
25.0
0.0
 
2019-03-06T16:49:02,182716778+01:00
57.014020167
9.987282
0.3168
25.0
0.0
 
2019-03-06T16:49:03,183535731+01:00
57.014015
9.9872805
0.6552
25.0
0.0
 
2019-03-06T16:49:04,170371466+01:00
57.0140195
9.9872815
0.3024
24.8
0.0
 
2019-03-06T16:49:05,176225913+01:00
57.0140255
9.987290667
0.72
24.6
0.0
 
2019-03-06T16:49:06,172103460+01:00
57.014016833
9.987284
0.2016
24.5
0.0
 
2019-03-06T16:49:07,176113101+01:00
57.014013667
9.9872885
0.4212
24.4
0.0
 
2019-03-06T16:49:08,173125668+01:00
57.013997333
9.987275833
1.6344
24.3
0.0
 
2019-03-06T16:49:09,175918146+01:00
57.013992833
9.987270833
1.6128
24.2
0.0
 
2019-03-06T16:49:10,167979716+01:00
57.014003667
9.9872845
0.3132
24.0
0.0
 
2019-03-06T16:49:11,168917778+01:00
57.014000333
9.987288
0.54
23.8
0.0
 
2019-03-06T16:49:12,164731547+01:00
57.013999
9.9872925
0.5256
23.7
0.0
 
2019-03-06T16:49:13,166057910+01:00
57.013994667
9.987292667
0.594
23.5
0.0
 
2019-03-06T16:49:14,164313540+01:00
57.014005167
9.987298667
0.99
23.2
0.0
 
2019-03-06T16:49:15,166186406+01:00
57.014004667
9.987294667
0.5832
23.1
0.0
 
2019-03-06T16:49:16,167908491+01:00
57.013989667
9.987283333
0.9972
23.0
0.0
 
2019-03-06T16:49:17,160373840+01:00
57.0139895
9.987283167
0.7452
22.8
0.0
 
2019-03-06T16:49:18,159484752+01:00
57.013981333
9.987278667
1.278
22.7
0.0
 
2019-03-06T16:49:19,161977613+01:00
57.013981
9.987287333
0.882
22.6
0.0
 
2019-03-06T16:49:20,173011224+01:00
57.013977667
9.987290167
0.918
22.5
0.0
 
2019-03-06T16:49:21,164112802+01:00
57.013965667
9.987283
1.9728
22.4
0.0
 
2019-03-06T16:49:22,167126700+01:00
57.013958667
9.987294333
2.2284
22.3
0.0
 
2019-03-06T16:49:23,158486124+01:00
57.013962167
9.987302167
1.4652
22.1
0.0
 
2019-03-06T16:49:24,162990543+01:00
57.013967
9.9873075
0.8604
22.0
0.0
 
2019-03-06T16:49:25,167778832+01:00
57.013977167
9.987318167
0.6732
21.9
0.0
 
2019-03-06T16:49:26,159574186+01:00
57.013968167
9.987312667
0.9072
21.9
0.0
 
2019-03-06T16:49:27,159149543+01:00
57.013965333
9.987312
1.1664
21.9
0.0
 
2019-03-06T16:49:28,158416457+01:00
57.0139645
9.987313333
1.1484
21.8
0.0
 
2019-03-06T16:49:29,160664258+01:00
57.013964
9.9873125
1.314
21.7
0.0
 
2019-03-06T16:49:30,158676615+01:00
57.013969
9.987325333
0.7956
21.7
0.0
 
2019-03-06T16:49:31,157877781+01:00
57.013977833
9.987331167
0.054
21.5
0.0
 
2019-03-06T16:49:32,150829255+01:00
57.0139785
9.987340667
0.5256
21.4
0.0
 
2019-03-06T16:49:33,157069363+01:00
57.013974667
9.987329833
0.7452
21.5
0.0
 
2019-03-06T16:49:34,160199364+01:00
57.013977333
9.987328667
0.5328
21.5
0.0
 
2019-03-06T16:49:35,158558913+01:00
57.013961167
9.987320167
2.1312
21.5
0.0
 
2019-03-06T16:49:36,159546283+01:00
57.013965167
9.987321667
1.0224
21.6
0.0
 
2019-03-06T16:49:37,155467402+01:00
57.013961667
9.987317667
1.0908
21.8
0.0
 
2019-03-06T16:49:38,156516395+01:00
57.013962
9.987321667
0.9468
21.7
0.0
 
2019-03-06T16:49:39,159023320+01:00
57.013963333
9.987338667
1.1844
21.5
0.0
 
2019-03-06T16:49:40,155773091+01:00
57.013969167
9.987345
0.5508
21.4
0.0
 
2019-03-06T16:49:41,156326253+01:00
57.013972
9.987352
0.576
21.3
0.0
 
2019-03-06T16:49:42,159114774+01:00
57.013981
9.9873685
1.2168
21.2
0.0
 
2019-03-06T16:49:43,158593207+01:00
57.013983167
9.987380333
1.2852
21.2
0.0
 
2019-03-06T16:49:44,172891241+01:00
57.0139885
9.987394667
1.6452
21.1
0.0
 
2019-03-06T16:49:45,160365341+01:00
57.013989833
9.9873855
0.7416
21.2
0.0
 
2019-03-06T16:49:46,158389031+01:00
57.013990667
9.987380667
0.3744
21.2
0.0
 
2019-03-06T16:49:47,159141008+01:00
57.014001
9.987374333
1.1952
21.0
0.0
 
2019-03-06T16:49:48,155858599+01:00
57.014013167
9.9873895
2.1384
20.7
0.0
 
2019-03-06T16:49:49,158779394+01:00
57.014013667
9.987385833
1.296
20.3
0.0
 
2019-03-06T16:49:50,156131902+01:00
57.014021
9.987394167
1.6848
20.1
0.0
 
2019-03-06T16:49:51,160304344+01:00
57.014021167
9.9873845
1.188
19.8
0.0
 
2019-03-06T16:49:52,148800226+01:00
57.014021333
9.987380333
0.8964
19.7
0.0
 
2019-03-06T16:49:53,154406757+01:00
57.014024167
9.987386
1.0008
19.2
0.0
 
2019-03-06T16:49:54,159674866+01:00
57.014024167
9.987388833
0.972
19.1
0.0
 
2019-03-06T16:49:55,159994964+01:00
57.014026333
9.987379667
1.0872
19.0
0.0
 
2019-03-06T16:49:56,156050143+01:00
57.014024667
9.987378167
0.6156
18.9
0.0
 
2019-03-06T16:49:57,160118540+01:00
57.014024667
9.987374833
0.6336
18.9
0.0
 
2019-03-06T16:49:58,167824454+01:00
57.014019333
9.987366667
0.3744
19.2
0.0
 
2019-03-06T16:49:59,149864823+01:00
57.014017333
9.987363667
0.414
19.4
0.0
 
2019-03-06T16:50:00,148595994+01:00
57.014020167
9.987362833
0.1224
19.6
0.0
 
2019-03-06T16:50:01,150392628+01:00
57.014021167
9.98736
0.2412
19.8
0.0
 
2019-03-06T16:50:02,149518450+01:00
57.0140245
9.987359833
0.6228
19.7
0.0
 
2019-03-06T16:50:03,157526454+01:00
57.014019
9.987353167
0.3096
19.7
0.0
 
2019-03-06T16:50:04,142935157+01:00
57.0140195
9.987341167
0.6876
20.2
0.0
 
2019-03-06T16:50:05,154923305+01:00
57.014014333
9.987334167
1.1916
20.6
0.0
 
2019-03-06T16:50:06,152111059+01:00
57.014006833
9.987322
2.0772
21.0
0.0
 
2019-03-06T16:50:07,155446570+01:00
57.0140035
9.987316833
2.106
21.5
0.0
 
2019-03-06T16:50:08,141559173+01:00
57.013997333
9.987307
2.3976
21.9
0.0
 
2019-03-06T16:50:09,152232392+01:00
57.013994667
9.987302333
2.0196
22.1
0.0
 
2019-03-06T16:50:10,154455632+01:00
57.013999
9.987309667
0.9432
22.4
0.0
 
2019-03-06T16:50:11,141472597+01:00
57.014001833
9.9873105
0.6732
22.9
0.0
 
2019-03-06T16:50:12,143062693+01:00
57.014004667
9.987317
0.2628
23.3
0.0
 
2019-03-06T16:50:13,142030644+01:00
57.014007167
9.9873255
0.36
23.9
0.0
 
2019-03-06T16:50:14,151107903+01:00
57.014009
9.987330167
0.3888
24.2
0.0
 
2019-03-06T16:50:15,140391951+01:00
57.014010167
9.987330833
0.2088
24.7
0.0
 
2019-03-06T16:50:16,151476308+01:00
57.0140095
9.987329167
0.1404
25.1
0.0
 
2019-03-06T16:50:17,147547803+01:00
57.014010167
9.987334833
0.5328
25.2
0.0
 
2019-03-06T16:50:18,141194384+01:00
57.014014667
9.987339333
0.5544
25.4
0.0
 
2019-03-06T16:50:19,148012885+01:00
57.014010833
9.987342167
0.7092
25.6
0.0
 
2019-03-06T16:50:20,145021948+01:00
57.014009
9.987340833
0.6516
25.9
0.0
 
2019-03-06T16:50:21,137404820+01:00
57.014005333
9.987334
1.0188
26.1
0.0
 
2019-03-06T16:50:22,140964476+01:00
57.014006833
9.987333333
0.6624
26.4
0.0
 
2019-03-06T16:50:23,141941254+01:00
57.014006667
9.987339333
0.8388
26.4
0.0
 
2019-03-06T16:50:24,140928276+01:00
57.014001833
9.987343667
1.4472
26.1
0.0
 
2019-03-06T16:50:25,140751677+01:00
57.0140005
9.987337167
1.3788
26.3
0.0
 
2019-03-06T16:50:26,137705235+01:00
57.013989833
9.987321333
2.7648
26.1
0.0
 
2019-03-06T16:50:27,141140291+01:00
57.013987833
9.987318667
2.5452
26.3
0.0
 
2019-03-06T16:50:28,142920674+01:00
57.013987667
9.9873225
2.2284
26.1
0.0
 
2019-03-06T16:50:29,137573748+01:00
57.013983
9.9873175
2.4084
25.7
0.0
 
2019-03-06T16:50:30,135768103+01:00
57.013975667
9.987317167
2.8692
25.3
0.0
 
2019-03-06T16:50:31,140534277+01:00
57.013975833
9.9873165
2.2824
25.2
0.0
 
2019-03-06T16:50:32,138364944+01:00
57.013977
9.987317167
1.7496
24.9
0.0
 
2019-03-06T16:50:33,132450901+01:00
57.013981
9.9873165
1.0836
24.7
0.0
 
2019-03-06T16:50:34,142365370+01:00
57.013983167
9.987317167
0.7632
24.3
0.0
 
2019-03-06T16:50:35,143955319+01:00
57.013985333
9.987315
0.846
23.9
0.0
 
2019-03-06T16:50:36,146385134+01:00
57.013991167
9.987320833
0.2736
23.4
0.0
 
2019-03-06T16:50:37,138108766+01:00
57.013988
9.9873245
1.0692
22.6
0.0
 
2019-03-06T16:50:38,133975183+01:00
57.013992333
9.987326167
0.6048
22.5
0.0
 
2019-03-06T16:50:39,135027034+01:00
57.013997833
9.987330833
0.2052
22.3
0.0
 
2019-03-06T16:50:40,133452358+01:00
57.014004167
9.9873345
0.4644
22.1
0.0
 
2019-03-06T16:50:41,136562969+01:00
57.014010167
9.987331
0.2988
22.0
0.0
 
2019-03-06T16:50:42,136818193+01:00
57.0140135
9.987333167
0.2124
21.8
0.0
 
2019-03-06T16:50:43,138905772+01:00
57.014014833
9.987333167
0.2412
21.6
0.0
 
2019-03-06T16:50:44,150015573+01:00
57.014018667
9.987327
0.5616
21.5
0.0
 
2019-03-06T16:50:45,139173079+01:00
57.014026333
9.987335
0.2088
21.4
0.0
 
2019-03-06T16:50:46,139039117+01:00
57.014033667
9.987343167
0.5472
21.3
0.0
 
2019-03-06T16:50:47,138747482+01:00
57.014035833
9.987342667
0.306
21.1
0.0
 
2019-03-06T16:50:48,136580190+01:00
57.014048833
9.987354833
1.1952
21.0
0.0
 
2019-03-06T16:50:49,140142680+01:00
57.0140595
9.987366
1.7604
20.9
0.0
 
2019-03-06T16:50:50,132030246+01:00
57.014065833
9.987370833
1.728
20.9
0.0
 
2019-03-06T16:50:51,136629089+01:00
57.014072167
9.987375667
1.656
20.8
0.0
 
2019-03-06T16:50:52,136397067+01:00
57.014081833
9.9873825
1.9656
20.7
0.0
 
2019-03-06T16:50:53,144268415+01:00
57.014090333
9.987385833
1.9512
20.7
0.0
 
2019-03-06T16:50:54,142590905+01:00
57.0140965
9.987383833
1.7712
20.7
0.0
 
2019-03-06T16:50:55,141612213+01:00
57.014105
9.987385667
1.9152
20.7
0.0
 
2019-03-06T16:50:56,140702239+01:00
57.014110167
9.9873865
1.6668
20.6
0.0
 
2019-03-06T16:50:57,139902744+01:00
57.014118333
9.987393
1.8108
20.5
0.0
 
2019-03-06T16:50:58,136150733+01:00
57.014123833
9.987397
1.5156
20.5
0.0
 
2019-03-06T16:50:59,137475608+01:00
57.0141315
9.987406667
1.602
20.4
0.0
 
2019-03-06T16:51:00,138010100+01:00
57.014132833
9.987402833
0.9972
20.4
0.0
 
2019-03-06T16:51:01,138429400+01:00
57.0141405
9.987414
1.2744
20.4
0.0
 
2019-03-06T16:51:02,130840994+01:00
57.014139667
9.987420167
0.6084
20.3
0.0
 
2019-03-06T16:51:03,144065593+01:00
57.014130333
9.987422833
1.116
20.1
0.0
 
2019-03-06T16:51:04,135129122+01:00
57.0141315
9.987415333
0.9
20.1
0.0
 
2019-03-06T16:51:05,146640291+01:00
57.0141385
9.987420667
0.234
20.0
0.0
 
2019-03-06T16:51:06,131450605+01:00
57.0141455
9.987436
0.468
19.9
0.0
 
2019-03-06T16:51:07,138755199+01:00
57.014152667
9.987445
0.7956
19.8
0.0
 
2019-03-06T16:51:08,141687096+01:00
57.014156833
9.987438167
0.468
19.8
0.0
 
2019-03-06T16:51:09,136403777+01:00
57.014162167
9.987443833
0.6372
19.7
0.0
 
2019-03-06T16:51:10,148535252+01:00
57.01416
9.987442167
0.3384
19.7
0.0
 
2019-03-06T16:51:11,137095061+01:00
57.014155167
9.987432333
0.5832
19.6
0.0
 
2019-03-06T16:51:12,140725529+01:00
57.014150333
9.987442833
1.0188
19.4
0.0
 
2019-03-06T16:51:13,136759065+01:00
57.0141555
9.987445333
0.7992
19.3
0.0
 
2019-03-06T16:51:14,135051544+01:00
57.014142
9.987429
1.1232
19.2
0.0
 
2019-03-06T16:51:15,137241841+01:00
57.014137333
9.987425667
1.1124
19.0
0.0
 
2019-03-06T16:51:16,134754075+01:00
57.014140833
9.987431333
0.432
18.9
0.0
 
2019-03-06T16:51:17,138364380+01:00
57.014143
9.987443167
1.044
18.7
0.0
 
2019-03-06T16:51:18,136156416+01:00
57.014138333
9.9874425
0.8784
18.6
0.0
 
2019-03-06T16:51:19,138902323+01:00
57.014135167
9.987433667
0.702
18.5
0.0
 
2019-03-06T16:51:20,138377265+01:00
57.0141435
9.987438
0.7452
18.3
0.0
 
2019-03-06T16:51:21,143758671+01:00
57.014143833
9.9874405
0.954
18.1
0.0
 
2019-03-06T16:51:22,139655181+01:00
57.014139
9.987442833
0.8928
18.7
0.0
 
2019-03-06T16:51:23,139004160+01:00
57.014138
9.9874405
0.6912
19.2
0.0
 
2019-03-06T16:51:24,135982112+01:00
57.014141333
9.987429333
1.0008
19.8
0.0
 
2019-03-06T16:51:25,137777336+01:00
57.014139
9.987423333
0.7272
20.5
0.0
 
2019-03-06T16:51:26,136665114+01:00
57.014136167
9.987423167
0.5292
21.2
0.0
 
2019-03-06T16:51:27,142751881+01:00
57.014128167
9.987418
1.2168
21.9
0.0
 
2019-03-06T16:51:28,141937399+01:00
57.014129167
9.987434167
0.2628
22.5
0.0
 
2019-03-06T16:51:29,140727424+01:00
57.014126333
9.987440333
0.3996
23.2
0.0
 
2019-03-06T16:51:30,139991505+01:00
57.014126667
9.9874385
0.1296
24.0
0.0
 
2019-03-06T16:51:31,141541580+01:00
57.014125833
9.987440333
0.2844
24.7
0.0
 
2019-03-06T16:51:32,136928895+01:00
57.0141225
9.987428667
0.1368
24.7
0.0
 
2019-03-06T16:51:33,139018942+01:00
57.014117667
9.987425833
0.2952
24.7
0.0
 
2019-03-06T16:51:34,136278652+01:00
57.014122833
9.9874155
0.5616
24.7
0.0
 
2019-03-06T16:51:35,133930847+01:00
57.014122833
9.987414167
0.6624
24.6
0.0
 
2019-03-06T16:51:36,138669369+01:00
57.014125333
9.987411833
0.9504
24.6
0.0
 
2019-03-06T16:51:37,135843085+01:00
57.014121
9.987402
0.36
24.6
0.0
 
2019-03-06T16:51:38,134530754+01:00
57.014115667
9.987391167
0.486
24.6
0.0
 
2019-03-06T16:51:39,137476344+01:00
57.014102
9.987371
0.6372
24.6
0.0
 
2019-03-06T16:51:40,137635090+01:00
57.0141005
9.9873715
0.378
25.3
0.0
 
2019-03-06T16:51:41,145945410+01:00
57.0140935
9.987367833
0.756
26.0
0.0
 
2019-03-06T16:51:42,146470417+01:00
57.014079833
9.987362167
1.9512
26.7
0.0
 
2019-03-06T16:51:43,146452709+01:00
57.0140765
9.987362667
1.512
27.3
0.0
 
2019-03-06T16:51:44,163191558+01:00
57.014073333
9.987366667
1.1772
27.9
0.0
 
2019-03-06T16:51:45,137911177+01:00
57.014069333
9.987371167
1.1628
28.5
0.0
 
2019-03-06T16:51:46,136941494+01:00
57.014077833
9.987369167
0.2052
29.0
0.0
 
2019-03-06T16:51:47,139970701+01:00
57.0140755
9.987357333
0.7632
29.6
0.0
 
2019-03-06T16:51:48,138416921+01:00
57.014077333
9.987357
0.5688
30.2
0.0
 
2019-03-06T16:51:49,154019892+01:00
57.014076833
9.9873585
0.7344
30.9
0.0
 
2019-03-06T16:51:50,144370070+01:00
57.0140785
9.987344833
0.9108
31.6
0.0
 
2019-03-06T16:51:51,141575899+01:00
57.014073667
9.987324833
1.404
32.3
0.0
 
2019-03-06T16:51:52,138877790+01:00
57.014076
9.987334333
0.6408
33.1
0.0
 
2019-03-06T16:51:53,141534028+01:00
57.014070833
9.987336
0.4572
33.9
0.0
 
2019-03-06T16:51:54,138691466+01:00
57.0140655
9.987352833
1.7496
34.7
0.0
 
2019-03-06T16:51:55,141026360+01:00
57.014071667
9.987342833
1.278
35.5
0.0
 
2019-03-06T16:51:56,144296214+01:00
57.014073
9.987327167
0.8064
36.2
0.0
 
2019-03-06T16:51:57,139807868+01:00
57.0140915
9.987312333
1.89
37.0
0.0
 
2019-03-06T16:51:58,143239117+01:00
57.014107
9.987312
2.6028
37.9
0.0
 
2019-03-06T16:51:59,142059846+01:00
57.0141175
9.987313
2.6208
38.8
0.0
 
2019-03-06T16:52:00,147812589+01:00
57.014125167
9.987297
2.7792
39.8
0.0
 
2019-03-06T16:52:01,136665849+01:00
57.014128833
9.987276
3.078
37.7
0.0
 
2019-03-06T16:52:02,141532474+01:00
57.014126833
9.987268
2.7972
37.6
0.0
 
2019-03-06T16:52:03,132597990+01:00
57.014133333
9.987245833
2.9232
37.6
0.0
 
2019-03-06T16:52:04,133002548+01:00
57.0141325
9.987244667
1.9224
37.6
0.0
 
2019-03-06T16:52:05,148179744+01:00
57.0141405
9.987227333
2.5488
37.7
0.0
 
2019-03-06T16:52:06,143422094+01:00
57.014146333
9.987225
2.5236
37.7
0.0
 
2019-03-06T16:52:07,138020617+01:00
57.014141667
9.9872265
1.6236
38.4
0.0
 
2019-03-06T16:52:08,142705359+01:00
57.014144333
9.987228
1.2348
38.9
0.0
 
2019-03-06T16:52:09,137805635+01:00
57.014127167
9.987224
0.27
38.9
0.0
 
2019-03-06T16:52:10,139633425+01:00
57.014104667
9.987231333
1.062
39.0
0.0
 
2019-03-06T16:52:11,146734827+01:00
57.014081833
9.987240167
1.7712
39.0
0.0
 
2019-03-06T16:52:12,130233260+01:00
57.0140695
9.9872635
2.1996
39.0
0.0
 
2019-03-06T16:52:13,174742134+01:00
57.014061167
9.987295
3.1896
39.0
0.0
 
2019-03-06T16:52:14,144599027+01:00
57.014055667
9.987302667
2.9628
39.0
0.0
 
2019-03-06T16:52:15,144442356+01:00
57.014048667
9.987300833
2.4192
39.0
0.0
 
2019-03-06T16:52:16,138816478+01:00
57.014032
9.987309333
2.5524
39.0
0.0
 
2019-03-06T16:52:17,141035962+01:00
57.0140175
9.9873195
2.7972
39.0
0.0
 
2019-03-06T16:52:18,141618024+01:00
57.014002667
9.9873155
2.6316
39.0
0.0
 
2019-03-06T16:52:19,137283915+01:00
57.013976667
9.987314167
3.51
39.0
0.0
 
2019-03-06T16:52:20,134742808+01:00
57.013965833
9.9873285
3.4524
39.1
0.0
 
2019-03-06T16:52:21,144474695+01:00
57.0139975
9.987308667
1.5984
39.1
0.0
 
2019-03-06T16:52:22,142839980+01:00
57.013990667
9.9873285
2.8332
39.1
0.0
 
2019-03-06T16:52:23,137751085+01:00
57.0140085
9.9873295
1.8288
39.2
0.0
 
2019-03-06T16:52:24,140067257+01:00
57.013999833
9.987335333
2.3148
39.2
0.0
 
2019-03-06T16:52:25,143801513+01:00
57.014003833
9.9873385
2.3652
39.2
0.0
 
2019-03-06T16:52:26,141602075+01:00
57.014008167
9.987341667
2.2464
39.3
0.0
 
2019-03-06T16:52:27,143701119+01:00
57.014014
9.987356333
2.7828
39.6
0.0
 
2019-03-06T16:52:28,148387400+01:00
57.014037333
9.987342333
1.0152
40.0
0.0
 
2019-03-06T16:52:29,143273256+01:00
57.014044667
9.987303667
1.2708
40.3
0.0
 
2019-03-06T16:52:30,141237453+01:00
57.014065833
9.987304333
2.0232
40.5
0.0
 
2019-03-06T16:52:31,136131551+01:00
57.014082333
9.987324167
1.7028
40.8
0.0
 
2019-03-06T16:52:32,145875542+01:00
57.014102833
9.987319333
2.0304
40.7
0.0
 
2019-03-06T16:52:33,144980823+01:00
57.014114333
9.987338
1.7064
40.6
0.0
 
2019-03-06T16:52:34,136234470+01:00
57.014126333
9.987335667
1.6164
40.5
0.0
 
2019-03-06T16:52:35,142418450+01:00
57.014136167
9.987342167
2.106
40.4
0.0
 
2019-03-06T16:52:36,144872087+01:00
57.014142667
9.9873585
2.3796
40.3
0.0
 
2019-03-06T16:52:37,143637171+01:00
57.014149333
9.987378833
2.5128
40.2
0.0
 
2019-03-06T16:52:38,140784995+01:00
57.014141
9.987347667
1.692
40.3
0.0
 
2019-03-06T16:52:39,148940458+01:00
57.014129167
9.987349
1.8792
40.4
0.0
 
2019-03-06T16:52:40,145399535+01:00
57.0141335
9.987332167
1.6956
40.5
0.0
 
2019-03-06T16:52:41,148377813+01:00
57.0141365
9.987326833
1.6056
40.6
0.0
 
2019-03-06T16:52:42,152803719+01:00
57.014138667
9.987332833
1.6776
40.6
0.0
 
2019-03-06T16:52:43,142853066+01:00
57.014137833
9.987348
2.2176
40.4
0.0
 
2019-03-06T16:52:44,156409775+01:00
57.014143667
9.987350833
2.502
40.3
0.0
 
2019-03-06T16:52:45,149531887+01:00
57.0141505
9.987358333
2.6964
40.1
0.0
 
2019-03-06T16:52:46,148290694+01:00
57.014154333
9.987376833
3.1212
39.9
0.0
 
2019-03-06T16:52:47,146707233+01:00
57.014162333
9.987400333
3.4128
39.7
0.0
 
2019-03-06T16:52:48,158985076+01:00
57.014179
9.9874285
4.3596
39.5
0.0
 
2019-03-06T16:52:49,144879240+01:00
57.014187
9.987450333
4.7124
39.4
0.0
 
2019-03-06T16:52:50,147157008+01:00
57.014195833
9.987477667
4.7124
39.2
0.0
 
2019-03-06T16:52:51,149419481+01:00
57.014187667
9.987508167
4.608
39.1
0.0
 
2019-03-06T16:52:52,147540282+01:00
57.014197
9.9875435
5.0112
38.9
0.0
 
2019-03-06T16:52:53,160573953+01:00
57.014211333
9.987564333
5.1228
38.7
0.0
 
2019-03-06T16:52:54,153200068+01:00
57.014226333
9.987585667
5.4036
38.4
14.44
 
2019-03-06T16:52:55,151679898+01:00
57.014239
9.987611333
5.9508
38.1
30.15
 
2019-03-06T16:52:56,149428281+01:00
57.014232833
9.987632667
5.8824
37.8
43.6
 
2019-03-06T16:52:57,156457480+01:00
57.014232833
9.987638167
5.5224
37.4
0.0
 
2019-03-06T16:52:58,151342826+01:00
57.014235167
9.987630667
5.2056
37.1
0.0
 
2019-03-06T16:52:59,147210183+01:00
57.014219
9.987615833
3.3804
36.8
0.0
 
2019-03-06T16:53:00,149225456+01:00
57.014218667
9.987650667
3.8916
36.5
0.0
 
2019-03-06T16:53:01,146953311+01:00
nan
nan
nan
nan
nan
 
2019-03-06T16:53:02,145447183+01:00
57.014228667
9.987679333
3.6108
36.4
0.0
 
2019-03-06T16:53:03,149154023+01:00
57.014230333
9.987683
2.7216
36.3
0.0
 
2019-03-06T16:53:04,148249031+01:00
57.014204167
9.987638667
0.7668
36.1
0.0
 
2019-03-06T16:53:05,156201512+01:00
57.014182167
9.987605833
0.9252
35.9
0.0
 
2019-03-06T16:53:06,153709672+01:00
57.0141655
9.987578
1.692
35.7
0.0
 
2019-03-06T16:53:07,154900391+01:00
57.014163333
9.987579167
1.2348
35.6
0.0
 
2019-03-06T16:53:08,160722833+01:00
57.014139833
9.987545
2.4372
35.4
0.0
 
2019-03-06T16:53:09,154252539+01:00
57.0141275
9.987530167
2.5236
35.3
0.0
 
2019-03-06T16:53:10,150863665+01:00
57.014128667
9.987520333
1.674
35.1
0.0
 
2019-03-06T16:53:11,155382156+01:00
57.014113
9.987497333
1.8612
34.4
0.0
 
2019-03-06T16:53:12,156705441+01:00
57.014109333
9.987468
1.6344
33.6
0.0
 
2019-03-06T16:53:13,167248030+01:00
57.0140925
9.987438167
2.0844
32.8
0.0
 
2019-03-06T16:53:14,153046304+01:00
57.0140955
9.987428333
1.404
32.1
0.0
 
2019-03-06T16:53:15,155912705+01:00
57.0141095
9.987442
0.6624
31.4
0.0
 
2019-03-06T16:53:16,155230633+01:00
57.014097667
9.987412333
0.7884
30.7
0.0
 
2019-03-06T16:53:17,162718089+01:00
57.01408
9.987383833
1.9404
30.1
0.0
 
2019-03-06T16:53:18,155124358+01:00
57.014088667
9.987392833
0.4572
29.5
0.0
 
2019-03-06T16:53:19,162034138+01:00
57.014079167
9.9873845
0.9576
28.9
0.0
 
2019-03-06T16:53:20,160723877+01:00
57.014065333
9.987350167
1.9152
28.4
0.0
 
2019-03-06T16:53:21,161813676+01:00
57.0140635
9.9873315
1.5984
27.9
0.0
 
2019-03-06T16:53:22,159598654+01:00
57.014053333
9.987308167
2.1924
27.3
0.0
 
2019-03-06T16:53:23,162962491+01:00
57.0140525
9.987290667
1.9476
26.9
0.0
 
2019-03-06T16:53:24,155685765+01:00
57.014049
9.987259833
2.4696
26.4
0.0
 
2019-03-06T16:53:25,167720554+01:00
57.014042
9.987237167
2.7432
26.0
0.0
 
2019-03-06T16:53:26,166326703+01:00
57.014024
9.987200833
3.2904
25.5
0.0
 
2019-03-06T16:53:27,164936364+01:00
57.014013667
9.987186833
2.8872
25.1
0.0
 
2019-03-06T16:53:28,169202726+01:00
57.014008
9.987173
2.34
24.8
0.0
 
2019-03-06T16:53:29,167103030+01:00
57.0139975
9.987159167
2.2932
24.5
0.0
 
2019-03-06T16:53:30,168396951+01:00
57.013991167
9.987152333
2.0232
24.2
0.0
 
2019-03-06T16:53:31,168001607+01:00
57.013982167
9.9871385
2.2608
23.9
0.0
 
2019-03-06T16:53:32,169564880+01:00
57.013972333
9.987118167
2.7504
23.7
0.0
 
2019-03-06T16:53:33,181245546+01:00
57.013968833
9.9871115
2.2176
23.4
0.0
 
2019-03-06T16:53:34,164928810+01:00
57.0139725
9.987119833
0.8712
23.1
0.0
 
2019-03-06T16:53:35,164218742+01:00
57.013957167
9.987097167
2.538
23.0
0.0
 
2019-03-06T16:53:36,168440599+01:00
57.013950833
9.987094667
2.3292
22.8
0.0
 
2019-03-06T16:53:37,170638942+01:00
57.013934667
9.987074
3.5352
22.8
137.56
 
2019-03-06T16:53:38,163928170+01:00
57.0139315
9.987075333
2.8764
22.7
0.0
 
2019-03-06T16:53:39,168062841+01:00
57.013922167
9.987067
3.3264
22.6
169.18
 
2019-03-06T16:53:40,166581778+01:00
57.013920333
9.987062833
2.9052
22.6
0.0
 
2019-03-06T16:53:41,173136409+01:00
57.013919667
9.987059
2.4588
22.7
0.0
 
2019-03-06T16:53:42,156556418+01:00
57.013917667
9.9870505
2.412
22.7
0.0
 
2019-03-06T16:53:43,161099332+01:00
57.0139205
9.987057333
1.5948
22.7
0.0
 
2019-03-06T16:53:44,177544650+01:00
57.013901667
9.9870445
3.4704
23.0
189.23
 
2019-03-06T16:53:45,163535830+01:00
57.0138845
9.987028167
4.536
23.3
201.72
 
2019-03-06T16:53:46,162744639+01:00
57.013867833
9.9870125
5.1516
23.6
205.43
 
2019-03-06T16:53:47,166245519+01:00
57.013852833
9.987003167
5.0328
24.2
205.39
 
2019-03-06T16:53:48,165556833+01:00
57.0138485
9.986996333
4.6404
24.3
205.26
 
2019-03-06T16:53:49,162104471+01:00
57.013845333
9.986997667
4.1112
24.4
202.17
 
2019-03-06T16:53:50,158295690+01:00
57.013849333
9.986994667
3.0528
24.5
0.0
 
2019-03-06T16:53:51,162633709+01:00
57.013854167
9.987000667
2.016
24.6
0.0
 
2019-03-06T16:53:52,164673335+01:00
57.013859833
9.987000333
1.386
24.7
0.0
 
2019-03-06T16:53:53,172583608+01:00
57.0138705
9.986995833
0.72
24.8
0.0
 
2019-03-06T16:53:54,166574167+01:00
57.0138745
9.9869995
0.4176
24.8
0.0
 
2019-03-06T16:53:55,167811924+01:00
57.0138795
9.987006
0.1908
24.8
0.0
 
2019-03-06T16:53:56,168511549+01:00
57.013888167
9.987012833
0.7848
24.7
0.0
 
2019-03-06T16:53:57,168788699+01:00
57.013896
9.987013167
1.2204
24.7
0.0
 
2019-03-06T16:53:58,167704506+01:00
57.0139055
9.987015667
1.5984
24.6
0.0
 
2019-03-06T16:53:59,167906970+01:00
57.0139125
9.987023
1.6524
24.5
0.0
 
2019-03-06T16:54:00,167980901+01:00
57.013913667
9.987024167
0.9936
24.4
0.0
 
2019-03-06T16:54:01,176091933+01:00
57.013917667
9.987021167
0.9936
24.3
0.0
 
2019-03-06T16:54:02,166531316+01:00
57.013910833
9.987003
0.774
24.1
0.0
 
2019-03-06T16:54:03,176156229+01:00
57.013909
9.9869985
0.9792
24.0
0.0
 
2019-03-06T16:54:04,162537409+01:00
57.013917167
9.987002833
0.4572
23.8
0.0
 
2019-03-06T16:54:05,165824430+01:00
57.0139075
9.9869855
1.5444
23.7
0.0
 
2019-03-06T16:54:06,163067408+01:00
57.013906167
9.986983333
1.5228
23.5
0.0
 
2019-03-06T16:54:07,174667113+01:00
57.013901333
9.986978667
2.1204
23.3
0.0
 
2019-03-06T16:54:08,163435743+01:00
57.0139085
9.986987167
1.134
23.3
0.0
 
2019-03-06T16:54:09,170313617+01:00
57.013912833
9.986985
0.9504
23.2
0.0
 
2019-03-06T16:54:10,172649159+01:00
57.013913167
9.986969
1.71
22.9
0.0
 
2019-03-06T16:54:11,168272828+01:00
57.013917333
9.9869725
1.2456
22.9
0.0
 
2019-03-06T16:54:12,192411279+01:00
57.013921833
9.986982167
0.954
22.9
0.0
 
2019-03-06T16:54:13,172472843+01:00
57.013933667
9.986993333
0.162
22.8
0.0
 
2019-03-06T16:54:14,171696259+01:00
57.013935
9.9869925
0.3636
22.9
0.0
 
2019-03-06T16:54:15,175197521+01:00
57.013940833
9.986986667
0.54
23.0
0.0
 
2019-03-06T16:54:16,172711277+01:00
57.013946833
9.986994333
0.2232
23.0
0.0
 
2019-03-06T16:54:17,179435911+01:00
57.0139475
9.986996
0.252
23.0
0.0
 
2019-03-06T16:54:18,172342994+01:00
57.013940333
9.986974667
1.6848
23.1
0.0
 
2019-03-06T16:54:19,176902624+01:00
57.013947667
9.986978
0.9612
23.3
0.0
 
2019-03-06T16:54:20,179680283+01:00
57.013959167
9.987005833
0.3492
23.4
0.0
 
2019-03-06T16:54:21,176349958+01:00
57.013966333
9.987016833
0.3924
23.4
0.0
 
2019-03-06T16:54:22,165582299+01:00
57.013955
9.986992667
1.4652
23.7
0.0
 
2019-03-06T16:54:23,182054325+01:00
57.013954667
9.9869915
1.5552
23.8
0.0
 
2019-03-06T16:54:24,172595289+01:00
57.0139575
9.987001333
1.2708
24.0
0.0
 
2019-03-06T16:54:25,166194557+01:00
57.013963167
9.987005167
1.0872
23.1
0.0
 
2019-03-06T16:54:26,170384465+01:00
57.013962333
9.986998833
1.296
23.3
0.0
 
2019-03-06T16:54:27,169617273+01:00
57.013969667
9.987009333
0.5364
23.6
0.0
 
2019-03-06T16:54:28,172211466+01:00
57.013978167
9.987039667
0.4248
24.9
0.0
 
2019-03-06T16:54:29,169517363+01:00
57.013979667
9.987060667
1.1016
26.7
0.0
 
2019-03-06T16:54:30,181817952+01:00
57.013981833
9.987065
0.9396
28.4
0.0
 
2019-03-06T16:54:31,173748597+01:00
57.013984
9.987056667
0.5328
29.6
0.0
 
2019-03-06T16:54:32,172116563+01:00
57.013992167
9.987062333
1.116
30.6
0.0
 
2019-03-06T16:54:33,175237126+01:00
57.013988167
9.987041667
0.4464
31.6
0.0
 
2019-03-06T16:54:34,184421456+01:00
57.013988333
9.987046
0.5724
32.5
0.0
 
2019-03-06T16:54:35,179569841+01:00
57.013983833
9.987040333
0.2448
33.2
0.0
 
2019-03-06T16:54:36,181630730+01:00
57.0139845
9.987039667
0.1296
34.2
0.0
 
2019-03-06T16:54:37,184288317+01:00
57.013987333
9.987046167
0.0108
34.9
0.0
 
2019-03-06T16:54:38,171311434+01:00
57.0139905
9.987038833
0.234
35.6
0.0
 
2019-03-06T16:54:39,178779296+01:00
57.013995833
9.9870325
0.6264
36.1
0.0
 
2019-03-06T16:54:40,180783988+01:00
57.0139885
9.987012167
0.9144
36.4
0.0
 
2019-03-06T16:54:41,184367309+01:00
57.013976667
9.9869815
2.2572
36.7
0.0
 
2019-03-06T16:54:42,184277816+01:00
57.013964667
9.986955333
3.3768
37.0
0.0
 
2019-03-06T16:54:43,182840290+01:00
57.013951667
9.986933833
4.4172
37.2
216.34
 
2019-03-06T16:54:44,191576799+01:00
57.013947
9.986920667
4.464
37.2
221.92
 
2019-03-06T16:54:45,185428688+01:00
57.0139545
9.986932
3.834
37.3
224.91
 
2019-03-06T16:54:46,182033221+01:00
57.013962667
9.9869485
3.0096
37.3
0.0
 
2019-03-06T16:54:47,179779509+01:00
57.0139595
9.986954
3.4272
37.5
0.0
 
2019-03-06T16:54:48,173842305+01:00
57.013974167
9.986970167
1.8684
37.7
0.0
 
2019-03-06T16:54:49,184006449+01:00
57.013986833
9.986991333
0.9828
37.9
0.0
 
2019-03-06T16:54:50,177677012+01:00
57.013994833
9.987
0.666
37.9
0.0
 
2019-03-06T16:54:51,180690788+01:00
57.014008
9.987013833
0.5976
38.0
0.0
 
2019-03-06T16:54:52,180516743+01:00
57.014011667
9.987009667
0.738
38.0
0.0
 
2019-03-06T16:54:53,179533954+01:00
57.0140145
9.986993333
1.3068
38.1
0.0
 
2019-03-06T16:54:54,175711760+01:00
57.0140165
9.986996
1.0584
38.2
0.0
 
2019-03-06T16:54:55,177997115+01:00
57.014024333
9.986992167
1.2924
38.3
0.0
 
2019-03-06T16:54:56,183054966+01:00
57.014025333
9.986991667
0.7524
38.4
0.0
 
2019-03-06T16:54:57,185658508+01:00
57.014024167
9.986983833
0.9108
38.5
0.0
 
2019-03-06T16:54:58,183195090+01:00
57.014020833
9.986961833
1.7208
38.8
0.0
 
2019-03-06T16:54:59,182986419+01:00
57.014033833
9.986973333
1.1304
39.1
0.0
 
2019-03-06T16:55:00,179964385+01:00
57.014031833
9.986962167
1.5588
39.3
0.0
 
2019-03-06T16:55:01,181060144+01:00
57.0140415
9.986972167
1.242
39.6
0.0
 
2019-03-06T16:55:02,179587925+01:00
57.014037833
9.986967
1.53
39.6
0.0
 
2019-03-06T16:55:03,192380013+01:00
57.014037667
9.986958
1.8576
39.8
0.0
 
2019-03-06T16:55:04,184077261+01:00
57.014039167
9.986972667
1.206
39.9
0.0
 
2019-03-06T16:55:05,187120977+01:00
57.014048167
9.986985167
0.5364
40.2
0.0
 
2019-03-06T16:55:06,203500084+01:00
57.014047833
9.986995333
0.3168
40.4
0.0
 
2019-03-06T16:55:07,181676058+01:00
57.014046833
9.986992333
0.4068
40.5
0.0
 
2019-03-06T16:55:08,185526435+01:00
57.014044
9.9869775
0.648
40.8
0.0
 
2019-03-06T16:55:09,183307391+01:00
57.014043667
9.986973667
0.4752
41.0
0.0
 
