
2019-05-07T14:48:01,681100188+02:00
57.013952333
9.98725
0.432
nan
0.0
 
2019-05-07T14:48:01,876930093+02:00
57.013952
9.987250333
0.3096
nan
0.0
 
2019-05-07T14:48:02,281681580+02:00
57.013951
9.987251
0.5328
nan
0.0
 
2019-05-07T14:48:02,674823665+02:00
57.013951
9.987251833
0.4968
nan
0.0
 
2019-05-07T14:48:02,880405251+02:00
57.013950667
9.987252167
0.4104
nan
0.0
 
2019-05-07T14:48:03,283340434+02:00
57.0139505
9.9872525
0.45
nan
0.0
 
2019-05-07T14:48:03,682224869+02:00
57.013950667
9.987253
0.5364
nan
0.0
 
2019-05-07T14:48:03,877343723+02:00
57.013951
9.9872535
0.2484
nan
0.0
 
2019-05-07T14:48:04,079534833+02:00
57.013950833
9.987253833
0.2952
nan
0.0
 
2019-05-07T14:48:04,283856224+02:00
57.013951333
9.987254
0.162
nan
0.0
 
2019-05-07T14:48:04,683638222+02:00
57.013951667
9.987254667
0.2916
nan
0.0
 
2019-05-07T14:48:04,896725397+02:00
57.013951833
9.987255167
0.3348
nan
0.0
 
2019-05-07T14:48:05,080960542+02:00
57.013952167
9.987255667
0.108
nan
0.0
 
2019-05-07T14:48:05,281157121+02:00
57.013952
9.987255667
0.3168
nan
0.0
 
2019-05-07T14:48:05,680994400+02:00
57.013951667
9.987255833
0.3888
nan
0.0
 
2019-05-07T14:48:05,877592583+02:00
57.013951333
9.987255667
0.5544
nan
0.0
 
2019-05-07T14:48:06,089720559+02:00
57.013951
9.987255833
0.4644
nan
0.0
 
2019-05-07T14:48:06,278753680+02:00
57.013951
9.987256
0.3996
nan
0.0
 
2019-05-07T14:48:06,695345753+02:00
57.013951833
9.9872565
0.2952
nan
0.0
 
2019-05-07T14:48:07,105710962+02:00
57.013952667
9.987257167
0.1584
nan
0.0
 
2019-05-07T14:48:07,690869908+02:00
57.0139535
9.9872585
0.3492
nan
0.0
 
2019-05-07T14:48:08,107264823+02:00
57.013954167
9.987259333
0.1728
nan
0.0
 
2019-05-07T14:48:08,887276574+02:00
57.013954833
9.987259333
0.1764
nan
0.0
 
2019-05-07T14:48:09,284857961+02:00
57.013955333
9.98726
0.2232
nan
0.0
 
2019-05-07T14:48:09,697314154+02:00
57.013956
9.987260333
0.1584
nan
0.0
 
2019-05-07T14:48:10,093963623+02:00
57.013956833
9.987260833
0.0432
nan
0.0
 
2019-05-07T14:48:10,485706180+02:00
57.0139575
9.987260667
0.2088
nan
0.0
 
2019-05-07T14:48:11,100952606+02:00
57.013958167
9.9872615
0.2952
nan
0.0
 
2019-05-07T14:48:11,490218482+02:00
57.0139585
9.987261667
0.252
nan
0.0
 
