
2019-05-12T19:57:19,615597500+02:00
57.050978333
9.922928
0.036
nan
0.0
 
2019-05-12T19:57:19,802047939+02:00
57.050978333
9.922928
0.0576
nan
0.0
 
2019-05-12T19:57:20,005415803+02:00
57.050978333
9.922928
0.0468
nan
0.0
 
2019-05-12T19:57:20,204101590+02:00
57.0509785
9.922927833
0.1368
nan
0.0
 
2019-05-12T19:57:20,400632907+02:00
57.050978333
9.922927833
0.0792
nan
0.0
 
2019-05-12T19:57:20,603894562+02:00
57.050978333
9.922927833
0.0324
nan
0.0
 
2019-05-12T19:57:20,799071179+02:00
57.0509785
9.922927833
0.0288
nan
0.0
 
2019-05-12T19:57:21,008829806+02:00
57.0509785
9.922927667
0.1152
nan
0.0
 
2019-05-12T19:57:21,195416941+02:00
57.050978333
9.922927833
0.1692
nan
0.0
 
2019-05-12T19:57:21,403922191+02:00
57.050978333
9.922927667
0.0576
nan
0.0
 
2019-05-12T19:57:21,602820858+02:00
57.050978333
9.922927667
0.0972
nan
0.0
 
2019-05-12T19:57:21,802023364+02:00
57.050978333
9.922927667
0.1188
nan
0.0
 
2019-05-12T19:57:22,001602718+02:00
57.050978333
9.922927667
0.1116
nan
0.0
 
2019-05-12T19:57:22,207518051+02:00
57.050978167
9.922927667
0.0972
nan
0.0
 
2019-05-12T19:57:22,400840588+02:00
57.050978333
9.922927667
0.054
nan
0.0
 
2019-05-12T19:57:22,598404255+02:00
57.050978333
9.9229275
0.0324
nan
0.0
 
2019-05-12T19:57:22,801853092+02:00
57.050978333
9.9229275
0.1368
nan
0.0
 
2019-05-12T19:57:23,005240293+02:00
57.050978333
9.9229275
0.1188
nan
0.0
 
2019-05-12T19:57:23,202331478+02:00
57.0509785
9.9229275
0.1692
nan
0.0
 
2019-05-12T19:57:23,404304082+02:00
57.050978333
9.9229275
0.1476
nan
0.0
 
2019-05-12T19:57:23,598943195+02:00
57.050978333
9.9229275
0.1188
nan
0.0
 
2019-05-12T19:57:23,801569426+02:00
57.050978333
9.9229275
0.0324
nan
0.0
 
2019-05-12T19:57:23,995934086+02:00
57.050978167
9.9229275
0.2988
nan
0.0
 
2019-05-12T19:57:24,208451176+02:00
57.050978333
9.922927667
0.1368
nan
0.0
 
2019-05-12T19:57:24,401739065+02:00
57.050978333
9.922928
0.3168
nan
0.0
 
2019-05-12T19:57:24,605882952+02:00
57.050978667
9.922928167
0.4104
nan
0.0
 
2019-05-12T19:57:24,804299401+02:00
57.050978667
9.922928667
0.612
nan
0.0
 
2019-05-12T19:57:25,008696978+02:00
57.050979
9.922929333
0.8028
nan
0.0
 
2019-05-12T19:57:25,203755702+02:00
57.050979167
9.92293
0.8136
nan
0.0
 
2019-05-12T19:57:25,408091857+02:00
57.0509795
9.922930833
0.9072
nan
0.0
 
2019-05-12T19:57:25,599085256+02:00
57.050979833
9.922931667
1.0764
nan
0.0
 
2019-05-12T19:57:25,803168321+02:00
57.050980167
9.9229325
1.1016
nan
0.0
 
2019-05-12T19:57:26,005441252+02:00
57.050980833
9.9229335
1.4184
nan
34.65
 
2019-05-12T19:57:26,204875952+02:00
57.050981333
9.922934667
1.4832
nan
49.07
 
2019-05-12T19:57:26,399352572+02:00
57.050981667
9.922936667
2.0988
nan
64.82
 
2019-05-12T19:57:26,607399679+02:00
57.050982
9.922938833
2.376
nan
71.43
 
2019-05-12T19:57:26,796390114+02:00
57.050982333
9.922941333
2.7324
nan
75.35
 
2019-05-12T19:57:27,009981728+02:00
57.050983
9.922944667
3.5604
nan
75.69
 
2019-05-12T19:57:27,206407427+02:00
57.050983333
9.922948167
3.8304
nan
76.8
 
2019-05-12T19:57:27,405510064+02:00
57.050984
9.922952333
4.4964
nan
77.27
 
2019-05-12T19:57:27,602343960+02:00
57.0509845
9.922957167
5.3172
nan
78.12
 
2019-05-12T19:57:27,809144176+02:00
57.050985167
9.922962167
5.4396
nan
77.87
 
2019-05-12T19:57:28,004313446+02:00
57.050985833
9.922967833
6.1524
nan
78.68
 
2019-05-12T19:57:28,199011846+02:00
57.050986333
9.922974167
6.7536
nan
79.48
 
2019-05-12T19:57:28,407200636+02:00
57.050987
9.922980333
6.8688
nan
80.25
 
2019-05-12T19:57:28,611064347+02:00
57.050987667
9.922987
7.1892
nan
81.9
 
2019-05-12T19:57:28,797349622+02:00
57.050988
9.922993667
7.2144
nan
83.18
 
2019-05-12T19:57:29,006325732+02:00
57.0509885
9.923000667
7.5528
nan
83.57
 
2019-05-12T19:57:29,204067383+02:00
57.050989167
9.923007667
7.6212
nan
82.79
 
2019-05-12T19:57:29,408965144+02:00
57.0509895
9.923015167
8.208
nan
83.38
 
2019-05-12T19:57:29,595610081+02:00
57.05099
9.923022833
8.2548
nan
84.17
 
2019-05-12T19:57:29,808181446+02:00
57.050990667
9.923030167
8.208
nan
83.78
 
2019-05-12T19:57:30,000836172+02:00
57.050991
9.923037
7.632
nan
83.54
 
2019-05-12T19:57:30,210324902+02:00
57.050991833
9.923043667
7.362
nan
82.03
 
2019-05-12T19:57:30,411031794+02:00
57.050992667
9.92305
7.1244
nan
80.18
 
2019-05-12T19:57:30,601769942+02:00
57.050993333
9.923056
6.678
nan
79.26
 
2019-05-12T19:57:30,807142336+02:00
57.050993667
9.923061667
6.3792
nan
79.63
 
2019-05-12T19:57:31,002437153+02:00
57.050994667
9.9230665
5.6628
nan
77.18
 
2019-05-12T19:57:31,208388539+02:00
57.050995333
9.923071
5.2164
nan
76.08
 
2019-05-12T19:57:31,416266029+02:00
57.050995667
9.923075167
4.6476
nan
76.11
 
2019-05-12T19:57:31,600830218+02:00
57.0509965
9.923078667
4.212
nan
73.83
 
2019-05-12T19:57:31,804210961+02:00
57.050997167
9.9230815
3.6468
nan
70.53
 
2019-05-12T19:57:32,007404587+02:00
57.0509975
9.923084333
3.2004
nan
70.47
 
2019-05-12T19:57:32,202949970+02:00
57.050997833
9.9230865
2.6208
nan
69.59
 
2019-05-12T19:57:32,402305563+02:00
57.050998667
9.923088333
2.3472
nan
63.63
 
2019-05-12T19:57:32,606709769+02:00
57.050999
9.923089667
1.8
nan
62.08
 
2019-05-12T19:57:32,799269875+02:00
57.050999167
9.923090667
1.3392
nan
0.0
 
2019-05-12T19:57:33,010439706+02:00
57.050999667
9.923091333
1.17
nan
0.0
 
2019-05-12T19:57:33,201224829+02:00
57.050999833
9.9230915
0.5652
nan
0.0
 
2019-05-12T19:57:33,402225586+02:00
57.051000167
9.9230915
0.63
nan
0.0
 
2019-05-12T19:57:33,600609490+02:00
57.051000333
9.923091167
0.756
nan
0.0
 
2019-05-12T19:57:33,804379932+02:00
57.0510005
9.9230905
0.7848
nan
0.0
 
2019-05-12T19:57:34,000021350+02:00
57.051000667
9.923089667
0.882
nan
0.0
 
2019-05-12T19:57:34,202616762+02:00
57.051000667
9.9230885
1.2528
nan
0.0
 
2019-05-12T19:57:34,397360526+02:00
57.051000833
9.923087333
1.2456
nan
0.0
 
2019-05-12T19:57:34,599252226+02:00
57.0510005
9.923086
1.4616
nan
336.86
 
2019-05-12T19:57:34,796085175+02:00
57.0510005
9.923084667
1.4976
nan
297.45
 
2019-05-12T19:57:34,993979610+02:00
57.0510005
9.923083333
1.4256
nan
281.08
 
2019-05-12T19:57:35,206248339+02:00
57.051000333
9.923081833
1.5804
nan
269.03
 
2019-05-12T19:57:35,403156011+02:00
57.051000333
9.9230805
1.5408
nan
265.09
 
2019-05-12T19:57:35,598330510+02:00
57.051000167
9.923079
1.5192
nan
258.56
 
2019-05-12T19:57:35,807867153+02:00
57.051000167
9.923077833
1.4148
nan
260.26
 
2019-05-12T19:57:36,003174571+02:00
57.050999833
9.9230765
1.476
nan
253.89
 
2019-05-12T19:57:36,211039364+02:00
57.051
9.923075333
1.152
nan
0.0
 
2019-05-12T19:57:36,398360915+02:00
57.051
9.923074167
1.1592
nan
0.0
 
2019-05-12T19:57:36,606584957+02:00
57.051
9.923073167
1.0008
nan
0.0
 
2019-05-12T19:57:36,802995698+02:00
57.051
9.923072167
1.1448
nan
0.0
 
2019-05-12T19:57:37,003332144+02:00
57.050999833
9.923071333
1.0188
nan
0.0
 
2019-05-12T19:57:37,203106223+02:00
57.050999833
9.9230705
0.8568
nan
0.0
 
2019-05-12T19:57:37,403922889+02:00
57.050999667
9.92307
0.7128
nan
0.0
 
2019-05-12T19:57:37,604797328+02:00
57.0509995
9.9230695
0.666
nan
0.0
 
2019-05-12T19:57:37,801003727+02:00
57.050999333
9.923069333
0.5148
nan
0.0
 
2019-05-12T19:57:38,005246378+02:00
57.050999333
9.923069167
0.234
nan
0.0
 
2019-05-12T19:57:38,206526453+02:00
57.050999333
9.923069
0.2268
nan
0.0
 
2019-05-12T19:57:38,402493648+02:00
57.050999167
9.923069333
0.2808
nan
0.0
 
2019-05-12T19:57:38,607619080+02:00
57.050999333
9.923069167
0.1116
nan
0.0
 
2019-05-12T19:57:38,799464528+02:00
57.050999333
9.9230695
0.36
nan
0.0
 
2019-05-12T19:57:39,002965370+02:00
57.0509995
9.923069667
0.3024
nan
0.0
 
2019-05-12T19:57:39,200988903+02:00
57.0509995
9.923070167
0.6336
nan
0.0
 
2019-05-12T19:57:39,403488520+02:00
57.050999667
9.923070667
0.5724
nan
0.0
 
2019-05-12T19:57:39,598089554+02:00
57.050999833
9.923071333
0.7704
nan
0.0
 
2019-05-12T19:57:39,805040356+02:00
57.051
9.923072333
0.9684
nan
0.0
 
2019-05-12T19:57:40,004315793+02:00
57.051000167
9.923072833
0.7776
nan
0.0
 
2019-05-12T19:57:40,208648567+02:00
57.051000167
9.9230735
0.8568
nan
0.0
 
2019-05-12T19:57:40,399265061+02:00
57.051000333
9.923073833
0.612
nan
0.0
 
2019-05-12T19:57:40,594228258+02:00
57.051000333
9.9230745
0.8136
nan
0.0
 
2019-05-12T19:57:40,799730602+02:00
57.051000333
9.923075
0.7092
nan
0.0
 
2019-05-12T19:57:41,010284409+02:00
57.0510005
9.9230755
0.576
nan
0.0
 
2019-05-12T19:57:41,203822308+02:00
57.051000333
9.923076167
0.8424
nan
0.0
 
2019-05-12T19:57:41,403969701+02:00
57.0510005
9.9230765
0.4932
nan
0.0
 
2019-05-12T19:57:41,601910200+02:00
57.0510005
9.923077
0.5688
nan
0.0
 
2019-05-12T19:57:41,808027059+02:00
57.0510005
9.923077167
0.3168
nan
0.0
 
2019-05-12T19:57:41,998567231+02:00
57.051000667
9.9230775
0.4392
nan
0.0
 
2019-05-12T19:57:42,221270516+02:00
57.051000667
9.9230775
0.1584
nan
0.0
 
2019-05-12T19:57:42,404676402+02:00
57.051000833
9.923078
0.3744
nan
0.0
 
2019-05-12T19:57:42,606506146+02:00
57.051000833
9.923077833
0.1332
nan
0.0
 
2019-05-12T19:57:42,803567390+02:00
57.051000833
9.923078167
0.3348
nan
0.0
 
2019-05-12T19:57:43,004290011+02:00
57.051001167
9.923078167
0.2088
nan
0.0
 
2019-05-12T19:57:43,200645595+02:00
57.051001167
9.923078333
0.234
nan
0.0
 
2019-05-12T19:57:43,402183062+02:00
57.051001333
9.923078333
0.144
nan
0.0
 
2019-05-12T19:57:43,600040664+02:00
57.0510015
9.923078333
0.1584
nan
0.0
 
2019-05-12T19:57:43,808175450+02:00
57.0510015
9.923078333
0.1152
nan
0.0
 
2019-05-12T19:57:44,007650468+02:00
57.051001667
9.9230785
0.3348
nan
0.0
 
2019-05-12T19:57:44,208024304+02:00
57.051001667
9.923078333
0.0792
nan
0.0
 
2019-05-12T19:57:44,404719137+02:00
57.051001667
9.923078333
0.0468
nan
0.0
 
2019-05-12T19:57:44,607682477+02:00
57.051001667
9.923077833
0.2016
nan
0.0
 
2019-05-12T19:57:44,804806132+02:00
57.051001833
9.923077667
0.1116
nan
0.0
 
2019-05-12T19:57:45,005727923+02:00
57.051001667
9.923077333
0.2808
nan
0.0
 
2019-05-12T19:57:45,201486366+02:00
57.051001833
9.923077
0.252
nan
0.0
 
2019-05-12T19:57:45,404696747+02:00
57.051001833
9.9230765
0.4356
nan
0.0
 
2019-05-12T19:57:45,603912226+02:00
57.051002
9.923076
0.4212
nan
0.0
 
2019-05-12T19:57:45,804793518+02:00
57.051002167
9.9230755
0.5148
nan
0.0
 
2019-05-12T19:57:45,996567471+02:00
57.051002167
9.923075167
0.432
nan
0.0
 
2019-05-12T19:57:46,201618547+02:00
57.051002333
9.923074667
0.5544
nan
0.0
 
2019-05-12T19:57:46,400126590+02:00
57.0510025
9.923074333
0.4932
nan
0.0
 
2019-05-12T19:57:46,606309824+02:00
57.0510025
9.923073833
0.504
nan
0.0
 
2019-05-12T19:57:46,799980545+02:00
57.051002667
9.923073333
0.414
nan
0.0
 
2019-05-12T19:57:47,010542492+02:00
57.051002833
9.923072833
0.3816
nan
0.0
 
2019-05-12T19:57:47,199532487+02:00
57.051003
9.923072667
0.324
nan
0.0
 
2019-05-12T19:57:47,400521601+02:00
57.051003167
9.923072667
0.1332
nan
0.0
 
2019-05-12T19:57:47,603009972+02:00
57.051003333
9.9230725
0.1764
nan
0.0
 
2019-05-12T19:57:47,806393210+02:00
57.051003333
9.9230725
0.1584
nan
0.0
 
2019-05-12T19:57:48,003382659+02:00
57.0510035
9.9230725
0.0972
nan
0.0
 
2019-05-12T19:57:48,206356163+02:00
57.051003667
9.923072667
0.1584
nan
0.0
 
2019-05-12T19:57:48,403542230+02:00
57.051003667
9.923072833
0.1476
nan
0.0
 
2019-05-12T19:57:48,604390162+02:00
57.051003833
9.923073
0.3024
nan
0.0
 
2019-05-12T19:57:48,794353846+02:00
57.051003833
9.9230735
0.3492
nan
0.0
 
2019-05-12T19:57:49,010325782+02:00
57.051004167
9.923073667
0.2952
nan
0.0
 
2019-05-12T19:57:49,203265744+02:00
57.051004167
9.923074
0.4464
nan
0.0
 
2019-05-12T19:57:49,408348670+02:00
57.051004333
9.9230745
0.4536
nan
0.0
 
2019-05-12T19:57:49,602976882+02:00
57.051004333
9.923074667
0.3348
nan
0.0
 
2019-05-12T19:57:49,807772544+02:00
57.0510045
9.923075167
0.3816
nan
0.0
 
2019-05-12T19:57:50,007987688+02:00
57.051004667
9.9230755
0.3384
nan
0.0
 
2019-05-12T19:57:50,200904263+02:00
57.051004667
9.923075833
0.3924
nan
0.0
 
2019-05-12T19:57:50,404563567+02:00
57.051004833
9.923076167
0.4608
nan
0.0
 
2019-05-12T19:57:50,611539374+02:00
57.051004833
9.923076667
0.4392
nan
0.0
 
2019-05-12T19:57:50,802506609+02:00
57.051005
9.923076833
0.288
nan
0.0
 
2019-05-12T19:57:51,006863063+02:00
57.051005
9.923077167
0.396
nan
0.0
 
2019-05-12T19:57:51,204445104+02:00
57.051005167
9.923077333
0.1692
nan
0.0
 
2019-05-12T19:57:51,401794642+02:00
57.051005167
9.923077667
0.4896
nan
0.0
 
2019-05-12T19:57:51,601592464+02:00
57.051005333
9.923077833
0.3024
nan
0.0
 
2019-05-12T19:57:51,806271068+02:00
57.051005333
9.923078
0.4104
nan
0.0
 
2019-05-12T19:57:52,002302067+02:00
57.051005333
9.923078
0.2484
nan
0.0
 
2019-05-12T19:57:52,207863052+02:00
57.0510055
9.923078333
0.306
nan
0.0
 
2019-05-12T19:57:52,399075429+02:00
57.0510055
9.923078333
0.2088
nan
0.0
 
2019-05-12T19:57:52,610861046+02:00
57.0510055
9.9230785
0.2376
nan
0.0
 
2019-05-12T19:57:52,800709186+02:00
57.0510055
9.923078667
0.288
nan
0.0
 
2019-05-12T19:57:52,998437148+02:00
57.0510055
9.923078667
0.2232
nan
0.0
 
2019-05-12T19:57:53,212293614+02:00
57.0510055
9.923078667
0.27
nan
0.0
 
2019-05-12T19:57:53,405099083+02:00
57.0510055
9.923078667
0.0684
nan
0.0
 
2019-05-12T19:57:53,604654765+02:00
57.051005667
9.923078833
0.072
nan
0.0
 
2019-05-12T19:57:53,803148836+02:00
57.051005833
9.9230785
0.162
nan
0.0
 
2019-05-12T19:57:54,005615985+02:00
57.051005833
9.923078333
0.1152
nan
0.0
 
2019-05-12T19:57:54,226487868+02:00
57.051006167
9.923078333
0.0972
nan
0.0
 
2019-05-12T19:57:54,403761873+02:00
57.051006333
9.923078167
0.1008
nan
0.0
 
2019-05-12T19:57:54,607692594+02:00
57.0510065
9.923078167
0.1224
nan
0.0
 
2019-05-12T19:57:54,812381961+02:00
57.0510065
9.923078167
0.198
nan
0.0
 
2019-05-12T19:57:55,006173807+02:00
57.051006667
9.923078
0.2664
nan
0.0
 
2019-05-12T19:57:55,201472496+02:00
57.051006667
9.923077667
0.4572
nan
0.0
 
2019-05-12T19:57:55,402723804+02:00
57.051006667
9.923077333
0.4896
nan
0.0
 
2019-05-12T19:57:55,605804232+02:00
57.0510065
9.923076833
0.5796
nan
0.0
 
2019-05-12T19:57:55,809540273+02:00
57.0510065
9.923076167
0.81
nan
0.0
 
2019-05-12T19:57:56,005289021+02:00
57.051006167
9.923075333
0.9036
nan
0.0
 
2019-05-12T19:57:56,203232589+02:00
57.051006167
9.923074833
0.7164
nan
0.0
 
2019-05-12T19:57:56,401273616+02:00
57.051006
9.923074333
0.7704
nan
0.0
 
2019-05-12T19:57:56,606125216+02:00
57.051005833
9.923073667
0.6408
nan
0.0
 
2019-05-12T19:57:56,805095183+02:00
57.051006
9.923072833
0.7416
nan
0.0
 
2019-05-12T19:57:57,002123222+02:00
57.051006
9.9230725
0.5652
nan
0.0
 
2019-05-12T19:57:57,197795237+02:00
57.051006167
9.923072333
0.4572
nan
0.0
 
2019-05-12T19:57:57,406885606+02:00
57.051006333
9.923072167
0.2988
nan
0.0
 
2019-05-12T19:57:57,602127536+02:00
57.0510065
9.923071833
0.3456
nan
0.0
 
2019-05-12T19:57:57,802886213+02:00
57.051006833
9.923071833
0.4968
nan
0.0
 
2019-05-12T19:57:58,000690186+02:00
57.051007167
9.923071833
0.3996
nan
0.0
 
2019-05-12T19:57:58,203050766+02:00
57.051007333
9.923071667
0.594
nan
0.0
 
2019-05-12T19:57:58,401205527+02:00
57.0510075
9.923071333
0.4248
nan
0.0
 
2019-05-12T19:57:58,600052825+02:00
57.051007833
9.923071167
0.4896
nan
0.0
 
2019-05-12T19:57:58,809918503+02:00
57.051008167
9.923071
0.4716
nan
0.0
 
2019-05-12T19:57:59,002767110+02:00
57.051008333
9.923070833
0.3024
nan
0.0
 
2019-05-12T19:57:59,200999418+02:00
57.051008833
9.923071
0.5292
nan
0.0
 
2019-05-12T19:57:59,406766299+02:00
57.051009
9.923071
0.5184
nan
0.0
 
2019-05-12T19:57:59,602024754+02:00
57.051009333
9.923071333
0.4212
nan
0.0
 
2019-05-12T19:57:59,804621776+02:00
57.051009667
9.923071333
0.5004
nan
0.0
 
2019-05-12T19:58:00,007864375+02:00
57.051009833
9.923071667
0.4068
nan
0.0
 
2019-05-12T19:58:00,207412235+02:00
57.051010333
9.923072
0.6012
nan
0.0
 
2019-05-12T19:58:00,411594536+02:00
57.051010667
9.9230725
0.684
nan
0.0
 
2019-05-12T19:58:00,605003848+02:00
57.051010833
9.923073
0.6408
nan
0.0
 
2019-05-12T19:58:00,798462158+02:00
57.051011333
9.9230735
0.8208
nan
0.0
 
2019-05-12T19:58:01,005523278+02:00
57.051011667
9.923074333
1.0044
nan
0.0
 
2019-05-12T19:58:01,202207770+02:00
57.051012
9.923074833
0.9576
nan
0.0
 
2019-05-12T19:58:01,408104283+02:00
57.051012167
9.923075333
0.9576
nan
0.0
 
2019-05-12T19:58:01,602277555+02:00
57.0510125
9.923076167
0.9648
nan
0.0
 
2019-05-12T19:58:01,812526920+02:00
57.051012833
9.923076833
1.062
nan
0.0
 
2019-05-12T19:58:02,004904871+02:00
57.051013
9.923077667
0.9108
nan
0.0
 
2019-05-12T19:58:02,202532877+02:00
57.051013333
9.923078167
0.882
nan
0.0
 
2019-05-12T19:58:02,403453738+02:00
57.051013667
9.923078833
0.8316
nan
0.0
 
2019-05-12T19:58:02,597552275+02:00
57.051013833
9.9230795
0.8388
nan
0.0
 
2019-05-12T19:58:02,798737000+02:00
57.051014
9.923080333
0.8568
nan
0.0
 
2019-05-12T19:58:03,010919895+02:00
57.051014
9.923080667
0.6876
nan
0.0
 
2019-05-12T19:58:03,203965334+02:00
57.051013833
9.923081
0.6804
nan
0.0
 
2019-05-12T19:58:03,408256145+02:00
57.051013333
9.923081167
0.8604
nan
0.0
 
2019-05-12T19:58:03,614258881+02:00
57.051012667
9.9230805
1.2996
nan
229.91
 
2019-05-12T19:58:03,806629820+02:00
57.051011833
9.923079833
1.6596
nan
216.79
 
2019-05-12T19:58:04,012457062+02:00
57.051011167
9.9230785
2.0916
nan
221.39
 
2019-05-12T19:58:04,205722868+02:00
57.051010333
9.923077
2.3724
nan
224.97
 
2019-05-12T19:58:04,399231215+02:00
57.0510095
9.923075667
2.3112
nan
225.18
 
2019-05-12T19:58:04,613832897+02:00
57.0510085
9.923073667
2.8656
nan
228.08
 
2019-05-12T19:58:04,811750731+02:00
57.051007667
9.923072
2.4876
nan
226.7
 
2019-05-12T19:58:05,211127470+02:00
57.051006167
9.923068833
2.0448
nan
227.15
 
2019-05-12T19:58:05,406365616+02:00
57.051005833
9.923067667
1.7064
nan
228.75
 
2019-05-12T19:58:05,607151795+02:00
57.0510055
9.923066333
1.6056
nan
232.92
 
2019-05-12T19:58:05,804706206+02:00
57.051005333
9.9230655
1.1988
nan
0.0
 
2019-05-12T19:58:06,003061675+02:00
57.051005167
9.923064667
0.9756
nan
0.0
 
2019-05-12T19:58:06,212528471+02:00
57.051005333
9.923063833
0.846
nan
0.0
 
2019-05-12T19:58:06,408405482+02:00
57.0510055
9.923063
0.7416
nan
0.0
 
2019-05-12T19:58:06,608220522+02:00
57.051005833
9.923062667
0.5976
nan
0.0
 
2019-05-12T19:58:06,794667831+02:00
57.051006167
9.9230625
0.612
nan
0.0
 
2019-05-12T19:58:07,006553701+02:00
57.0510065
9.9230625
0.4104
nan
0.0
 
2019-05-12T19:58:07,203298455+02:00
57.051006833
9.923062333
0.5976
nan
0.0
 
2019-05-12T19:58:07,407906756+02:00
57.051007333
9.923062333
0.6516
nan
0.0
 
2019-05-12T19:58:07,600394392+02:00
57.0510075
9.923062833
0.5904
nan
0.0
 
2019-05-12T19:58:07,806961146+02:00
57.051007833
9.923063333
0.7884
nan
0.0
 
2019-05-12T19:58:08,202585339+02:00
57.051008333
9.923064333
0.7884
nan
0.0
 
2019-05-12T19:58:08,399872248+02:00
57.0510085
9.923065
0.8676
nan
0.0
 
2019-05-12T19:58:08,603822936+02:00
57.051008833
9.923065833
1.0836
nan
0.0
 
2019-05-12T19:58:08,802905967+02:00
57.051009
9.923066667
1.0512
nan
0.0
 
2019-05-12T19:58:09,199021817+02:00
57.051009167
9.923068667
1.0944
nan
0.0
 
2019-05-12T19:58:09,404587621+02:00
57.051009167
9.923069667
1.044
nan
0.0
 
2019-05-12T19:58:09,801699172+02:00
57.051009
9.923071667
1.1376
nan
0.0
 
2019-05-12T19:58:10,005943076+02:00
57.051008833
9.9230725
1.0044
nan
0.0
 
2019-05-12T19:58:10,206751106+02:00
57.051008667
9.923073167
0.792
nan
0.0
 
2019-05-12T19:58:10,606808636+02:00
57.0510085
9.923074333
0.7812
nan
0.0
 
2019-05-12T19:58:10,806495908+02:00
57.051008167
9.923074667
0.7344
nan
0.0
 
2019-05-12T19:58:10,997611909+02:00
57.051008
9.923074833
0.5256
nan
0.0
 
2019-05-12T19:58:11,197983143+02:00
57.051007833
9.923074667
0.4752
nan
0.0
 
2019-05-12T19:58:11,405335607+02:00
57.0510075
9.923074667
0.7812
nan
0.0
 
2019-05-12T19:58:11,598169457+02:00
57.051007167
9.923074333
0.7524
nan
0.0
 
2019-05-12T19:58:11,800001650+02:00
57.051006833
9.923073667
0.9432
nan
0.0
 
2019-05-12T19:58:12,005711238+02:00
57.051006333
9.923072833
1.3284
nan
222.94
 
2019-05-12T19:58:12,204020236+02:00
57.051006167
9.9230725
0.7344
nan
0.0
 
2019-05-12T19:58:12,405795244+02:00
57.051005833
9.9230715
1.1304
nan
0.0
 
2019-05-12T19:58:12,605199977+02:00
57.051005833
9.923070833
0.9036
nan
0.0
 
2019-05-12T19:58:12,806884601+02:00
57.0510055
9.923070167
1.0944
nan
0.0
 
2019-05-12T19:58:13,007272535+02:00
57.051005667
9.923069333
0.8244
nan
0.0
 
2019-05-12T19:58:13,214079920+02:00
57.0510055
9.923068333
1.0296
nan
0.0
 
2019-05-12T19:58:13,595940537+02:00
57.051005833
9.9230665
0.9684
nan
0.0
 
2019-05-12T19:58:13,801772233+02:00
57.051006
9.923065667
0.8676
nan
0.0
 
2019-05-12T19:58:14,002800582+02:00
57.051006333
9.923064667
1.0008
nan
0.0
 
2019-05-12T19:58:14,203622850+02:00
57.051006667
9.923063667
1.0908
nan
0.0
 
2019-05-12T19:58:14,602605562+02:00
57.0510075
9.923061833
1.1592
nan
0.0
 
2019-05-12T19:58:14,800186225+02:00
57.051008
9.923061667
1.0476
nan
0.0
 
2019-05-12T19:58:15,201461665+02:00
57.051009333
9.923061167
1.1268
nan
0.0
 
2019-05-12T19:58:15,406851641+02:00
57.051009833
9.923061
1.1016
nan
0.0
 
2019-05-12T19:58:15,601379167+02:00
57.051010667
9.923061667
1.3788
nan
0.0
 
2019-05-12T19:58:16,003132427+02:00
57.051012
9.923062833
1.3536
nan
0.0
 
2019-05-12T19:58:16,203855938+02:00
57.0510125
9.9230635
1.5012
nan
355.57
 
2019-05-12T19:58:16,396587781+02:00
57.051013167
9.923064167
1.71
nan
17.17
 
2019-05-12T19:58:16,598962718+02:00
57.051014
9.923064833
1.7028
nan
25.04
 
2019-05-12T19:58:16,800989444+02:00
57.051014833
9.923066
1.8756
nan
32.31
 
2019-05-12T19:58:17,003941360+02:00
57.051015833
9.923067167
2.2356
nan
35.26
 
2019-05-12T19:58:17,200729154+02:00
57.051017
9.923068333
2.6064
nan
34.14
 
2019-05-12T19:58:17,399015867+02:00
57.051018167
9.923070333
2.9664
nan
38.43
 
2019-05-12T19:58:17,604756006+02:00
57.051019333
9.923072333
3.2112
nan
40.75
 
2019-05-12T19:58:17,798808576+02:00
57.051020667
9.923074833
3.7728
nan
43.05
 
2019-05-12T19:58:17,999991033+02:00
57.051022
9.923077167
3.7944
nan
44.33
 
2019-05-12T19:58:18,204828043+02:00
57.051023167
9.9230795
3.7152
nan
44.91
 
2019-05-12T19:58:18,400152116+02:00
57.0510245
9.923082833
4.23
nan
48.54
 
2019-05-12T19:58:18,612971557+02:00
57.051025667
9.9230855
3.9276
nan
50.39
 
2019-05-12T19:58:19,007918570+02:00
57.051028167
9.923092167
4.2084
nan
54.95
 
2019-05-12T19:58:19,196705110+02:00
57.051029167
9.9230955
4.1256
nan
58.22
 
2019-05-12T19:58:19,411841353+02:00
57.05103
9.923098667
4.1436
nan
61.02
 
2019-05-12T19:58:19,612245015+02:00
57.051031167
9.923102
4.0896
nan
62.06
 
2019-05-12T19:58:19,803103790+02:00
57.051032167
9.9231055
4.0788
nan
63.6
 
2019-05-12T19:58:20,011321676+02:00
57.051033
9.923109167
4.2768
nan
65.95
 
2019-05-12T19:58:20,833848165+02:00
57.051035833
9.923124333
4.158
nan
73.0
 
2019-05-12T19:58:21,006617759+02:00
57.051036
9.923128167
4.2048
nan
77.85
 
2019-05-12T19:58:21,210800956+02:00
57.051036333
9.923131833
4.014
nan
79.76
 
2019-05-12T19:58:21,406963075+02:00
57.051036667
9.923135333
3.8916
nan
81.21
 
2019-05-12T19:58:21,602440531+02:00
57.051036667
9.923138667
3.8376
nan
84.13
 
2019-05-12T19:58:21,804504532+02:00
57.0510365
9.923142167
3.7908
nan
87.49
 
2019-05-12T19:58:21,996496867+02:00
57.051036667
9.923145167
3.4884
nan
88.27
 
2019-05-12T19:58:22,206230523+02:00
57.051036667
9.923148333
3.402
nan
89.4
 
2019-05-12T19:58:22,398487861+02:00
57.051036833
9.923151
2.9952
nan
90.14
 
2019-05-12T19:58:22,612887421+02:00
57.051036667
9.923153667
2.8548
nan
92.46
 
2019-05-12T19:58:22,808126561+02:00
57.0510365
9.923155833
2.5344
nan
95.37
 
2019-05-12T19:58:23,000883805+02:00
57.051036167
9.9231575
2.2068
nan
98.38
 
2019-05-12T19:58:23,199903658+02:00
57.051035833
9.923159167
2.016
nan
101.83
 
2019-05-12T19:58:23,406881991+02:00
57.0510355
9.923160833
2.0916
nan
107.39
 
2019-05-12T19:58:23,608097999+02:00
57.051035
9.923162
1.7784
nan
113.86
 
2019-05-12T19:58:23,806299656+02:00
57.051034167
9.923164
1.8756
nan
118.56
 
2019-05-12T19:58:23,999076637+02:00
57.051034
9.923165167
1.7856
nan
119.02
 
2019-05-12T19:58:24,202615260+02:00
57.051033333
9.923166333
1.8036
nan
125.06
 
2019-05-12T19:58:24,399477767+02:00
57.0510325
9.9231675
1.9512
nan
131.12
 
2019-05-12T19:58:24,601163995+02:00
57.0510315
9.923168333
2.0232
nan
141.21
 
2019-05-12T19:58:24,795706462+02:00
57.051030333
9.923169
2.322
nan
153.24
 
2019-05-12T19:58:25,003540652+02:00
57.051029167
9.923169333
2.1528
nan
161.0
 
2019-05-12T19:58:25,201689549+02:00
57.051028333
9.923169167
2.0016
nan
171.01
 
2019-05-12T19:58:25,406415666+02:00
57.051027
9.923169167
2.196
nan
181.12
 
2019-05-12T19:58:25,598503511+02:00
57.051026
9.9231685
2.2752
nan
190.61
 
2019-05-12T19:58:25,806002989+02:00
57.051024667
9.923167667
2.4552
nan
197.62
 
2019-05-12T19:58:25,998838282+02:00
57.051023667
9.9231665
2.4624
nan
201.94
 
2019-05-12T19:58:26,196756175+02:00
57.051022333
9.923165333
2.6316
nan
203.5
 
2019-05-12T19:58:26,397258573+02:00
57.051021
9.9231645
2.7216
nan
201.66
 
2019-05-12T19:58:26,598892217+02:00
57.051019667
9.923163667
2.754
nan
199.66
 
2019-05-12T19:58:26,799383190+02:00
57.051018167
9.923163167
2.7252
nan
198.11
 
2019-05-12T19:58:27,002426520+02:00
57.051017
9.923162333
2.7108
nan
198.52
 
2019-05-12T19:58:27,197831319+02:00
57.0510155
9.923161667
2.7324
nan
199.45
 
2019-05-12T19:58:27,402294171+02:00
57.0510145
9.923160667
2.4732
nan
202.92
 
2019-05-12T19:58:27,597809178+02:00
57.051013667
9.923159333
2.2356
nan
209.52
 
2019-05-12T19:58:27,802728564+02:00
57.051013167
9.923157833
1.9836
nan
218.98
 
2019-05-12T19:58:27,998620895+02:00
57.051013167
9.923156333
1.764
nan
235.6
 
2019-05-12T19:58:28,200427321+02:00
57.051013333
9.923154833
1.8756
nan
259.03
 
2019-05-12T19:58:28,400731577+02:00
57.051013833
9.923153333
1.9296
nan
279.67
 
2019-05-12T19:58:28,600614637+02:00
57.0510145
9.923152167
1.836
nan
293.86
 
2019-05-12T19:58:28,802473648+02:00
57.051015333
9.923151667
1.7604
nan
314.34
 
2019-05-12T19:58:29,006140780+02:00
57.051016
9.9231515
1.494
nan
327.24
 
2019-05-12T19:58:29,196886476+02:00
57.051017
9.923151833
1.71
nan
350.35
 
2019-05-12T19:58:29,414581242+02:00
57.051017667
9.9231525
1.6848
nan
5.34
 
2019-05-12T19:58:29,598681384+02:00
57.051018667
9.923153333
1.9044
nan
17.34
 
2019-05-12T19:58:29,801352303+02:00
57.051019333
9.9231545
1.9332
nan
28.85
 
2019-05-12T19:58:30,003708347+02:00
57.051020167
9.9231555
1.8252
nan
32.24
 
2019-05-12T19:58:30,202141185+02:00
57.051021
9.923156333
1.7712
nan
31.31
 
2019-05-12T19:58:30,407037598+02:00
57.051021667
9.923157167
1.6776
nan
30.08
 
2019-05-12T19:58:30,603444111+02:00
57.0510225
9.923157833
1.5228
nan
26.1
 
2019-05-12T19:58:30,801137077+02:00
57.051023
9.923158
1.1736
nan
21.58
 
2019-05-12T19:58:31,005774212+02:00
57.051023333
9.9231585
0.9648
nan
0.0
 
2019-05-12T19:58:31,203841826+02:00
57.051023667
9.923159167
0.9864
nan
0.0
 
2019-05-12T19:58:31,411221648+02:00
57.051023833
9.92316
0.7416
nan
0.0
 
2019-05-12T19:58:31,597559545+02:00
57.051023833
9.9231605
0.6048
nan
0.0
 
2019-05-12T19:58:31,806894132+02:00
57.051024
9.9231615
0.846
nan
0.0
 
2019-05-12T19:58:32,004038094+02:00
57.051024
9.923162
0.4392
nan
0.0
 
2019-05-12T19:58:32,205671278+02:00
57.051024
9.9231625
0.5292
nan
0.0
 
2019-05-12T19:58:32,404122941+02:00
57.051024
9.923162833
0.3924
nan
0.0
 
2019-05-12T19:58:32,605635567+02:00
57.051023833
9.9231635
0.5076
nan
0.0
 
2019-05-12T19:58:32,804584637+02:00
57.051023833
9.923164
0.3456
nan
0.0
 
2019-05-12T19:58:32,998855742+02:00
57.0510235
9.923164167
0.3996
nan
0.0
 
2019-05-12T19:58:33,200768528+02:00
57.0510235
9.9231645
0.3096
nan
0.0
 
2019-05-12T19:58:33,404741739+02:00
57.051023167
9.923164833
0.4536
nan
0.0
 
2019-05-12T19:58:33,603308861+02:00
57.051022833
9.923165
0.3384
nan
0.0
 
2019-05-12T19:58:33,809396094+02:00
57.0510225
9.923165
0.3744
nan
0.0
 
2019-05-12T19:58:34,001096494+02:00
57.051022333
9.923165
0.4212
nan
0.0
 
2019-05-12T19:58:34,203015081+02:00
57.051022
9.923164833
0.5076
nan
0.0
 
2019-05-12T19:58:34,398574489+02:00
57.051021833
9.9231645
0.5724
nan
0.0
 
2019-05-12T19:58:34,613453223+02:00
57.051021667
9.923164167
0.558
nan
0.0
 
2019-05-12T19:58:34,805931233+02:00
57.051021667
9.923163833
0.54
nan
0.0
 
2019-05-12T19:58:35,004177480+02:00
57.051021667
9.9231635
0.4716
nan
0.0
 
2019-05-12T19:58:35,210571614+02:00
57.051021667
9.923163167
0.6012
nan
0.0
 
2019-05-12T19:58:35,409377766+02:00
57.0510215
9.923162833
0.5832
nan
0.0
 
2019-05-12T19:58:35,615933120+02:00
57.0510215
9.923162333
0.5688
nan
0.0
 
2019-05-12T19:58:35,808219762+02:00
57.0510215
9.923162167
0.4464
nan
0.0
 
2019-05-12T19:58:36,002000998+02:00
57.051021333
9.923161833
0.432
nan
0.0
 
2019-05-12T19:58:36,210030423+02:00
57.051021167
9.923161667
0.3816
nan
0.0
 
2019-05-12T19:58:36,404049939+02:00
57.051021167
9.923161667
0.2772
nan
0.0
 
2019-05-12T19:58:36,604778020+02:00
57.051021167
9.923161667
0.1908
nan
0.0
 
2019-05-12T19:58:36,802252471+02:00
57.051021
9.9231615
0.2916
nan
0.0
 
2019-05-12T19:58:37,012209250+02:00
57.051021167
9.923161333
0.2268
nan
0.0
 
2019-05-12T19:58:37,194974756+02:00
57.051021
9.923161333
0.054
nan
0.0
 
2019-05-12T19:58:37,402732641+02:00
57.051020833
9.923161333
0.198
nan
0.0
 
2019-05-12T19:58:37,603581844+02:00
57.051020833
9.9231615
0.108
nan
0.0
 
2019-05-12T19:58:37,806763385+02:00
57.051020833
9.923161667
0.1332
nan
0.0
 
2019-05-12T19:58:38,004287847+02:00
57.051020667
9.9231615
0.0864
nan
0.0
 
2019-05-12T19:58:38,202736450+02:00
57.0510205
9.9231615
0.1476
nan
0.0
 
2019-05-12T19:58:38,402879642+02:00
57.0510205
9.923161833
0.234
nan
0.0
 
2019-05-12T19:58:38,599122014+02:00
57.051020333
9.923161833
0.1512
nan
0.0
 
2019-05-12T19:58:38,804636095+02:00
57.0510205
9.923162
0.234
nan
0.0
 
2019-05-12T19:58:39,002374624+02:00
57.0510205
9.923162
0.2196
nan
0.0
 
2019-05-12T19:58:39,197937360+02:00
57.0510205
9.923162333
0.3924
nan
0.0
 
2019-05-12T19:58:39,404453841+02:00
57.0510205
9.923162667
0.3528
nan
0.0
 
2019-05-12T19:58:39,598244242+02:00
57.0510205
9.923163167
0.5796
nan
0.0
 
2019-05-12T19:58:39,801732985+02:00
57.051020667
9.923163667
0.504
nan
0.0
 
2019-05-12T19:58:40,001503715+02:00
57.051020667
9.923164167
0.5904
nan
0.0
 
2019-05-12T19:58:40,205019845+02:00
57.051020667
9.923164333
0.432
nan
0.0
 
2019-05-12T19:58:40,403703003+02:00
57.051020833
9.923164667
0.4824
nan
0.0
 
2019-05-12T19:58:40,606939856+02:00
57.051020833
9.923164833
0.3924
nan
0.0
 
2019-05-12T19:58:40,808358364+02:00
57.051020833
9.923165
0.2304
nan
0.0
 
2019-05-12T19:58:41,003146978+02:00
57.051020667
9.923165333
0.3636
nan
0.0
 
2019-05-12T19:58:41,197595830+02:00
57.0510205
9.923165667
0.4428
nan
0.0
 
2019-05-12T19:58:41,409601823+02:00
57.0510205
9.923165833
0.2772
nan
0.0
 
2019-05-12T19:58:41,604583893+02:00
57.051020333
9.923166
0.5328
nan
0.0
 
2019-05-12T19:58:41,806726536+02:00
57.051020167
9.923166167
0.4536
nan
0.0
 
2019-05-12T19:58:42,007448832+02:00
57.05102
9.923166333
0.3672
nan
0.0
 
2019-05-12T19:58:42,208506879+02:00
57.051019833
9.923166167
0.4572
nan
0.0
 
2019-05-12T19:58:42,404464188+02:00
57.051019667
9.923165833
0.4536
nan
0.0
 
2019-05-12T19:58:42,600375674+02:00
57.051019667
9.923165667
0.4068
nan
0.0
 
2019-05-12T19:58:42,805423748+02:00
57.0510195
9.923165333
0.4428
nan
0.0
 
2019-05-12T19:58:43,008606454+02:00
57.0510195
9.923164833
0.4932
nan
0.0
 
2019-05-12T19:58:43,200713256+02:00
57.051019333
9.923164667
0.4392
nan
0.0
 
2019-05-12T19:58:43,404903212+02:00
57.051019167
9.923164
0.6228
nan
0.0
 
2019-05-12T19:58:43,600534871+02:00
57.051019167
9.9231635
0.522
nan
0.0
 
2019-05-12T19:58:43,805320919+02:00
57.051019
9.923163
0.558
nan
0.0
 
2019-05-12T19:58:43,999471095+02:00
57.051019167
9.923162667
0.4356
nan
0.0
 
2019-05-12T19:58:44,204301590+02:00
57.051019167
9.923162167
0.5076
nan
0.0
 
2019-05-12T19:58:44,407307804+02:00
57.051019333
9.923162
0.3924
nan
0.0
 
2019-05-12T19:58:44,604060109+02:00
57.0510195
9.923161833
0.2988
nan
0.0
 
2019-05-12T19:58:44,810168033+02:00
57.051019667
9.923161667
0.2628
nan
0.0
 
2019-05-12T19:58:45,006883128+02:00
57.05102
9.923161667
0.2088
nan
0.0
 
2019-05-12T19:58:45,200058966+02:00
57.051020167
9.923161833
0.2412
nan
0.0
 
2019-05-12T19:58:45,407504091+02:00
57.051020333
9.923161833
0.2016
nan
0.0
 
2019-05-12T19:58:45,606854576+02:00
57.051020667
9.923161833
0.3672
nan
0.0
 
2019-05-12T19:58:45,806605034+02:00
57.051020833
9.923162167
0.3852
nan
0.0
 
2019-05-12T19:58:46,001927643+02:00
57.051021
9.923162333
0.4032
nan
0.0
 
2019-05-12T19:58:46,208830651+02:00
57.051021167
9.923162667
0.4176
nan
0.0
 
2019-05-12T19:58:46,401545669+02:00
57.051021333
9.923162833
0.2952
nan
0.0
 
2019-05-12T19:58:46,603692977+02:00
57.0510215
9.923163333
0.4896
nan
0.0
 
2019-05-12T19:58:46,796799405+02:00
57.0510215
9.9231635
0.2484
nan
0.0
 
2019-05-12T19:58:47,007353728+02:00
57.0510215
9.923163833
0.3384
nan
0.0
 
2019-05-12T19:58:47,206153322+02:00
57.0510215
9.923164167
0.3312
nan
0.0
 
2019-05-12T19:58:47,403828945+02:00
57.051021667
9.923164667
0.5148
nan
0.0
 
2019-05-12T19:58:47,603082048+02:00
57.051021667
9.923165
0.3168
nan
0.0
 
2019-05-12T19:58:47,807354453+02:00
57.0510215
9.923165333
0.3384
nan
0.0
 
2019-05-12T19:58:48,003806583+02:00
57.051021333
9.923165833
0.378
nan
0.0
 
2019-05-12T19:58:48,213588136+02:00
57.051021
9.923166
0.378
nan
0.0
 
2019-05-12T19:58:48,414863789+02:00
57.051021
9.923166333
0.3204
nan
0.0
 
2019-05-12T19:58:48,606865309+02:00
57.051020833
9.9231665
0.4068
nan
0.0
 
2019-05-12T19:58:48,801302964+02:00
57.0510205
9.923166667
0.6048
nan
0.0
 
2019-05-12T19:58:49,006149248+02:00
57.0510205
9.923167167
0.4536
nan
0.0
 
2019-05-12T19:58:49,201968365+02:00
57.051020333
9.9231675
0.396
nan
0.0
 
2019-05-12T19:58:49,408092803+02:00
57.051020333
9.923168
0.486
nan
0.0
 
2019-05-12T19:58:49,600269891+02:00
57.051020167
9.923169
0.9936
nan
0.0
 
2019-05-12T19:58:49,808594173+02:00
57.051020333
9.9231705
1.3212
nan
0.0
 
2019-05-12T19:58:50,009183039+02:00
57.051020667
9.923172167
1.7424
nan
45.1
 
2019-05-12T19:58:50,209729533+02:00
57.051021
9.9231745
2.2068
nan
66.36
 
2019-05-12T19:58:50,399910870+02:00
57.051021667
9.923177667
3.2616
nan
73.88
 
2019-05-12T19:58:50,605963999+02:00
57.051022333
9.923181167
3.618
nan
73.72
 
2019-05-12T19:58:50,801775829+02:00
57.051023333
9.9231855
4.7772
nan
72.11
 
2019-05-12T19:58:51,000547963+02:00
57.051024
9.923190167
5.1588
nan
73.36
 
2019-05-12T19:58:51,200787755+02:00
57.051025
9.923195667
6.0372
nan
72.92
 
2019-05-12T19:58:51,403316851+02:00
57.051026167
9.923201833
6.7284
nan
72.26
 
2019-05-12T19:58:51,599300287+02:00
57.051027333
9.923208667
7.5888
nan
71.6
 
2019-05-12T19:58:51,809026393+02:00
57.051028667
9.923216
8.0028
nan
72.66
 
2019-05-12T19:58:52,005847199+02:00
57.051030333
9.923224167
8.9748
nan
72.46
 
2019-05-12T19:58:52,202559610+02:00
57.051031833
9.923232667
9.5796
nan
72.04
 
2019-05-12T19:58:52,398974131+02:00
57.0510335
9.923241833
10.1988
nan
72.51
 
2019-05-12T19:58:52,605917389+02:00
57.051034833
9.9232505
9.9108
nan
73.05
 
2019-05-12T19:58:52,807003951+02:00
57.051036333
9.92326
10.5732
nan
73.52
 
2019-05-12T19:58:53,004726674+02:00
57.051037667
9.9232695
10.5876
nan
74.12
 
2019-05-12T19:58:53,201362538+02:00
57.051038833
9.923278833
10.4184
nan
75.51
 
2019-05-12T19:58:53,412668811+02:00
57.051040167
9.923288833
10.9692
nan
76.6
 
2019-05-12T19:58:53,601973995+02:00
57.0510415
9.923298667
11.106
nan
76.36
 
2019-05-12T19:58:53,801729193+02:00
57.051042167
9.923308333
10.7964
nan
77.62
 
2019-05-12T19:58:54,003563365+02:00
57.051043167
9.923318167
10.782
nan
78.74
 
2019-05-12T19:58:54,208577371+02:00
57.051043833
9.9233275
10.4184
nan
79.86
 
2019-05-12T19:58:54,403966131+02:00
57.051044333
9.9233365
10.0152
nan
81.14
 
2019-05-12T19:58:54,611557641+02:00
57.051044833
9.923346
10.08
nan
82.93
 
2019-05-12T19:58:54,805202090+02:00
57.051045
9.923354167
9.2376
nan
84.06
 
2019-05-12T19:58:55,005486557+02:00
57.051044833
9.923361167
8.0208
nan
85.78
 
2019-05-12T19:58:55,203177082+02:00
57.051044333
9.923367667
7.1136
nan
88.99
 
2019-05-12T19:58:55,422930571+02:00
57.051043667
9.923373333
6.4116
nan
93.33
 
2019-05-12T19:58:55,604507039+02:00
57.051042833
9.9233785
5.7924
nan
98.31
 
2019-05-12T19:58:55,811389414+02:00
57.051042333
9.923383167
5.202
nan
100.2
 
2019-05-12T19:58:56,011152676+02:00
57.051042
9.923387333
4.5468
nan
99.51
 
2019-05-12T19:58:56,203234445+02:00
57.051042167
9.923391167
4.0716
nan
95.78
 
2019-05-12T19:58:56,401385854+02:00
57.051042667
9.923394333
3.6108
nan
88.12
 
2019-05-12T19:58:56,606628065+02:00
57.0510435
9.923397167
3.3624
nan
75.9
 
2019-05-12T19:58:56,803575968+02:00
57.0510445
9.923399
2.8656
nan
65.74
 
2019-05-12T19:58:57,004990994+02:00
57.051045333
9.9234005
2.5272
nan
55.8
 
2019-05-12T19:58:57,203083180+02:00
57.051046167
9.923401333
2.016
nan
46.09
 
2019-05-12T19:58:57,406080636+02:00
57.051046833
9.923401833
1.5264
nan
34.3
 
2019-05-12T19:58:57,602696227+02:00
57.0510475
9.923401667
1.3788
nan
13.64
 
2019-05-12T19:58:57,803029443+02:00
57.051047833
9.9234015
1.044
nan
1.76
 
2019-05-12T19:58:58,027396213+02:00
57.051048167
9.9234005
1.2348
nan
333.83
 
2019-05-12T19:58:58,208108051+02:00
57.051048167
9.923399167
1.4004
nan
306.23
 
2019-05-12T19:58:58,408954474+02:00
57.051048167
9.9233975
1.8144
nan
288.61
 
2019-05-12T19:58:58,614706317+02:00
57.051048167
9.923396167
1.728
nan
278.15
 
2019-05-12T19:58:58,804635441+02:00
57.051048
9.923394667
1.872
nan
272.51
 
2019-05-12T19:58:59,015122010+02:00
57.051047833
9.923393
1.944
nan
270.42
 
2019-05-12T19:58:59,197574860+02:00
57.051047667
9.923390833
2.3436
nan
267.92
 
2019-05-12T19:58:59,406836211+02:00
57.051047667
9.923389167
2.0448
nan
271.69
 
2019-05-12T19:58:59,610742184+02:00
57.051047667
9.923387333
2.1132
nan
272.97
 
2019-05-12T19:58:59,813604458+02:00
57.051047667
9.923385333
2.0628
nan
275.33
 
2019-05-12T19:59:00,007467051+02:00
57.051047833
9.9233835
2.0592
nan
275.81
 
2019-05-12T19:59:00,210917104+02:00
57.051048
9.923381833
1.836
nan
279.83
 
2019-05-12T19:59:00,407321941+02:00
57.051048333
9.923380333
1.7028
nan
284.53
 
2019-05-12T19:59:00,600451998+02:00
57.0510485
9.923379
1.5912
nan
289.43
 
2019-05-12T19:59:00,803281411+02:00
57.051048833
9.923377833
1.4544
nan
291.73
 
2019-05-12T19:59:01,009268296+02:00
57.051049
9.923377
1.2528
nan
293.97
 
2019-05-12T19:59:01,209247864+02:00
57.051049167
9.923375667
1.4652
nan
294.24
 
2019-05-12T19:59:01,409679129+02:00
57.051049333
9.923374167
1.7496
nan
288.08
 
2019-05-12T19:59:01,604880023+02:00
57.051049167
9.923372
2.2068
nan
277.75
 
2019-05-12T19:59:01,811051801+02:00
57.051049167
9.923369667
2.5668
nan
273.72
 
2019-05-12T19:59:01,996801380+02:00
57.051048667
9.923367167
2.9592
nan
266.32
 
2019-05-12T19:59:02,206579676+02:00
57.051048
9.923364
3.546
nan
258.34
 
2019-05-12T19:59:02,401433308+02:00
57.051047333
9.923360833
3.5928
nan
255.78
 
2019-05-12T19:59:02,609256814+02:00
57.0510465
9.923357333
3.96
nan
252.71
 
2019-05-12T19:59:02,811325268+02:00
57.0510455
9.923354
4.0248
nan
250.33
 
2019-05-12T19:59:03,007155740+02:00
57.051044667
9.923350333
4.3632
nan
249.56
 
2019-05-12T19:59:03,204826856+02:00
57.051044167
9.923346667
4.3488
nan
252.18
 
2019-05-12T19:59:03,398413560+02:00
57.0510435
9.923343333
3.978
nan
250.87
 
2019-05-12T19:59:03,602049045+02:00
57.051043
9.923339
4.7088
nan
252.78
 
2019-05-12T19:59:03,803767400+02:00
57.051042167
9.923334833
4.7124
nan
252.78
 
2019-05-12T19:59:04,005248964+02:00
57.051041
9.923330833
4.7844
nan
249.4
 
2019-05-12T19:59:04,213752758+02:00
57.051039667
9.923326
5.5188
nan
247.79
 
2019-05-12T19:59:04,400351132+02:00
57.051038667
9.923321667
5.2956
nan
247.51
 
2019-05-12T19:59:04,607823601+02:00
57.051037333
9.923317167
5.4252
nan
247.73
 
2019-05-12T19:59:04,798058579+02:00
57.051036333
9.923312333
5.58
nan
248.9
 
2019-05-12T19:59:05,006629270+02:00
57.051035333
9.923307167
5.886
nan
250.86
 
2019-05-12T19:59:05,203845491+02:00
57.051034667
9.923302667
5.3172
nan
251.93
 
2019-05-12T19:59:05,409659472+02:00
57.051034
9.923297667
5.5692
nan
254.57
 
2019-05-12T19:59:05,600881939+02:00
57.0510335
9.923292833
5.4468
nan
256.8
 
2019-05-12T19:59:05,803404315+02:00
57.051033167
9.923287667
5.7348
nan
259.47
 
2019-05-12T19:59:06,002434407+02:00
57.051032667
9.923283167
5.292
nan
259.6
 
2019-05-12T19:59:06,205291409+02:00
57.051032333
9.923278833
4.9032
nan
260.55
 
2019-05-12T19:59:06,407697290+02:00
57.051032
9.923274667
4.5036
nan
261.23
 
2019-05-12T19:59:06,601622633+02:00
57.051031333
9.9232705
4.7196
nan
259.49
 
2019-05-12T19:59:06,800056835+02:00
57.051030833
9.923266833
4.1256
nan
259.03
 
2019-05-12T19:59:07,007276577+02:00
57.051030167
9.923263833
3.4992
nan
255.92
 
2019-05-12T19:59:07,203583057+02:00
57.051029167
9.923260167
4.1832
nan
250.41
 
2019-05-12T19:59:07,407299228+02:00
57.051027833
9.923257
4.1616
nan
243.48
 
2019-05-12T19:59:07,600581008+02:00
57.0510265
9.9232535
4.5972
nan
239.76
 
2019-05-12T19:59:07,806592419+02:00
57.051025
9.92325
4.77
nan
236.23
 
2019-05-12T19:59:08,006375197+02:00
57.051023833
9.923246667
4.4136
nan
236.25
 
2019-05-12T19:59:08,205183661+02:00
57.051022667
9.923243667
4.0428
nan
236.32
 
2019-05-12T19:59:08,401558240+02:00
57.051021333
9.9232405
4.1724
nan
237.09
 
2019-05-12T19:59:08,604148802+02:00
57.0510205
9.923237333
4.1184
nan
237.83
 
2019-05-12T19:59:08,800186281+02:00
57.051019833
9.9232345
3.5712
nan
240.12
 
2019-05-12T19:59:09,027844096+02:00
57.051019
9.9232315
3.726
nan
242.18
 
2019-05-12T19:59:09,203826188+02:00
57.0510185
9.923228833
3.1932
nan
244.72
 
2019-05-12T19:59:09,406334916+02:00
57.051018333
9.923226167
3.1608
nan
249.06
 
2019-05-12T19:59:09,602793392+02:00
57.051018167
9.923223667
2.8188
nan
253.73
 
2019-05-12T19:59:09,805185400+02:00
57.051017833
9.923222
2.124
nan
254.72
 
2019-05-12T19:59:10,003986939+02:00
57.051018
9.923220167
1.9224
nan
260.97
 
2019-05-12T19:59:10,198085552+02:00
57.051018333
9.923219333
1.152
nan
0.0
 
2019-05-12T19:59:10,406844351+02:00
57.051018833
9.923218667
1.0008
nan
0.0
 
2019-05-12T19:59:10,608612407+02:00
57.051019167
9.9232185
0.7596
nan
0.0
 
2019-05-12T19:59:10,803794831+02:00
57.051019667
9.923218667
1.1124
nan
298.58
 
2019-05-12T19:59:11,005391892+02:00
57.051020167
9.923219
0.9648
nan
0.0
 
2019-05-12T19:59:11,203690614+02:00
57.051020833
9.9232195
1.3212
nan
343.31
 
2019-05-12T19:59:11,409774974+02:00
57.0510215
9.923220333
1.4652
nan
9.22
 
2019-05-12T19:59:11,596119885+02:00
57.051022
9.923221167
1.3896
nan
24.39
 
2019-05-12T19:59:11,807054454+02:00
57.051022667
9.923222167
1.6344
nan
38.72
 
2019-05-12T19:59:12,003533868+02:00
57.051023
9.9232235
1.6128
nan
48.34
 
2019-05-12T19:59:12,212045351+02:00
57.051023667
9.923224667
1.7856
nan
53.96
 
2019-05-12T19:59:12,406439604+02:00
57.051024
9.923226
1.8216
nan
58.57
 
2019-05-12T19:59:12,604737326+02:00
57.051024333
9.923227333
1.6668
nan
63.48
 
2019-05-12T19:59:12,799683359+02:00
57.0510245
9.923228667
1.5948
nan
68.8
 
2019-05-12T19:59:13,002281335+02:00
57.051024833
9.923229833
1.4256
nan
69.56
 
2019-05-12T19:59:13,203882610+02:00
57.051025
9.923230833
1.1664
nan
0.0
 
2019-05-12T19:59:13,404312354+02:00
57.051025
9.923232
1.1016
nan
0.0
 
2019-05-12T19:59:13,599914750+02:00
57.051024833
9.923233
1.062
nan
0.0
 
2019-05-12T19:59:13,819626760+02:00
57.051024833
9.923233667
0.7236
nan
0.0
 
2019-05-12T19:59:14,008582476+02:00
57.051024667
9.923234333
0.8784
nan
0.0
 
2019-05-12T19:59:14,206234810+02:00
57.0510245
9.923234833
0.7056
nan
0.0
 
2019-05-12T19:59:14,400245540+02:00
57.051024167
9.923235167
0.8712
nan
0.0
 
2019-05-12T19:59:14,605803258+02:00
57.051023833
9.9232355
0.828
nan
0.0
 
2019-05-12T19:59:14,801984783+02:00
57.0510235
9.923235833
0.774
nan
0.0
 
2019-05-12T19:59:15,005713969+02:00
57.051022833
9.923235833
1.2924
nan
145.04
 
2019-05-12T19:59:15,204945657+02:00
57.051022667
9.923235833
0.774
nan
0.0
 
2019-05-12T19:59:15,408126001+02:00
57.051022333
9.923235667
0.828
nan
0.0
 
2019-05-12T19:59:15,604841669+02:00
57.051021667
9.923235667
1.08
nan
163.73
 
2019-05-12T19:59:15,800398355+02:00
57.051021
9.923235333
1.152
nan
183.48
 
2019-05-12T19:59:16,003144690+02:00
57.0510205
9.923234833
1.0584
nan
194.72
 
2019-05-12T19:59:16,210704948+02:00
57.051020167
9.9232345
1.098
nan
0.0
 
2019-05-12T19:59:16,406030717+02:00
57.051019833
9.923233833
0.99
nan
0.0
 
2019-05-12T19:59:16,603474822+02:00
57.051019333
9.923233
1.2024
nan
0.0
 
2019-05-12T19:59:16,799693422+02:00
57.051019
9.923232333
1.1628
nan
0.0
 
2019-05-12T19:59:17,010740101+02:00
57.051018833
9.923231333
1.17
nan
0.0
 
2019-05-12T19:59:17,201568862+02:00
57.0510185
9.923230333
1.0836
nan
0.0
 
2019-05-12T19:59:17,405974461+02:00
57.0510185
9.923229333
1.314
nan
0.0
 
2019-05-12T19:59:17,601720066+02:00
57.0510185
9.923228333
1.2348
nan
0.0
 
2019-05-12T19:59:17,804022692+02:00
57.051018333
9.923227333
1.0908
nan
0.0
 
2019-05-12T19:59:18,004221009+02:00
57.051018333
9.923226333
1.0872
nan
0.0
 
2019-05-12T19:59:18,208556486+02:00
57.0510185
9.923225167
1.08
nan
0.0
 
2019-05-12T19:59:18,403738312+02:00
57.051018667
9.923224333
0.9828
nan
0.0
 
2019-05-12T19:59:18,604925217+02:00
57.051019
9.923223333
1.0944
nan
0.0
 
2019-05-12T19:59:18,815407018+02:00
57.051019333
9.9232225
0.9972
nan
0.0
 
2019-05-12T19:59:19,007653039+02:00
57.0510195
9.923221667
0.9216
nan
0.0
 
2019-05-12T19:59:19,204614838+02:00
57.05102
9.923221
0.8172
nan
0.0
 
2019-05-12T19:59:19,419015333+02:00
57.051020333
9.923220333
0.9864
nan
0.0
 
2019-05-12T19:59:19,605036271+02:00
57.051020833
9.923219833
0.8496
nan
0.0
 
2019-05-12T19:59:19,806105518+02:00
57.051021333
9.9232195
0.882
nan
0.0
 
2019-05-12T19:59:19,998109549+02:00
57.051021667
9.923219
0.7488
nan
0.0
 
2019-05-12T19:59:20,210176830+02:00
57.051022167
9.923218833
0.7308
nan
0.0
 
2019-05-12T19:59:20,402305557+02:00
57.0510225
9.923218833
0.7344
nan
0.0
 
2019-05-12T19:59:20,606430267+02:00
57.051022833
9.923218833
0.6624
nan
0.0
 
2019-05-12T19:59:20,803377429+02:00
57.051023167
9.923219
0.666
nan
0.0
 
2019-05-12T19:59:21,004747528+02:00
57.0510235
9.923219167
0.6444
nan
0.0
 
2019-05-12T19:59:21,840551437+02:00
57.051024333
9.9232205
0.4824
nan
0.0
 
2019-05-12T19:59:22,013771772+02:00
57.051024333
9.923220833
0.5148
nan
0.0
 
2019-05-12T19:59:22,206268760+02:00
57.051024333
9.923221167
0.5904
nan
0.0
 
2019-05-12T19:59:22,414679814+02:00
57.051024333
9.923221667
0.612
nan
0.0
 
2019-05-12T19:59:22,607110692+02:00
57.051024167
9.923222333
0.7092
nan
0.0
 
2019-05-12T19:59:22,805489665+02:00
57.051024
9.923222667
0.5004
nan
0.0
 
2019-05-12T19:59:23,005321384+02:00
57.051023667
9.923223
0.6156
nan
0.0
 
2019-05-12T19:59:23,199654030+02:00
57.0510235
9.923223333
0.5544
nan
0.0
 
2019-05-12T19:59:23,404923250+02:00
57.051023167
9.923223833
0.5508
nan
0.0
 
2019-05-12T19:59:23,601873725+02:00
57.051022833
9.923224
0.4212
nan
0.0
 
2019-05-12T19:59:23,800801890+02:00
57.051022667
9.923224
0.4464
nan
0.0
 
2019-05-12T19:59:24,004348048+02:00
57.051022333
9.923223833
0.4032
nan
0.0
 
2019-05-12T19:59:24,208358439+02:00
57.051022
9.923223833
0.54
nan
0.0
 
2019-05-12T19:59:24,402425308+02:00
57.0510215
9.923223667
0.7632
nan
0.0
 
2019-05-12T19:59:24,609916984+02:00
57.051021167
9.923223667
0.8316
nan
0.0
 
2019-05-12T19:59:24,802715137+02:00
57.051021
9.923223333
0.5832
nan
0.0
 
2019-05-12T19:59:25,008222611+02:00
57.051020667
9.923223167
0.7956
nan
0.0
 
2019-05-12T19:59:25,206679894+02:00
57.051020667
9.923223
0.5184
nan
0.0
 
2019-05-12T19:59:25,401382252+02:00
57.051020667
9.923222667
0.54
nan
0.0
 
2019-05-12T19:59:25,601580147+02:00
57.0510205
9.923222333
0.6084
nan
0.0
 
2019-05-12T19:59:25,809712149+02:00
57.0510205
9.923221833
0.4392
nan
0.0
 
2019-05-12T19:59:26,006408147+02:00
57.051020667
9.9232215
0.5148
nan
0.0
 
2019-05-12T19:59:26,219420408+02:00
57.051020667
9.923220833
0.5724
nan
0.0
 
2019-05-12T19:59:26,413984235+02:00
57.0510205
9.923220333
0.6552
nan
0.0
 
2019-05-12T19:59:26,610540588+02:00
57.051020667
9.923219833
0.522
nan
0.0
 
2019-05-12T19:59:26,796970751+02:00
57.051020667
9.923219167
0.6804
nan
0.0
 
2019-05-12T19:59:27,011572129+02:00
57.051020833
9.923218667
0.5688
nan
0.0
 
2019-05-12T19:59:27,200005418+02:00
57.051021
9.923218
0.6264
nan
0.0
 
2019-05-12T19:59:27,406333063+02:00
57.051021167
9.923217667
0.396
nan
0.0
 
2019-05-12T19:59:27,602465644+02:00
57.051021667
9.923217333
0.54
nan
0.0
 
2019-05-12T19:59:27,806302031+02:00
57.051022
9.923217
0.4752
nan
0.0
 
2019-05-12T19:59:28,004578971+02:00
57.051022167
9.923216667
0.5724
nan
0.0
 
2019-05-12T19:59:28,204478552+02:00
57.0510225
9.9232165
0.3816
nan
0.0
 
2019-05-12T19:59:28,402309709+02:00
57.051022833
9.923216333
0.4284
nan
0.0
 
2019-05-12T19:59:28,608495459+02:00
57.051023
9.923216333
0.396
nan
0.0
 
2019-05-12T19:59:28,805653529+02:00
57.051023167
9.9232165
0.0684
nan
0.0
 
2019-05-12T19:59:29,007555649+02:00
57.051023333
9.923216667
0.2448
nan
0.0
 
2019-05-12T19:59:29,203936735+02:00
57.0510235
9.923216833
0.1512
nan
0.0
 
2019-05-12T19:59:29,412211896+02:00
57.051023667
9.923217
0.1548
nan
0.0
 
2019-05-12T19:59:29,597874488+02:00
57.051023667
9.9232175
0.3384
nan
0.0
 
2019-05-12T19:59:29,808767403+02:00
57.051023833
9.923217833
0.306
nan
0.0
 
2019-05-12T19:59:30,007680384+02:00
57.051023667
9.923218333
0.4212
nan
0.0
 
2019-05-12T19:59:30,209095997+02:00
57.0510235
9.923218833
0.6156
nan
0.0
 
2019-05-12T19:59:30,408852297+02:00
57.051023333
9.923219333
0.6192
nan
0.0
 
2019-05-12T19:59:30,607373954+02:00
57.051023167
9.923219833
0.7344
nan
0.0
 
2019-05-12T19:59:30,815963717+02:00
57.051023
9.923220167
0.5616
nan
0.0
 
2019-05-12T19:59:30,998913272+02:00
57.051022667
9.9232205
0.6336
nan
0.0
 
2019-05-12T19:59:31,206504421+02:00
57.0510225
9.923220833
0.5832
nan
0.0
 
2019-05-12T19:59:31,408737468+02:00
57.051022167
9.923221333
0.594
nan
0.0
 
2019-05-12T19:59:31,606440418+02:00
57.051022
9.9232215
0.54
nan
0.0
 
2019-05-12T19:59:31,807330126+02:00
57.051021667
9.923221667
0.4968
nan
0.0
 
2019-05-12T19:59:32,004089112+02:00
57.051021333
9.923221833
0.6948
nan
0.0
 
2019-05-12T19:59:32,207231550+02:00
57.051021167
9.923221667
0.4716
nan
0.0
 
2019-05-12T19:59:32,404174491+02:00
57.051021167
9.923222
0.3672
nan
0.0
 
2019-05-12T19:59:32,607404701+02:00
57.051021
9.9232225
0.36
nan
0.0
 
2019-05-12T19:59:32,805932959+02:00
57.051021
9.9232225
0.1872
nan
0.0
 
2019-05-12T19:59:33,021523503+02:00
57.051021
9.923222667
0.1764
nan
0.0
 
2019-05-12T19:59:33,202316113+02:00
57.051021167
9.9232225
0.0612
nan
0.0
 
2019-05-12T19:59:33,406983558+02:00
57.051021167
9.923222667
0.126
nan
0.0
 
2019-05-12T19:59:33,600395292+02:00
57.051021167
9.923222333
0.288
nan
0.0
 
2019-05-12T19:59:33,795496638+02:00
57.051021167
9.923222167
0.2448
nan
0.0
 
2019-05-12T19:59:34,001899770+02:00
57.051021333
9.923222
0.1152
nan
0.0
 
2019-05-12T19:59:34,203590125+02:00
57.0510215
9.923221833
0.2196
nan
0.0
 
2019-05-12T19:59:34,403640528+02:00
57.0510215
9.9232215
0.2016
nan
0.0
 
2019-05-12T19:59:34,606964173+02:00
57.051021667
9.923221333
0.234
nan
0.0
 
2019-05-12T19:59:34,811082376+02:00
57.051021667
9.923221
0.3204
nan
0.0
 
2019-05-12T19:59:35,010176526+02:00
57.051021667
9.923220667
0.3312
nan
0.0
 
2019-05-12T19:59:35,204416755+02:00
57.051021833
9.9232205
0.3708
nan
0.0
 
2019-05-12T19:59:35,406579493+02:00
57.051021833
9.923220167
0.3024
nan
0.0
 
2019-05-12T19:59:35,604366867+02:00
57.051022
9.923219833
0.4716
nan
0.0
 
2019-05-12T19:59:35,818212276+02:00
57.051022167
9.9232195
0.4284
nan
0.0
 
2019-05-12T19:59:35,999158706+02:00
57.051022333
9.923219333
0.306
nan
0.0
 
2019-05-12T19:59:36,207618050+02:00
57.0510225
9.923219167
0.3312
nan
0.0
 
2019-05-12T19:59:36,402887842+02:00
57.051022667
9.923218833
0.342
nan
0.0
 
2019-05-12T19:59:36,599335240+02:00
57.051022833
9.923218667
0.2412
nan
0.0
 
2019-05-12T19:59:36,802817617+02:00
57.051023
9.923218667
0.2376
nan
0.0
 
2019-05-12T19:59:37,012637649+02:00
57.051023167
9.9232185
0.3168
nan
0.0
 
2019-05-12T19:59:37,208565342+02:00
57.051023167
9.9232185
0.2052
nan
0.0
 
2019-05-12T19:59:37,408451614+02:00
57.051023333
9.923218667
0.18
nan
0.0
 
2019-05-12T19:59:37,605870690+02:00
57.051023333
9.923218667
0.1872
nan
0.0
 
2019-05-12T19:59:37,801730885+02:00
57.0510235
9.923218833
0.2412
nan
0.0
 
2019-05-12T19:59:38,014259993+02:00
57.051023667
9.923218833
0.198
nan
0.0
 
2019-05-12T19:59:38,212112740+02:00
57.051023667
9.923219
0.144
nan
0.0
 
2019-05-12T19:59:38,407540689+02:00
57.051023833
9.923219167
0.198
nan
0.0
 
2019-05-12T19:59:38,613317571+02:00
57.051023667
9.923219167
0.0936
nan
0.0
 
2019-05-12T19:59:38,810944314+02:00
57.051024
9.923219333
0.1836
nan
0.0
 
2019-05-12T19:59:39,010607620+02:00
57.051024
9.923219333
0.054
nan
0.0
 
2019-05-12T19:59:39,208815629+02:00
57.051024
9.9232195
0.2916
nan
0.0
 
2019-05-12T19:59:39,409826611+02:00
57.051024
9.923219667
0.1944
nan
0.0
 
2019-05-12T19:59:39,608593500+02:00
57.051024
9.923219667
0.2304
nan
0.0
 
2019-05-12T19:59:39,809676117+02:00
57.051024
9.923219833
0.2484
nan
0.0
 
2019-05-12T19:59:40,011326175+02:00
57.051023833
9.923220167
0.4284
nan
0.0
 
2019-05-12T19:59:40,204444359+02:00
57.0510235
9.923220333
0.5148
nan
0.0
 
2019-05-12T19:59:40,401982131+02:00
57.051023333
9.9232205
0.3888
nan
0.0
 
2019-05-12T19:59:40,603180844+02:00
57.051023333
9.923221
0.3672
nan
0.0
 
2019-05-12T19:59:40,800841399+02:00
57.051023167
9.923221333
0.3492
nan
0.0
 
2019-05-12T19:59:41,011048456+02:00
57.051023167
9.923221667
0.198
nan
0.0
 
2019-05-12T19:59:41,210875119+02:00
57.051023167
9.923221833
0.1692
nan
0.0
 
2019-05-12T19:59:41,407292508+02:00
57.051023167
9.923222167
0.2556
nan
0.0
 
2019-05-12T19:59:41,608071936+02:00
57.051023167
9.923222333
0.216
nan
0.0
 
2019-05-12T19:59:41,806321370+02:00
57.051023167
9.923222667
0.2268
nan
0.0
 
2019-05-12T19:59:41,998197613+02:00
57.051023
9.923222833
0.1404
nan
0.0
 
2019-05-12T19:59:42,211627602+02:00
57.051023
9.923223
0.1368
nan
0.0
 
2019-05-12T19:59:42,408706492+02:00
57.051022833
9.923223167
0.1044
nan
0.0
 
2019-05-12T19:59:42,605187103+02:00
57.051023
9.923223167
0.0792
nan
0.0
 
2019-05-12T19:59:42,803282931+02:00
57.051022833
9.923223167
0.234
nan
0.0
 
2019-05-12T19:59:43,005272152+02:00
57.051022833
9.923223167
0.2232
nan
0.0
 
2019-05-12T19:59:43,204168538+02:00
57.051023
9.923223167
0.036
nan
0.0
 
2019-05-12T19:59:43,403528869+02:00
57.051023167
9.923223
0.2952
nan
0.0
 
2019-05-12T19:59:43,613570808+02:00
57.051023167
9.923222833
0.18
nan
0.0
 
2019-05-12T19:59:43,806986283+02:00
57.051023167
9.923223
0.1764
nan
0.0
 
2019-05-12T19:59:44,008651804+02:00
57.051023167
9.923223
0.018
nan
0.0
 
2019-05-12T19:59:44,205472104+02:00
57.051023167
9.923222833
0.1548
nan
0.0
 
2019-05-12T19:59:44,406976432+02:00
57.051023333
9.923222667
0.2988
nan
0.0
 
2019-05-12T19:59:44,610775388+02:00
57.051023333
9.9232225
0.3096
nan
0.0
 
2019-05-12T19:59:44,799549846+02:00
57.0510235
9.923222333
0.3888
nan
0.0
 
2019-05-12T19:59:45,007668406+02:00
57.051023667
9.923222333
0.3024
nan
0.0
 
2019-05-12T19:59:45,203484593+02:00
57.051023667
9.923222167
0.2736
nan
0.0
 
2019-05-12T19:59:45,405004945+02:00
57.051023667
9.923222167
0.198
nan
0.0
 
2019-05-12T19:59:45,601834470+02:00
57.051023667
9.923222167
0.1296
nan
0.0
 
2019-05-12T19:59:45,806041274+02:00
57.051023667
9.923222167
0.0576
nan
0.0
 
2019-05-12T19:59:46,004876300+02:00
57.051023667
9.923222167
0.1584
nan
0.0
 
2019-05-12T19:59:46,199844931+02:00
57.051023833
9.923222
0.1692
nan
0.0
 
2019-05-12T19:59:46,406033188+02:00
57.051023833
9.923222
0.162
nan
0.0
 
2019-05-12T19:59:46,605808655+02:00
57.051023833
9.923222
0.0936
nan
0.0
 
2019-05-12T19:59:46,802384014+02:00
57.051023667
9.923222
0.3636
nan
0.0
 
2019-05-12T19:59:47,008899821+02:00
57.0510235
9.923221833
0.3168
nan
0.0
 
2019-05-12T19:59:47,212867260+02:00
57.0510235
9.9232215
0.4392
nan
0.0
 
2019-05-12T19:59:47,409451369+02:00
57.051023333
9.923221333
0.396
nan
0.0
 
2019-05-12T19:59:47,607447889+02:00
57.051023333
9.923221333
0.306
nan
0.0
 
2019-05-12T19:59:47,811162012+02:00
57.051023167
9.923221333
0.2412
nan
0.0
 
2019-05-12T19:59:48,007443707+02:00
57.051023
9.9232215
0.3492
nan
0.0
 
2019-05-12T19:59:48,216031864+02:00
57.051022833
9.923221333
0.18
nan
0.0
 
2019-05-12T19:59:48,404956392+02:00
57.0510225
9.923221667
0.5616
nan
0.0
 
2019-05-12T19:59:48,609281306+02:00
57.051022333
9.923221833
0.45
nan
0.0
 
2019-05-12T19:59:48,809320101+02:00
57.051022167
9.923222
0.4572
nan
0.0
 
2019-05-12T19:59:49,004608308+02:00
57.051022
9.9232225
0.5112
nan
0.0
 
2019-05-12T19:59:49,200786134+02:00
57.051022
9.923222667
0.3132
nan
0.0
 
2019-05-12T19:59:49,405893731+02:00
57.051022
9.923223
0.4464
nan
0.0
 
2019-05-12T19:59:49,600321995+02:00
57.051022
9.923223167
0.1908
nan
0.0
 
2019-05-12T19:59:49,811365000+02:00
57.051021833
9.9232235
0.3708
nan
0.0
 
2019-05-12T19:59:50,005893610+02:00
57.051021833
9.923223667
0.1836
nan
0.0
 
2019-05-12T19:59:50,215312237+02:00
57.051021667
9.923223833
0.2736
nan
0.0
 
2019-05-12T19:59:50,405304039+02:00
57.0510215
9.923223833
0.1944
nan
0.0
 
2019-05-12T19:59:50,609574993+02:00
57.051021333
9.923224167
0.378
nan
0.0
 
2019-05-12T19:59:50,800904371+02:00
57.051021333
9.923224167
0.1476
nan
0.0
 
2019-05-12T19:59:51,004839087+02:00
57.051021333
9.923224333
0.1152
nan
0.0
 
2019-05-12T19:59:51,201913542+02:00
57.051021167
9.923224333
0.2124
nan
0.0
 
2019-05-12T19:59:51,403379649+02:00
57.051021
9.923224333
0.198
nan
0.0
 
2019-05-12T19:59:51,597520299+02:00
57.051020833
9.923224333
0.2448
nan
0.0
 
2019-05-12T19:59:51,803371407+02:00
57.051020667
9.923224333
0.1332
nan
0.0
 
2019-05-12T19:59:52,002814538+02:00
57.051020667
9.923224333
0.1548
nan
0.0
 
2019-05-12T19:59:52,213168019+02:00
57.051020667
9.923224333
0.0108
nan
0.0
 
2019-05-12T19:59:52,402898207+02:00
57.0510205
9.923224167
0.1368
nan
0.0
 
2019-05-12T19:59:52,607229359+02:00
57.0510205
9.923224
0.0684
nan
0.0
 
2019-05-12T19:59:52,802040522+02:00
57.0510205
9.923223667
0.2412
nan
0.0
 
2019-05-12T19:59:53,005607590+02:00
57.051020667
9.9232235
0.2592
nan
0.0
 
2019-05-12T19:59:53,203821991+02:00
57.051020667
9.923223167
0.3672
nan
0.0
 
2019-05-12T19:59:53,403949185+02:00
57.051020667
9.923223
0.1368
nan
0.0
 
2019-05-12T19:59:53,603870574+02:00
57.0510205
9.923222667
0.3528
nan
0.0
 
2019-05-12T19:59:53,809022096+02:00
57.0510205
9.9232225
0.2592
nan
0.0
 
2019-05-12T19:59:54,010374495+02:00
57.051020167
9.923222167
0.4932
nan
0.0
 
2019-05-12T19:59:54,211860102+02:00
57.051020167
9.923221667
0.3672
nan
0.0
 
2019-05-12T19:59:54,405996966+02:00
57.051020167
9.9232215
0.3528
nan
0.0
 
2019-05-12T19:59:54,605584143+02:00
57.051020167
9.923220833
0.5292
nan
0.0
 
2019-05-12T19:59:54,807000440+02:00
57.05102
9.923220667
0.4248
nan
0.0
 
2019-05-12T19:59:55,004951514+02:00
57.051019833
9.923220333
0.5256
nan
0.0
 
2019-05-12T19:59:55,201276236+02:00
57.051019833
9.923219833
0.5724
nan
0.0
 
2019-05-12T19:59:55,404920801+02:00
57.051019667
9.9232195
0.4284
nan
0.0
 
2019-05-12T19:59:55,602373519+02:00
57.051019667
9.923219167
0.3168
nan
0.0
 
2019-05-12T19:59:55,808700336+02:00
57.0510195
9.923219
0.324
nan
0.0
 
2019-05-12T19:59:56,004464678+02:00
57.0510195
9.923218667
0.288
nan
0.0
 
2019-05-12T19:59:56,210630489+02:00
57.0510195
9.923218667
0.3348
nan
0.0
 
2019-05-12T19:59:56,402470838+02:00
57.0510195
9.923218667
0.3456
nan
0.0
 
2019-05-12T19:59:56,604646870+02:00
57.0510195
9.923218667
0.2448
nan
0.0
 
2019-05-12T19:59:56,805933785+02:00
57.051019667
9.923218667
0.2448
nan
0.0
 
2019-05-12T19:59:57,006338858+02:00
57.051019833
9.923218667
0.378
nan
0.0
 
2019-05-12T19:59:57,199149272+02:00
57.051019833
9.923218833
0.198
nan
0.0
 
2019-05-12T19:59:57,406278260+02:00
57.051019833
9.923219
0.3348
nan
0.0
 
2019-05-12T19:59:57,603088765+02:00
57.051019667
9.9232195
0.2592
nan
0.0
 
2019-05-12T19:59:57,802651218+02:00
57.051019833
9.9232195
0.3852
nan
0.0
 
2019-05-12T19:59:58,004560485+02:00
57.051019833
9.923219667
0.27
nan
0.0
 
2019-05-12T19:59:58,204675594+02:00
57.051019833
9.923219833
0.3168
nan
0.0
 
2019-05-12T19:59:58,406594249+02:00
57.051019833
9.92322
0.1908
nan
0.0
 
2019-05-12T19:59:58,596697200+02:00
57.051019833
9.923220333
0.3132
nan
0.0
 
2019-05-12T19:59:58,799754863+02:00
57.051019667
9.923220333
0.1224
nan
0.0
 
2019-05-12T19:59:59,012749424+02:00
57.051019667
9.9232205
0.234
nan
0.0
 
2019-05-12T19:59:59,201741791+02:00
57.051019667
9.9232205
0.144
nan
0.0
 
2019-05-12T19:59:59,410856232+02:00
57.051019667
9.923220667
0.1224
nan
0.0
 
2019-05-12T19:59:59,598757964+02:00
57.0510195
9.923220833
0.1512
nan
0.0
 
2019-05-12T19:59:59,810312866+02:00
57.0510195
9.923220833
0.0432
nan
0.0
 
2019-05-12T20:00:00,004174767+02:00
57.051019333
9.923220833
0.1116
nan
0.0
 
2019-05-12T20:00:00,215307622+02:00
57.051019333
9.923221
0.0216
nan
0.0
 
2019-05-12T20:00:00,442863362+02:00
57.051019167
9.923221
0.054
nan
0.0
 
2019-05-12T20:00:00,608055615+02:00
57.051019167
9.923220833
0.1332
nan
0.0
 
2019-05-12T20:00:00,807950507+02:00
57.051019
9.923220833
0.1548
nan
0.0
 
2019-05-12T20:00:01,010797803+02:00
57.051019
9.923220667
0.162
nan
0.0
 
2019-05-12T20:00:01,207380555+02:00
57.051019167
9.9232205
0.0828
nan
0.0
 
2019-05-12T20:00:01,403469288+02:00
57.051019167
9.923220333
0.0684
nan
0.0
 
2019-05-12T20:00:01,602852049+02:00
57.051019333
9.92322
0.216
nan
0.0
 
2019-05-12T20:00:01,808344411+02:00
57.051019333
9.92322
0.054
nan
0.0
 
2019-05-12T20:00:02,010392187+02:00
57.0510195
9.923219667
0.2592
nan
0.0
 
2019-05-12T20:00:02,210350303+02:00
57.051019667
9.9232195
0.2412
nan
0.0
 
2019-05-12T20:00:02,407027326+02:00
57.051019667
9.923219167
0.4824
nan
0.0
 
2019-05-12T20:00:02,600481943+02:00
57.051019667
9.923219
0.4644
nan
0.0
 
2019-05-12T20:00:02,799772558+02:00
57.051019167
9.9232185
0.612
nan
0.0
 
2019-05-12T20:00:03,011993974+02:00
57.051019167
9.923218
0.5112
nan
0.0
 
2019-05-12T20:00:03,202474013+02:00
57.0510185
9.923218
0.7848
nan
0.0
 
2019-05-12T20:00:03,406172979+02:00
57.051018833
9.9232185
0.3924
nan
0.0
 
2019-05-12T20:00:03,615554974+02:00
57.051018667
9.923219167
0.81
nan
0.0
 
2019-05-12T20:00:03,812306608+02:00
57.0510185
9.923219167
0.5652
nan
0.0
 
2019-05-12T20:00:03,998198715+02:00
57.051018167
9.9232195
0.684
nan
0.0
 
2019-05-12T20:00:04,206125602+02:00
57.051018
9.923219333
0.4896
nan
0.0
 
2019-05-12T20:00:04,402485625+02:00
57.051017667
9.923218833
0.6048
nan
0.0
 
2019-05-12T20:00:04,604891014+02:00
57.051017667
9.923218167
0.6084
nan
0.0
 
2019-05-12T20:00:04,803700685+02:00
57.0510175
9.923217833
0.4572
nan
0.0
 
2019-05-12T20:00:05,008797725+02:00
57.0510175
9.9232175
0.4788
nan
0.0
 
