
2019-05-07T14:39:20,109745172+02:00
57.014057333
9.987218167
0.1548
32.1
0.0
 
2019-05-07T14:39:20,310098846+02:00
57.014057167
9.987218
0.0576
32.1
0.0
 
2019-05-07T14:39:20,514879176+02:00
57.014057
9.987218167
0.1044
32.1
0.0
 
2019-05-07T14:39:20,707047776+02:00
57.014057167
9.987218
0.0972
32.1
0.0
 
2019-05-07T14:39:21,102026293+02:00
57.014057
9.9872175
0.0468
nan
0.0
 
2019-05-07T14:39:21,312454398+02:00
57.014057167
9.987216833
0.1656
nan
0.0
 
2019-05-07T14:39:21,508773923+02:00
57.014057167
9.987216667
0.0972
nan
0.0
 
2019-05-07T14:39:21,708062262+02:00
57.014057333
9.987216167
0.1152
nan
0.0
 
2019-05-07T14:39:21,906069522+02:00
57.014057333
9.987215833
0.1584
nan
0.0
 
2019-05-07T14:39:22,109906758+02:00
57.014057667
9.987215333
0.0936
nan
0.0
 
2019-05-07T14:39:22,308449250+02:00
57.014057333
9.987214833
0.2088
nan
0.0
 
2019-05-07T14:39:22,507137464+02:00
57.0140575
9.987214667
0.1224
nan
0.0
 
2019-05-07T14:39:22,708387731+02:00
57.0140575
9.987214333
0.1044
nan
0.0
 
2019-05-07T14:39:22,910342985+02:00
57.014057333
9.987214167
0.0396
nan
0.0
 
2019-05-07T14:39:23,107523650+02:00
57.0140575
9.987214
0.0576
nan
0.0
 
2019-05-07T14:39:23,307911005+02:00
57.014057333
9.987213667
0.108
nan
0.0
 
2019-05-07T14:39:23,509330005+02:00
57.014057167
9.9872135
0.162
nan
0.0
 
2019-05-07T14:39:23,714905385+02:00
57.014056333
9.9872135
0.7308
nan
0.0
 
2019-05-07T14:39:23,904279411+02:00
57.0140565
9.987213333
0.1908
nan
0.0
 
2019-05-07T14:39:24,109676834+02:00
57.0140565
9.9872135
0.126
nan
0.0
 
2019-05-07T14:39:24,319113650+02:00
57.014056333
9.9872135
0.1044
nan
0.0
 
2019-05-07T14:39:24,520699916+02:00
57.0140565
9.987213333
0.072
nan
0.0
 
2019-05-07T14:39:24,709677035+02:00
57.0140565
9.987213167
0.2052
nan
0.0
 
2019-05-07T14:39:24,910375194+02:00
57.0140565
9.987213167
0.1008
nan
0.0
 
2019-05-07T14:39:25,138028942+02:00
57.014056167
9.987213167
0.2628
nan
0.0
 
2019-05-07T14:39:25,506861626+02:00
57.0140565
9.9872125
0.0576
nan
0.0
 
2019-05-07T14:39:25,910607040+02:00
57.014056667
9.987212333
0.0684
nan
0.0
 
2019-05-07T14:39:26,312347665+02:00
57.0140565
9.987212333
0.2592
nan
0.0
 
2019-05-07T14:39:26,708989205+02:00
57.014056667
9.987212
0.144
nan
0.0
 
2019-05-07T14:39:26,934306204+02:00
57.0140565
9.987211833
0.0108
nan
0.0
 
2019-05-07T14:39:27,317593894+02:00
57.0140565
9.987211667
0.144
nan
0.0
 
2019-05-07T14:39:27,714128701+02:00
57.014057167
9.987211333
0.2016
nan
0.0
 
2019-05-07T14:39:28,120980300+02:00
57.014057333
9.987210833
0.1332
nan
0.0
 
2019-05-07T14:39:28,513427752+02:00
57.014057667
9.987210333
0.1944
nan
0.0
 
2019-05-07T14:39:28,763042455+02:00
57.014057667
9.9872105
0.1116
nan
0.0
 
2019-05-07T14:39:29,113637129+02:00
57.014057833
9.987210167
0.0252
nan
0.0
 
2019-05-07T14:39:29,511780853+02:00
57.014058
9.987209833
0.0612
nan
0.0
 
2019-05-07T14:39:29,733047700+02:00
57.014057667
9.987209833
0.1836
nan
0.0
 
2019-05-07T14:39:30,115639088+02:00
57.0140575
9.987209833
0.1836
nan
0.0
 
2019-05-07T14:39:30,515334141+02:00
57.014057
9.987209833
0.3276
nan
0.0
 
2019-05-07T14:39:30,711453088+02:00
57.014057167
9.98721
0.0576
nan
0.0
 
2019-05-07T14:39:31,112272273+02:00
57.0140565
9.987210333
0.234
nan
0.0
 
2019-05-07T14:39:31,518025530+02:00
57.014056167
9.98721
0.0504
nan
0.0
 
2019-05-07T14:39:31,752076986+02:00
57.014056167
9.987209833
0.108
nan
0.0
 
2019-05-07T14:39:32,115727039+02:00
57.014055667
9.987209667
0.0684
nan
0.0
 
2019-05-07T14:39:32,322407302+02:00
57.014055667
9.9872095
0.0216
nan
0.0
 
2019-05-07T14:39:32,719713861+02:00
57.014055167
9.9872095
0.1944
nan
0.0
 
2019-05-07T14:39:33,126688357+02:00
57.014055833
9.987209333
0.288
nan
0.0
 
2019-05-07T14:39:33,519584664+02:00
57.014056667
9.987208333
0.1188
nan
0.0
 
2019-05-07T14:39:33,921370370+02:00
57.014057
9.987207833
0.126
nan
0.0
 
2019-05-07T14:39:34,132807065+02:00
57.014057167
9.987207667
0.2304
nan
0.0
 
2019-05-07T14:39:34,515705034+02:00
57.014056833
9.987207333
0.0216
nan
0.0
 
2019-05-07T14:39:34,722953277+02:00
57.014056667
9.987207167
0.0612
nan
0.0
 
2019-05-07T14:39:34,916868674+02:00
57.014056833
9.987206833
0.2052
nan
0.0
 
2019-05-07T14:39:35,321853660+02:00
57.014056667
9.987206333
0.1116
nan
0.0
 
2019-05-07T14:39:35,728514729+02:00
57.014056667
9.987205833
0.2628
nan
0.0
 
2019-05-07T14:39:36,117010574+02:00
57.014056667
9.9872055
0.2448
nan
0.0
 
2019-05-07T14:39:36,346255258+02:00
57.014056333
9.987205167
0.1152
nan
0.0
 
2019-05-07T14:39:36,725326509+02:00
57.014056
9.987204833
0.0936
nan
0.0
 
2019-05-07T14:39:36,934347565+02:00
57.014056167
9.9872045
0.1692
nan
0.0
 
2019-05-07T14:39:37,319819872+02:00
57.014056333
9.987203833
0.2124
nan
0.0
 
2019-05-07T14:39:37,744526777+02:00
57.014056167
9.9872035
0.0576
nan
0.0
 
2019-05-07T14:39:38,142949657+02:00
57.0140565
9.987203
0.1332
nan
0.0
 
2019-05-07T14:39:38,522411349+02:00
57.014057333
9.987202
0.0288
nan
0.0
 
2019-05-07T14:39:38,716089743+02:00
57.0140575
9.987201667
0.0144
nan
0.0
 
2019-05-07T14:39:39,119193641+02:00
57.014057667
9.987201
0.1584
nan
0.0
 
2019-05-07T14:39:39,527682108+02:00
57.014057833
9.987200333
0.1116
nan
0.0
 
2019-05-07T14:39:39,916378127+02:00
57.0140585
9.987199667
0.0828
nan
0.0
 
2019-05-07T14:39:40,333166384+02:00
57.014058833
9.987199
0.1692
nan
0.0
 
2019-05-07T14:39:40,722403375+02:00
57.014059167
9.987198667
0.252
nan
0.0
 
2019-05-07T14:39:40,921030926+02:00
57.014059
9.987198333
0.162
nan
0.0
 
2019-05-07T14:39:41,326386507+02:00
57.014059333
9.987198
0.2268
nan
0.0
 
2019-05-07T14:39:41,722903697+02:00
57.014059667
9.987197
0.1332
nan
0.0
 
2019-05-07T14:39:42,119917555+02:00
57.01406
9.9871965
0.144
nan
0.0
 
2019-05-07T14:39:42,345215708+02:00
57.01406
9.987196333
0.0396
nan
0.0
 
2019-05-07T14:39:42,738184510+02:00
57.0140605
9.987195333
0.0936
nan
0.0
 
2019-05-07T14:39:43,138187593+02:00
57.014061
9.987194833
0.0216
nan
0.0
 
2019-05-07T14:39:43,518807599+02:00
57.0140615
9.987194167
0.2268
nan
0.0
 
2019-05-07T14:39:43,754905492+02:00
57.0140615
9.987194167
0.0252
nan
0.0
 
2019-05-07T14:39:44,122400649+02:00
57.0140615
9.987193833
0.108
nan
0.0
 
2019-05-07T14:39:44,545004832+02:00
57.014062
9.9871935
0.18
nan
0.0
 
2019-05-07T14:39:44,943667786+02:00
57.014061833
9.987193167
0.2556
nan
0.0
 
