
2019-02-22T15:29:43,043424913+01:00
nan
nan
nan
nan
nan
 
2019-02-22T15:29:44,043522050+01:00
nan
nan
nan
nan
nan
 
2019-02-22T15:29:45,051021360+01:00
nan
nan
nan
nan
nan
 
2019-02-22T15:29:46,040695713+01:00
nan
nan
nan
nan
nan
 
2019-02-22T15:29:47,042578890+01:00
nan
nan
nan
nan
nan
 
2019-02-22T15:29:48,212157785+01:00
nan
nan
nan
nan
nan
 
2019-02-22T15:29:49,051990695+01:00
nan
nan
nan
nan
nan
 
2019-02-22T15:29:50,044473164+01:00
nan
nan
nan
nan
nan
 
2019-02-22T15:29:51,046747602+01:00
nan
nan
nan
nan
nan
 
2019-02-22T15:29:52,050150086+01:00
nan
nan
nan
nan
nan
 
2019-02-22T15:29:53,046728293+01:00
nan
nan
nan
nan
nan
 
2019-02-22T15:29:54,215566229+01:00
nan
nan
nan
nan
nan
 
2019-02-22T15:29:55,046949325+01:00
nan
nan
nan
nan
nan
 
2019-02-22T15:29:56,051351732+01:00
nan
nan
nan
nan
nan
 
2019-02-22T15:29:57,071904985+01:00
nan
nan
nan
nan
nan
 
2019-02-22T15:29:58,061227910+01:00
nan
nan
nan
nan
nan
 
2019-02-22T15:29:59,052703055+01:00
nan
nan
nan
nan
nan
 
2019-02-22T15:30:00,208656934+01:00
nan
nan
nan
nan
nan
 
2019-02-22T15:30:01,059783813+01:00
nan
nan
nan
nan
nan
 
2019-02-22T15:30:02,054529362+01:00
nan
nan
nan
nan
nan
 
2019-02-22T15:30:03,055751915+01:00
nan
nan
nan
nan
nan
 
2019-02-22T15:30:04,054158058+01:00
nan
nan
nan
nan
nan
 
2019-02-22T15:30:05,051127490+01:00
nan
nan
nan
nan
nan
 
2019-02-22T15:30:06,210946510+01:00
nan
nan
nan
nan
nan
 
2019-02-22T15:30:07,051566199+01:00
nan
nan
nan
nan
nan
 
2019-02-22T15:30:08,051951242+01:00
nan
nan
nan
nan
nan
 
2019-02-22T15:30:09,052698411+01:00
nan
nan
nan
nan
nan
 
2019-02-22T15:30:10,056380759+01:00
nan
nan
nan
nan
nan
 
2019-02-22T15:30:11,051768504+01:00
nan
nan
nan
nan
nan
 
2019-02-22T15:30:12,220169207+01:00
nan
nan
nan
nan
nan
 
2019-02-22T15:30:13,056423198+01:00
nan
nan
nan
nan
nan
 
2019-02-22T15:30:14,057542500+01:00
nan
nan
nan
nan
nan
 
2019-02-22T15:30:15,049713739+01:00
nan
nan
nan
nan
nan
 
2019-02-22T15:30:16,057837827+01:00
nan
nan
nan
nan
nan
 
2019-02-22T15:30:17,056608892+01:00
nan
nan
nan
nan
nan
 
2019-02-22T15:30:18,220206807+01:00
nan
nan
nan
nan
nan
 
2019-02-22T15:30:19,067064465+01:00
nan
nan
nan
nan
nan
 
2019-02-22T15:30:20,055204162+01:00
nan
nan
nan
nan
nan
 
2019-02-22T15:30:21,052593717+01:00
nan
nan
nan
nan
nan
 
2019-02-22T15:30:22,059137990+01:00
nan
nan
nan
nan
nan
 
2019-02-22T15:30:23,087087625+01:00
nan
nan
nan
nan
nan
 
2019-02-22T15:30:24,212051562+01:00
nan
nan
nan
nan
nan
 
2019-02-22T15:30:25,072242137+01:00
nan
nan
nan
nan
nan
 
2019-02-22T15:30:26,053623057+01:00
nan
nan
nan
nan
nan
 
2019-02-22T15:30:27,060052875+01:00
nan
nan
nan
nan
nan
 
2019-02-22T15:30:28,055520973+01:00
nan
nan
nan
nan
nan
 
2019-02-22T15:30:29,053225900+01:00
nan
nan
nan
nan
nan
 
2019-02-22T15:30:30,215805893+01:00
nan
nan
nan
nan
nan
 
2019-02-22T15:30:31,055639342+01:00
nan
nan
nan
nan
nan
 
2019-02-22T15:30:32,058089357+01:00
nan
nan
nan
nan
nan
 
2019-02-22T15:30:33,055060092+01:00
nan
nan
nan
nan
nan
 
2019-02-22T15:30:34,056252106+01:00
nan
nan
nan
nan
nan
 
2019-02-22T15:30:35,060107692+01:00
nan
nan
nan
nan
nan
 
2019-02-22T15:30:36,223907385+01:00
nan
nan
nan
nan
nan
 
2019-02-22T15:30:37,054901995+01:00
nan
nan
nan
nan
nan
 
2019-02-22T15:30:38,065594417+01:00
nan
nan
nan
nan
nan
 
2019-02-22T15:30:39,055428772+01:00
nan
nan
nan
nan
nan
 
2019-02-22T15:30:40,056624169+01:00
nan
nan
nan
nan
nan
 
2019-02-22T15:30:41,056726579+01:00
nan
nan
nan
nan
nan
 
2019-02-22T15:30:42,214424817+01:00
nan
nan
nan
nan
nan
 
2019-02-22T15:30:43,087973461+01:00
nan
nan
nan
nan
nan
 
