
2019-03-06T17:27:18,084092660+01:00
57.013579781
9.987286237
5.004
nan
32.2671
 
2019-03-06T17:27:19,069106923+01:00
nan
nan
nan
nan
nan
 
2019-03-06T17:27:20,080572071+01:00
57.013627565
9.987318077
3.1356
nan
42.7739
 
2019-03-06T17:27:21,082126394+01:00
57.01367187
9.987327019
4.0572
nan
15.5766
 
2019-03-06T17:27:22,085146240+01:00
57.013706738
9.987332828
3.1752
nan
0.5472
 
2019-03-06T17:27:23,112334256+01:00
57.013691759
9.987353371
2.7468
nan
98.9311
 
2019-03-06T17:27:24,132926481+01:00
57.013980673
9.987301131
4.5216
18.18
152.7895
 
2019-03-06T17:27:25,091845485+01:00
57.013989745
9.987300958
2.4192
13.28
22.768
 
2019-03-06T17:27:26,094256132+01:00
57.014002466
9.987309684
2.3004
13.004
47.3302
 
2019-03-06T17:27:27,092232484+01:00
57.014051431
9.987308534
10.3644
13.662
354.5453
 
2019-03-06T17:27:28,092669620+01:00
57.014063666
9.987315087
6.4764
13.409
347.0349
 
2019-03-06T17:27:29,093374445+01:00
57.014074546
9.98731939
4.3704
13.29
357.7658
 
2019-03-06T17:27:30,096928458+01:00
57.014071502
9.987314637
0.9612
14.297
330.0653
 
2019-03-06T17:27:31,090414693+01:00
57.014073988
9.9872981
3.3624
14.082
274.5357
 
2019-03-06T17:27:32,100112233+01:00
57.014084746
9.987287193
3.2292
16.273
303.1325
 
2019-03-06T17:27:33,103983815+01:00
57.014084604
9.987281049
2.412
15.27
306.9601
 
2019-03-06T17:27:34,098833224+01:00
57.01407064
9.987269493
3.1536
16.172
250.8749
 
2019-03-06T17:27:35,099059659+01:00
57.014062402
9.98726932
2.6568
14.55
206.9017
 
2019-03-06T17:27:36,106454303+01:00
57.014073958
9.98727319
0.9864
12.916
354.0412
 
2019-03-06T17:27:37,096672263+01:00
57.014072728
9.987280047
1.4292
13.231
13.5555
 
2019-03-06T17:27:38,110962445+01:00
57.01407894
9.987281603
2.0772
11.828
341.7134
 
2019-03-06T17:27:39,098468513+01:00
57.014080581
9.987279192
2.4444
nan
352.9247
 
2019-03-06T17:27:40,098726811+01:00
57.014096881
9.98727978
4.2876
nan
345.5627
 
2019-03-06T17:27:41,097257721+01:00
57.014073222
9.987282149
2.8836
nan
224.5175
 
2019-03-06T17:27:42,096117151+01:00
57.014040473
9.987281926
7.6572
nan
199.57
 
2019-03-06T17:27:43,099748636+01:00
57.014048353
9.987280328
3.2076
nan
208.1589
 
2019-03-06T17:27:44,101324855+01:00
57.014046167
9.987281213
2.1348
12.278
218.8599
 
2019-03-06T17:27:45,101224077+01:00
57.014092692
9.987302247
8.316
13.922
22.557
 
2019-03-06T17:27:46,103286749+01:00
57.014096999
9.987318186
6.0696
16.317
13.0491
 
2019-03-06T17:27:47,099401176+01:00
57.014080455
9.987315576
2.5632
17.25
322.1883
 
2019-03-06T17:27:48,114790642+01:00
57.014066401
9.987312011
2.0808
18.052
295.3067
 
2019-03-06T17:27:49,107029237+01:00
57.0140473
9.987323312
1.5156
18.204
181.3995
 
2019-03-06T17:27:50,118183944+01:00
57.014051894
9.9873406
2.2788
19.052
52.0123
 
2019-03-06T17:27:51,113374834+01:00
57.014034483
9.987335195
1.674
19.596
229.1086
 
2019-03-06T17:27:52,103760067+01:00
57.01400741
9.987335697
5.4108
19.717
193.7586
 
2019-03-06T17:27:53,106710151+01:00
57.01399002
9.987334373
5.8536
20.008
191.8638
 
2019-03-06T17:27:54,108502981+01:00
57.013990412
9.987343595
2.8764
20.48
158.1886
 
2019-03-06T17:27:55,124576183+01:00
57.013992155
9.987350794
0.774
20.771
99.6957
 
2019-03-06T17:27:56,110127500+01:00
57.013982407
9.987363014
1.4868
20.57
133.976
 
2019-03-06T17:27:57,112748233+01:00
57.01396511
9.987362691
3.0024
20.878
177.5105
 
2019-03-06T17:27:58,110496600+01:00
57.013959034
9.987367377
2.8188
21.103
173.9498
 
2019-03-06T17:27:59,109482184+01:00
57.013955077
9.987363124
2.3544
20.471
188.9402
 
2019-03-06T17:28:00,106038557+01:00
57.013954946
9.987366623
1.6992
20.349
175.3988
 
2019-03-06T17:28:01,106460986+01:00
57.013948014
9.987358433
1.9188
19.372
194.4452
 
2019-03-06T17:28:02,111407511+01:00
57.013940314
9.987362842
2.1924
19.07
191.1079
 
2019-03-06T17:28:03,108691485+01:00
57.013937433
9.987370661
1.8576
18.599
180.3643
 
2019-03-06T17:28:04,108043570+01:00
57.013941568
9.987375035
0.882
18.443
153.1846
 
2019-03-06T17:28:05,105143694+01:00
57.013947709
9.987382582
0.6588
17.892
79.9695
 
2019-03-06T17:28:06,106408074+01:00
57.01394554
9.987383257
0.2484
16.88
51.6009
 
2019-03-06T17:28:07,107496272+01:00
57.013948939
9.987393409
0.6588
16.432
44.6635
 
2019-03-06T17:28:08,110204753+01:00
57.013954022
9.987396807
0.9
15.469
32.4422
 
2019-03-06T17:28:09,107979137+01:00
57.013955791
9.987396042
0.7416
15.198
28.9508
 
2019-03-06T17:28:10,110952053+01:00
57.013954846
9.987394421
0.3276
15.004
50.6418
 
2019-03-06T17:28:11,107011073+01:00
57.01395631
9.987396308
0.6984
14.695
90.6106
 
2019-03-06T17:28:12,113316930+01:00
57.013941922
9.987386159
0.9252
14.209
157.5872
 
2019-03-06T17:28:13,109231627+01:00
57.013941972
9.987383648
0.288
13.478
156.5532
 
2019-03-06T17:28:14,112572071+01:00
57.013939028
9.987378098
0.2088
12.678
174.2781
 
2019-03-06T17:28:15,111331911+01:00
57.013935196
9.987375247
0.4824
12.132
137.3019
 
2019-03-06T17:28:16,111953936+01:00
57.013941564
9.987378893
0.8064
11.338
52.7308
 
2019-03-06T17:28:17,115727788+01:00
57.013935037
9.987372894
0.3564
9.783
121.1077
 
2019-03-06T17:28:18,114665637+01:00
57.013941965
9.987383109
1.1268
8.841
69.5967
 
2019-03-06T17:28:19,113158244+01:00
57.013944027
9.987388036
1.1196
8.192
63.8734
 
2019-03-06T17:28:20,126135413+01:00
57.013939762
9.987382916
0.3492
7.844
43.6125
 
2019-03-06T17:28:21,113088645+01:00
57.013937289
9.987375831
0.2124
7.355
254.7132
 
2019-03-06T17:28:22,111643111+01:00
57.013945231
9.987381424
0.8064
7.187
12.3965
 
2019-03-06T17:28:23,118768476+01:00
57.013951949
9.987391483
1.5516
8.108
42.6767
 
2019-03-06T17:28:24,121618352+01:00
57.013958023
9.987398812
1.7964
7.895
41.6834
 
2019-03-06T17:28:25,121526589+01:00
57.013963912
9.987410231
2.1276
7.601
46.5653
 
2019-03-06T17:28:26,121886422+01:00
57.013961069
9.987401757
1.1592
8.14
32.467
 
2019-03-06T17:28:27,117140341+01:00
57.013970373
9.987409488
2.0736
8.862
38.7273
 
2019-03-06T17:28:28,122724228+01:00
57.013969419
9.987406753
1.4472
9.372
34.7507
 
2019-03-06T17:28:29,127971536+01:00
57.013977051
9.987399429
1.6776
10.24
356.5662
 
2019-03-06T17:28:30,145127398+01:00
57.013981786
9.987398646
1.9548
11.018
6.6663
 
2019-03-06T17:28:31,126277612+01:00
57.013990898
9.987395801
2.4984
11.313
4.4868
 
2019-03-06T17:28:32,128771574+01:00
57.013996453
9.987393015
2.5704
11.913
2.9121
 
2019-03-06T17:28:33,134010005+01:00
57.014002289
9.987392667
2.4012
11.229
359.2874
 
2019-03-06T17:28:34,130829345+01:00
57.014008864
9.987381172
2.5848
10.956
336.7954
 
2019-03-06T17:28:35,128010449+01:00
57.01401716
9.987382523
2.592
11.418
350.9533
 
2019-03-06T17:28:36,133145924+01:00
57.014014505
9.987377921
2.0124
12.289
347.6523
 
2019-03-06T17:28:37,136822418+01:00
57.014008327
9.987367026
1.6344
12.414
323.6653
 
2019-03-06T17:28:38,134028547+01:00
57.014019967
9.987366077
2.0916
12.788
342.9472
 
2019-03-06T17:28:39,131925001+01:00
57.014022966
9.987371433
1.926
12.345
5.518
 
2019-03-06T17:28:40,136507922+01:00
57.014025844
9.987365508
1.8972
11.827
352.3393
 
2019-03-06T17:28:41,135267579+01:00
57.014011852
9.987361017
0.936
12.695
353.4548
 
2019-03-06T17:28:42,137487660+01:00
57.01400466
9.987350039
0.9468
13.335
307.6417
 
2019-03-06T17:28:43,134284078+01:00
57.014003917
9.987357537
0.6804
14.175
17.4739
 
2019-03-06T17:28:44,137926189+01:00
57.01400244
9.987351158
0.774
14.151
334.4302
 
2019-03-06T17:28:45,134896212+01:00
57.013990219
9.987348601
0.2196
14.521
281.5148
 
2019-03-06T17:28:46,135185632+01:00
57.013985197
9.987357042
0.5832
14.348
104.8492
 
2019-03-06T17:28:47,135591750+01:00
57.013987137
9.987364651
1.0836
14.625
73.0271
 
2019-03-06T17:28:48,142874241+01:00
57.013981289
9.987365982
1.1268
15.214
71.9025
 
2019-03-06T17:28:49,148321804+01:00
57.013970499
9.987365825
0.9432
14.945
82.7227
 
2019-03-06T17:28:50,151457169+01:00
57.013957581
9.987362249
0.81
15.736
108.7846
 
2019-03-06T17:28:51,138761078+01:00
57.013954523
9.987360364
0.7092
16.088
83.4166
 
2019-03-06T17:28:52,144346230+01:00
57.013938853
9.987349886
0.3852
16.756
167.406
 
2019-03-06T17:28:53,146258171+01:00
57.013951467
9.987345218
0.7452
17.43
353.3942
 
2019-03-06T17:28:54,147580797+01:00
57.013950005
9.987345324
0.8352
17.535
22.737
 
2019-03-06T17:28:55,158137021+01:00
57.013958493
9.987348021
1.512
18.448
27.3597
 
2019-03-06T17:28:56,152972133+01:00
57.013958784
9.987346238
1.3752
18.463
23.1314
 
2019-03-06T17:28:57,147395297+01:00
57.013981711
9.987349069
2.9196
19.225
13.7505
 
2019-03-06T17:28:58,149258679+01:00
57.013981036
9.987344152
2.6568
20.001
7.159
 
2019-03-06T17:28:59,149548527+01:00
57.013980313
9.987334436
2.3868
20.209
348.3486
 
2019-03-06T17:29:00,146914104+01:00
57.013970401
9.98733471
1.62
20.77
1.1684
 
2019-03-06T17:29:01,160199003+01:00
57.013963626
9.987334437
1.0188
20.628
5.2744
 
2019-03-06T17:29:02,148550446+01:00
57.013967456
9.987342569
1.3752
20.792
32.2585
 
2019-03-06T17:29:03,151253792+01:00
57.01395717
9.987338141
0.5652
20.88
28.9456
 
2019-03-06T17:29:04,152171063+01:00
57.013962775
9.987344155
1.1124
20.785
38.7829
 
2019-03-06T17:29:05,152912872+01:00
57.013963661
9.987342513
1.0584
20.494
19.5446
 
2019-03-06T17:29:06,154940893+01:00
57.013972202
9.987332058
1.7352
20.747
344.5082
 
2019-03-06T17:29:07,151605259+01:00
57.013945186
9.987316271
1.1016
20.185
262.0393
 
2019-03-06T17:29:08,152558271+01:00
57.013971288
9.987313911
1.7892
20.122
327.7224
 
2019-03-06T17:29:09,153197521+01:00
57.0139753
9.987321651
1.5588
20.142
6.6694
 
2019-03-06T17:29:10,159797607+01:00
57.013979987
9.987318568
1.6596
19.934
354.2129
 
2019-03-06T17:29:11,159662206+01:00
57.013968638
9.987316619
0.7416
19.646
5.3114
 
2019-03-06T17:29:12,157529353+01:00
57.013965607
9.987317107
0.4716
19.77
25.3981
 
2019-03-06T17:29:13,158127876+01:00
57.013958919
9.987311837
0.1008
19.526
236.6149
 
2019-03-06T17:29:14,168534656+01:00
57.01396897
9.987312528
0.3276
19.753
341.0458
 
2019-03-06T17:29:15,160068350+01:00
57.013965801
9.987313856
0.3564
19.851
165.3816
 
2019-03-06T17:29:16,159596376+01:00
57.01396243
9.987308919
0.8496
20.071
206.2244
 
2019-03-06T17:29:17,164944638+01:00
57.013959538
9.987315776
1.1736
20.101
165.0293
 
2019-03-06T17:29:18,162020899+01:00
57.013961991
9.987308422
1.188
19.78
208.1738
 
2019-03-06T17:29:19,165400113+01:00
57.01395368
9.987303507
1.7352
19.881
207.9147
 
2019-03-06T17:29:20,162858892+01:00
57.013957196
9.987309358
0.6696
19.424
172.4785
 
2019-03-06T17:29:21,165341460+01:00
57.013949205
9.987302306
1.152
19.238
206.4248
 
2019-03-06T17:29:22,167674755+01:00
57.013940152
9.987301681
1.3788
19.034
192.6546
 
2019-03-06T17:29:23,163416166+01:00
57.013930287
9.987303841
1.6308
19.044
178.0012
 
2019-03-06T17:29:24,166423781+01:00
57.013913969
9.987309885
2.4912
18.769
165.1988
 
2019-03-06T17:29:25,160942495+01:00
57.013913478
9.987305736
1.7712
18.137
179.9134
 
2019-03-06T17:29:26,173166969+01:00
57.013918386
9.987315372
1.3284
17.639
152.9095
 
2019-03-06T17:29:27,171466888+01:00
57.013917142
9.987323162
1.4112
17.467
141.8683
 
2019-03-06T17:29:28,167979987+01:00
57.013910089
9.987319856
1.1592
16.975
163.5685
 
2019-03-06T17:29:29,172928590+01:00
57.013905017
9.987327477
1.4976
16.889
134.4538
 
2019-03-06T17:29:30,169106185+01:00
57.013919304
9.987343757
2.106
17.179
77.5826
 
2019-03-06T17:29:31,163126357+01:00
57.013908012
9.987334876
0.558
17.268
94.6653
 
2019-03-06T17:29:32,167168768+01:00
57.01390189
9.987336281
0.468
17.234
126.824
 
2019-03-06T17:29:33,172137191+01:00
57.013889594
9.987336402
1.2312
16.954
174.1431
 
2019-03-06T17:29:34,175833386+01:00
57.013872907
9.987330288
2.1168
16.694
191.9275
 
2019-03-06T17:29:35,168232441+01:00
57.013865044
9.987327249
2.2968
16.106
198.7717
 
2019-03-06T17:29:36,184978717+01:00
57.013853383
9.987320161
2.5056
16.055
200.4828
 
2019-03-06T17:29:37,180343355+01:00
57.013844903
9.987321022
2.4588
15.642
188.7597
 
2019-03-06T17:29:38,182967334+01:00
57.013844458
9.987321326
1.9008
15.162
185.456
 
2019-03-06T17:29:39,169050673+01:00
57.013840263
9.987319668
1.6236
14.857
181.0865
 
2019-03-06T17:29:40,176994180+01:00
57.013841822
9.987321297
1.0872
14.411
173.2607
 
2019-03-06T17:29:41,175899556+01:00
57.013839061
9.987323548
1.1664
14.205
164.8417
 
2019-03-06T17:29:42,174696857+01:00
57.013833645
9.987319594
1.2708
14.298
173.76
 
2019-03-06T17:29:43,174158759+01:00
57.013844548
9.987334769
1.4436
14.285
94.7843
 
2019-03-06T17:29:44,184041933+01:00
57.013845133
9.98733187
0.7236
14.422
92.0369
 
2019-03-06T17:29:45,171763106+01:00
57.013845117
9.987329486
0.4752
14.447
86.302
 
2019-03-06T17:29:46,177893849+01:00
57.013849423
9.987324802
0.3492
14.553
1.3479
 
2019-03-06T17:29:47,187497083+01:00
57.013858716
9.987329069
1.2096
14.608
23.7439
 
2019-03-06T17:29:48,176116807+01:00
57.013854417
9.987336261
1.2024
14.609
65.1686
 
2019-03-06T17:29:49,170470311+01:00
57.013847673
9.987335979
0.828
14.584
101.8501
 
2019-03-06T17:29:50,179838762+01:00
57.013852689
9.987334928
0.4932
14.734
68.0709
 
2019-03-06T17:29:51,173119312+01:00
57.013860529
9.987325082
0.774
14.692
323.2972
 
2019-03-06T17:29:52,176736628+01:00
57.013846749
9.987317071
0.9216
14.651
230.7881
 
2019-03-06T17:29:53,172298563+01:00
57.013854095
9.987336327
0.8496
14.406
125.7329
 
2019-03-06T17:29:54,175346638+01:00
57.013862026
9.987351017
1.368
14.19
96.6749
 
2019-03-06T17:29:55,190300197+01:00
57.013875052
9.987376869
2.6424
14.024
81.4009
 
2019-03-06T17:29:56,181737011+01:00
57.013887878
9.987374716
1.9692
13.776
57.0882
 
2019-03-06T17:29:57,174014832+01:00
57.013880661
9.987354818
0.4716
13.284
12.7798
 
2019-03-06T17:29:58,182671360+01:00
57.01388769
9.987365779
1.0332
13.158
52.6661
 
2019-03-06T17:29:59,180663875+01:00
57.01389313
9.987358805
0.6876
13.003
17.4513
 
2019-03-06T17:30:00,177933090+01:00
57.013900707
9.987373238
1.2744
13.206
53.4631
 
2019-03-06T17:30:01,184916243+01:00
57.013910418
9.987372871
1.2384
13.411
30.5135
 
2019-03-06T17:30:02,183028121+01:00
57.013914237
9.987349928
1.422
13.671
320.5936
 
2019-03-06T17:30:03,186302640+01:00
57.013910161
9.987317795
2.4624
13.739
292.3632
 
2019-03-06T17:30:04,182181412+01:00
57.013907841
9.987318722
1.602
13.919
283.2604
 
2019-03-06T17:30:05,178579135+01:00
57.013926033
9.987319638
1.8252
14.13
320.9662
 
2019-03-06T17:30:06,193305057+01:00
57.013939939
9.987320166
2.088
14.698
335.6014
 
2019-03-06T17:30:07,178838692+01:00
57.013952795
9.987326758
2.2356
15.057
350.2077
 
2019-03-06T17:30:08,180703365+01:00
57.013955954
9.987332441
1.8036
15.281
356.4701
 
2019-03-06T17:30:09,179228840+01:00
57.013962249
9.987327726
1.9296
15.112
346.0343
 
2019-03-06T17:30:10,180923846+01:00
57.01395675
9.987330466
1.1376
15.081
332.8268
 
2019-03-06T17:30:11,173919920+01:00
57.013936809
9.9873181
1.0368
15.258
246.7275
 
2019-03-06T17:30:12,182457525+01:00
57.013933559
9.98732389
0.4788
15.374
198.4987
 
2019-03-06T17:30:13,182489078+01:00
57.013926559
9.987317373
0.99
15.761
204.1221
 
2019-03-06T17:30:14,187596521+01:00
57.013941122
9.987325377
0.1872
16.365
248.2742
 
2019-03-06T17:30:15,185068155+01:00
57.013935457
9.987325
0.3024
16.691
185.0946
 
2019-03-06T17:30:16,194891016+01:00
57.013930731
9.987302482
0.8496
17.545
262.9771
 
2019-03-06T17:30:17,192544043+01:00
57.013915919
9.987292708
1.7352
18.02
231.1744
 
2019-03-06T17:30:18,184056741+01:00
57.013926436
9.987295852
1.1556
18.786
248.5074
 
2019-03-06T17:30:19,191672116+01:00
57.013904885
9.987282773
2.2644
19.139
222.071
 
2019-03-06T17:30:20,188378257+01:00
57.013894163
9.987284839
2.2572
19.485
204.9526
 
2019-03-06T17:30:21,187649339+01:00
57.013899375
9.987278659
1.926
19.848
219.7609
 
2019-03-06T17:30:22,187574807+01:00
57.013903047
9.987277161
1.7172
20.262
222.7899
 
2019-03-06T17:30:23,182906958+01:00
57.013920671
9.98728766
0.4572
20.657
239.5811
 
2019-03-06T17:30:24,186449337+01:00
57.013911572
9.98729007
0.936
21.064
190.3771
 
2019-03-06T17:30:25,188994314+01:00
57.013924059
9.987297893
0.558
21.533
207.1934
 
2019-03-06T17:30:26,186934622+01:00
57.013951541
9.987307673
0.8388
22.169
317.656
 
2019-03-06T17:30:27,198540843+01:00
57.013972082
9.987358249
1.9404
22.771
47.6616
 
2019-03-06T17:30:28,189752982+01:00
57.013958058
9.987351632
0.8964
23.498
75.9071
 
2019-03-06T17:30:29,187857503+01:00
57.013968176
9.987341159
0.5292
24.245
334.3893
 
2019-03-06T17:30:30,188427059+01:00
57.013962649
9.987345007
0.2772
24.883
243.1422
 
2019-03-06T17:30:31,188200065+01:00
57.013958664
9.987337078
0.5688
25.517
229.3419
 
2019-03-06T17:30:32,191975382+01:00
57.013964408
9.987326215
0.7776
25.972
270.9432
 
2019-03-06T17:30:33,196062781+01:00
57.013960439
9.987322195
0.4176
26.462
268.65
 
2019-03-06T17:30:34,187741510+01:00
57.013943327
9.987301342
1.314
26.995
228.7023
 
2019-03-06T17:30:35,188551147+01:00
57.013928244
9.987283778
2.0088
27.382
224.1375
 
2019-03-06T17:30:36,196152927+01:00
57.013938499
9.987279826
1.3752
27.833
244.2563
 
2019-03-06T17:30:37,193298424+01:00
57.013947628
9.987280947
0.8208
27.948
270.5524
 
2019-03-06T17:30:38,195967986+01:00
57.013946716
9.987290617
0.2196
28.336
212.1737
 
2019-03-06T17:30:39,198729710+01:00
57.013944316
9.987287805
0.6408
28.223
228.4552
 
2019-03-06T17:30:40,197904378+01:00
57.013963263
9.987290988
0.7992
27.974
328.002
 
2019-03-06T17:30:41,194659277+01:00
57.013962188
9.98732034
1.6092
28.255
68.5624
 
2019-03-06T17:30:42,203911754+01:00
57.013963965
9.987314178
0.846
27.804
41.3178
 
2019-03-06T17:30:43,193478778+01:00
57.013975819
9.987324059
1.458
27.496
37.8116
 
2019-03-06T17:30:44,197128124+01:00
57.013977693
9.987334213
1.5084
27.42
50.2948
 
2019-03-06T17:30:45,210654121+01:00
57.013970562
9.987337706
1.0476
27.16
71.5934
 
2019-03-06T17:30:46,198172024+01:00
57.013969652
9.987325499
0.2628
26.69
291.9519
 
2019-03-06T17:30:47,190354632+01:00
57.013964222
9.987317759
0.8352
26.427
244.212
 
2019-03-06T17:30:48,199593519+01:00
57.013967497
9.987317889
0.6012
26.059
245.4664
 
2019-03-06T17:30:49,206387043+01:00
57.013960413
9.987318283
1.1268
25.653
212.9068
 
2019-03-06T17:30:50,194362233+01:00
57.013966565
9.987323322
0.8064
25.315
209.0223
 
2019-03-06T17:30:51,202885720+01:00
57.013968245
9.987316045
1.4616
24.92
233.8162
 
2019-03-06T17:30:52,202190950+01:00
57.013949503
9.987316608
2.2212
24.737
210.1682
 
2019-03-06T17:30:53,202641439+01:00
57.013961376
9.987321778
1.368
24.451
214.759
 
2019-03-06T17:30:54,215229877+01:00
57.013932408
9.987313248
2.4192
23.826
203.6793
 
2019-03-06T17:30:55,226116846+01:00
57.013922395
9.987312776
2.7
23.572
202.0855
 
2019-03-06T17:30:56,208967342+01:00
57.013917162
9.9873232
2.3544
23.271
177.4423
 
2019-03-06T17:30:57,204419417+01:00
57.013913469
9.987332481
2.4516
23.323
168.1963
 
2019-03-06T17:30:58,210921582+01:00
57.013903037
9.987339009
3.06
23.434
168.0618
 
2019-03-06T17:30:59,199410160+01:00
57.013900189
9.987337228
3.0096
23.544
177.7592
 
2019-03-06T17:31:00,206558602+01:00
57.013905606
9.987336462
2.484
23.582
182.242
 
2019-03-06T17:31:01,198711858+01:00
57.013894792
9.987332865
3.1644
24.006
190.81
 
2019-03-06T17:31:02,201385616+01:00
57.013889621
9.987317249
3.348
24.117
209.0828
 
2019-03-06T17:31:03,203561097+01:00
57.013897466
9.987308826
2.9952
24.552
223.6355
 
2019-03-06T17:31:04,203303910+01:00
57.013887221
9.987309033
3.1104
24.887
209.3784
 
2019-03-06T17:31:05,208483866+01:00
57.013881897
9.987315807
2.8152
25.188
191.2544
 
2019-03-06T17:31:06,220646748+01:00
57.013878762
9.987314952
2.844
25.51
189.0965
 
2019-03-06T17:31:07,206036946+01:00
57.013900427
9.987319803
1.278
25.518
183.4363
 
2019-03-06T17:31:08,203407744+01:00
57.013906393
9.987329221
1.152
25.552
149.2895
 
2019-03-06T17:31:09,196248660+01:00
57.013901409
9.987324838
1.3824
25.673
182.2278
 
2019-03-06T17:31:10,204350057+01:00
57.013910506
9.987325213
0.63
25.302
156.727
 
2019-03-06T17:31:11,202623422+01:00
57.013910252
9.987321885
0.666
25.249
187.729
 
2019-03-06T17:31:12,207324779+01:00
57.013910792
9.987313331
0.8568
25.043
217.9971
 
2019-03-06T17:31:13,209176277+01:00
57.013925797
9.987322219
0.0936
25.162
69.7851
 
2019-03-06T17:31:14,220358943+01:00
57.013913586
9.987320977
1.026
25.02
185.8192
 
2019-03-06T17:31:15,205086387+01:00
57.013918306
9.98732515
0.666
24.774
168.2059
 
2019-03-06T17:31:16,205914816+01:00
57.013915045
9.987339418
1.5804
25.129
112.7711
 
2019-03-06T17:31:17,212653348+01:00
57.013915493
9.987335336
0.8028
25.144
141.1222
 
2019-03-06T17:31:18,223319483+01:00
57.013924279
9.987335493
0.378
25.07
89.9223
 
2019-03-06T17:31:19,226453433+01:00
57.013923764
9.987329163
0.2196
25.286
331.0283
 
2019-03-06T17:31:20,211599601+01:00
57.013907492
9.987322459
0.5616
25.365
198.3336
 
