
2019-05-07T15:47:08,539533463+02:00
57.0139045
9.987174833
0.09
nan
0.0
 
2019-05-07T15:47:08,741198806+02:00
57.013904
9.9871755
0.1692
nan
0.0
 
2019-05-07T15:47:08,938024670+02:00
57.013904333
9.987176167
0.2304
nan
0.0
 
2019-05-07T15:47:09,136174574+02:00
57.013903667
9.987176667
0.108
nan
0.0
 
2019-05-07T15:47:09,334160781+02:00
57.013903167
9.987177167
0.0324
nan
0.0
 
2019-05-07T15:47:09,533761066+02:00
57.013903
9.987177333
0.09
nan
0.0
 
2019-05-07T15:47:09,742382081+02:00
57.013902667
9.987178
0.0684
nan
0.0
 
2019-05-07T15:47:09,945623920+02:00
57.013902833
9.987178667
0.3528
nan
0.0
 
2019-05-07T15:47:10,138924922+02:00
57.013902333
9.987179833
0.4716
nan
0.0
 
2019-05-07T15:47:10,336369970+02:00
57.0139025
9.98718
0.3816
nan
0.0
 
2019-05-07T15:47:10,535680271+02:00
57.0139025
9.987180667
0.3384
nan
0.0
 
2019-05-07T15:47:10,729178362+02:00
57.0139025
9.987181167
0.306
nan
0.0
 
2019-05-07T15:47:10,934249002+02:00
57.013902333
9.987181333
0.0504
nan
0.0
 
2019-05-07T15:47:11,134038456+02:00
57.013902167
9.987181667
0.1764
nan
0.0
 
2019-05-07T15:47:11,336968799+02:00
57.013902167
9.987182
0.0648
nan
0.0
 
2019-05-07T15:47:11,533924357+02:00
57.013902167
9.987182833
0.1728
nan
0.0
 
2019-05-07T15:47:11,733464430+02:00
57.013902333
9.987183167
0.1512
nan
0.0
 
2019-05-07T15:47:11,939324365+02:00
57.013901833
9.987183167
0.3924
nan
0.0
 
2019-05-07T15:47:12,129490879+02:00
57.013901667
9.9871835
0.2124
nan
0.0
 
2019-05-07T15:47:12,330185246+02:00
57.013901667
9.987185167
0.3096
nan
0.0
 
2019-05-07T15:47:12,528915007+02:00
57.0139015
9.987185667
0.198
nan
0.0
 
2019-05-07T15:47:12,728338655+02:00
57.013901333
9.9871855
0.1008
nan
0.0
 
2019-05-07T15:47:12,932421135+02:00
57.0139015
9.987185667
0.1476
nan
0.0
 
2019-05-07T15:47:13,130074577+02:00
57.013901333
9.987186
0.1512
nan
0.0
 
2019-05-07T15:47:13,341121098+02:00
57.013901
9.9871865
0.3132
nan
0.0
 
2019-05-07T15:47:13,744735594+02:00
57.013901667
9.987187333
0.162
nan
0.0
 
2019-05-07T15:47:14,161673945+02:00
57.0139015
9.987187667
0.1764
nan
0.0
 
2019-05-07T15:47:14,540063197+02:00
57.013902167
9.987188167
0.0108
nan
0.0
 
2019-05-07T15:47:14,936666181+02:00
57.013902667
9.987189167
0.2124
nan
0.0
 
2019-05-07T15:47:15,153112987+02:00
57.013902333
9.987189167
0.3996
nan
0.0
 
2019-05-07T15:47:15,535384284+02:00
57.0139035
9.987189667
0.0396
nan
0.0
 
2019-05-07T15:47:15,736069228+02:00
57.013903833
9.987189667
0.1728
nan
0.0
 
2019-05-07T15:47:16,155745229+02:00
57.013904833
9.987190833
0.1548
nan
0.0
 
2019-05-07T15:47:16,537371126+02:00
57.013905667
9.987191333
0.1368
nan
0.0
 
2019-05-07T15:47:16,943185414+02:00
57.013906833
9.9871915
0.0288
nan
0.0
 
2019-05-07T15:47:17,338815735+02:00
57.013908
9.987192
0.0252
nan
0.0
 
2019-05-07T15:47:17,737736701+02:00
57.013909833
9.987192
0.0576
nan
0.0
 
2019-05-07T15:47:18,145359444+02:00
57.013911167
9.987192167
0.1332
nan
0.0
 
2019-05-07T15:47:18,536443766+02:00
57.013912833
9.987192333
0.1764
nan
0.0
 
2019-05-07T15:47:18,935571889+02:00
57.013914167
9.987191667
0.0504
nan
0.0
 
2019-05-07T15:47:19,337409419+02:00
57.013915
9.987192167
0.1836
nan
0.0
 
2019-05-07T15:47:19,738697162+02:00
57.013916
9.987192333
0.2592
nan
0.0
 
2019-05-07T15:47:20,153304178+02:00
57.013916833
9.987192667
0.09
nan
0.0
 
2019-05-07T15:47:20,546376674+02:00
57.013917833
9.987193333
0.0468
nan
0.0
 
2019-05-07T15:47:20,937010734+02:00
57.013918833
9.987193333
0.2052
nan
0.0
 
2019-05-07T15:47:21,344084577+02:00
57.013919667
9.987193167
0.072
nan
0.0
 
2019-05-07T15:47:21,730612607+02:00
57.013920667
9.987193
0.018
nan
0.0
 
2019-05-07T15:47:21,946503775+02:00
57.013921167
9.987192833
0.1656
nan
0.0
 
2019-05-07T15:47:22,340311630+02:00
57.013922167
9.9871935
0.1188
nan
0.0
 
2019-05-07T15:47:22,942045191+02:00
57.013924
9.9871935
0.1476
nan
0.0
 
2019-05-07T15:47:23,547399541+02:00
57.013926
9.987193333
0.0396
nan
0.0
 
2019-05-07T15:47:23,934118855+02:00
57.013927667
9.987193667
0.1764
nan
0.0
 
2019-05-07T15:47:24,330638392+02:00
57.013929667
9.987194167
0.072
nan
0.0
 
2019-05-07T15:47:24,740587532+02:00
57.0139315
9.9871945
0.1548
nan
0.0
 
2019-05-07T15:47:25,144174674+02:00
57.013933
9.987195333
0.126
nan
0.0
 
2019-05-07T15:47:25,534712429+02:00
57.013934333
9.987196167
0.3636
nan
0.0
 
2019-05-07T15:47:25,939922380+02:00
57.0139355
9.987196833
0.072
nan
0.0
 
2019-05-07T15:47:26,333041669+02:00
57.0139365
9.987197167
0.0972
nan
0.0
 
2019-05-07T15:47:26,733145262+02:00
57.013937667
9.987198
0.234
nan
0.0
 
2019-05-07T15:47:26,935510771+02:00
57.013938167
9.9871985
0.09
nan
0.0
 
2019-05-07T15:47:27,140530102+02:00
57.013938667
9.987198833
0.0576
nan
0.0
 
2019-05-07T15:47:27,534834585+02:00
57.013939333
9.987199333
0.0432
nan
0.0
 
2019-05-07T15:47:27,734442658+02:00
57.013939667
9.987199667
0.0864
nan
0.0
 
2019-05-07T15:47:28,137419394+02:00
57.013940167
9.987200333
0.0828
nan
0.0
 
