
2019-05-07T15:43:23,137740655+02:00
57.013950667
9.987266667
0.1656
nan
0.0
 
2019-05-07T15:43:23,336874088+02:00
57.013950167
9.9872665
0.0252
nan
0.0
 
2019-05-07T15:43:23,730948062+02:00
57.013949333
9.987266167
0.0576
nan
0.0
 
2019-05-07T15:43:23,932165690+02:00
57.013949
9.987266
0.1944
nan
0.0
 
2019-05-07T15:43:24,132379794+02:00
57.013948833
9.987265833
0.0216
nan
0.0
 
2019-05-07T15:43:24,328959081+02:00
57.0139485
9.9872655
0.144
nan
0.0
 
2019-05-07T15:43:24,531624442+02:00
57.013948167
9.987265333
0.2448
nan
0.0
 
2019-05-07T15:43:24,731647036+02:00
57.013947833
9.987265333
0.18
nan
0.0
 
2019-05-07T15:43:24,935441027+02:00
57.0139475
9.987265333
0.1188
nan
0.0
 
2019-05-07T15:43:25,132742121+02:00
57.013947333
9.987265333
0.1548
nan
0.0
 
2019-05-07T15:43:25,338435778+02:00
57.013947
9.987265167
0.09
nan
0.0
 
2019-05-07T15:43:25,537533881+02:00
57.013947
9.987265167
0.1008
nan
0.0
 
2019-05-07T15:43:25,730139864+02:00
57.013946833
9.987265
0.0936
nan
0.0
 
2019-05-07T15:43:25,930989598+02:00
57.0139465
9.987264833
0.1296
nan
0.0
 
2019-05-07T15:43:26,133597549+02:00
57.013946833
9.987264833
0.1692
nan
0.0
 
2019-05-07T15:43:26,332775917+02:00
57.013946833
9.987264667
0.1008
nan
0.0
 
2019-05-07T15:43:26,531316721+02:00
57.013946667
9.9872645
0.0864
nan
0.0
 
2019-05-07T15:43:26,729463105+02:00
57.013946833
9.9872645
0.2016
nan
0.0
 
2019-05-07T15:43:26,931916318+02:00
57.013946667
9.987264333
0.1692
nan
0.0
 
2019-05-07T15:43:27,333099570+02:00
57.013945667
9.987263833
0.1584
nan
0.0
 
2019-05-07T15:43:27,529391547+02:00
57.013945167
9.987263667
0.09
nan
0.0
 
2019-05-07T15:43:27,733703085+02:00
57.013945
9.9872635
0.0576
nan
0.0
 
2019-05-07T15:43:27,933496914+02:00
57.013944
9.987263167
0.3636
nan
0.0
 
2019-05-07T15:43:28,332067507+02:00
57.013943833
9.987262833
0.2016
nan
0.0
 
2019-05-07T15:43:28,532568003+02:00
57.013943833
9.987262833
0.108
nan
0.0
 
2019-05-07T15:43:28,935743612+02:00
57.013943333
9.987262833
0.0504
nan
0.0
 
2019-05-07T15:43:29,340991438+02:00
57.013943
9.987262833
0.0756
nan
0.0
 
2019-05-07T15:43:29,735760784+02:00
57.013942333
9.9872625
0.1332
nan
0.0
 
2019-05-07T15:43:30,136777082+02:00
57.0139415
9.987261833
0.504
nan
0.0
 
2019-05-07T15:43:30,541930644+02:00
57.013940833
9.9872615
0.2988
nan
0.0
 
2019-05-07T15:43:30,940330096+02:00
57.013940333
9.987261333
0.1008
nan
0.0
 
2019-05-07T15:43:31,345473153+02:00
57.01394
9.987260833
0.0684
nan
0.0
 
2019-05-07T15:43:31,751423738+02:00
57.0139395
9.987260333
0.144
nan
0.0
 
2019-05-07T15:43:32,148556691+02:00
57.013939167
9.98726
0.0684
nan
0.0
 
2019-05-07T15:43:32,533111790+02:00
57.013938833
9.987259667
0.0684
nan
0.0
 
2019-05-07T15:43:32,754094953+02:00
57.013938833
9.9872595
0.0396
nan
0.0
 
2019-05-07T15:43:33,344742073+02:00
57.013938333
9.987259333
0.0684
nan
0.0
 
2019-05-07T15:43:33,745629850+02:00
57.013938333
9.9872595
0.306
nan
0.0
 
2019-05-07T15:43:34,139862021+02:00
57.013938333
9.9872595
0.18
nan
0.0
 
2019-05-07T15:43:34,549099079+02:00
57.0139385
9.987259833
0.1548
nan
0.0
 
2019-05-07T15:43:34,939061516+02:00
57.013938
9.987259667
0.1656
nan
0.0
 
2019-05-07T15:43:35,147857545+02:00
57.013937333
9.987259667
0.3276
nan
0.0
 
2019-05-07T15:43:35,539105368+02:00
57.013937167
9.987260167
0.198
nan
0.0
 
2019-05-07T15:43:35,934148597+02:00
57.0139365
9.9872605
0.4536
nan
0.0
 
2019-05-07T15:43:36,340191655+02:00
57.0139365
9.987260833
0.198
nan
0.0
 
2019-05-07T15:43:36,562501224+02:00
57.013936333
9.987261
0.0972
nan
0.0
 
2019-05-07T15:43:36,953301403+02:00
57.013936167
9.9872615
0.1512
nan
0.0
 
2019-05-07T15:43:37,138658587+02:00
57.013936333
9.9872615
0.0576
nan
0.0
 
2019-05-07T15:43:37,747517469+02:00
57.013935833
9.987261667
0.2772
nan
0.0
 
2019-05-07T15:43:38,155265667+02:00
57.013935333
9.9872615
0.1584
nan
0.0
 
2019-05-07T15:43:38,550882638+02:00
57.013934833
9.987261833
0.1476
nan
0.0
 
2019-05-07T15:43:38,934296884+02:00
57.013934667
9.987262
0.0648
nan
0.0
 
2019-05-07T15:43:39,153162797+02:00
57.013934667
9.987261667
0.1836
nan
0.0
 
2019-05-07T15:43:39,530966141+02:00
57.013935333
9.987261833
0.2736
nan
0.0
 
2019-05-07T15:43:39,950620669+02:00
57.013935333
9.987262
0.1872
nan
0.0
 
2019-05-07T15:43:40,340625398+02:00
57.013935333
9.9872625
0.0468
nan
0.0
 
2019-05-07T15:43:40,738217763+02:00
57.013935333
9.987263333
0.1476
nan
0.0
 
2019-05-07T15:43:41,138805868+02:00
57.013934833
9.987263667
0.2232
nan
0.0
 
2019-05-07T15:43:41,353739998+02:00
57.013934833
9.987264
0.1296
nan
0.0
 
2019-05-07T15:43:41,735759258+02:00
57.013934667
9.987264167
0.18
nan
0.0
 
2019-05-07T15:43:41,944663467+02:00
57.013934167
9.987264333
0.3744
nan
0.0
 
2019-05-07T15:43:42,164795475+02:00
57.0139345
9.987264833
0.3168
nan
0.0
 
2019-05-07T15:43:42,536678011+02:00
57.013935167
9.987265167
0.2628
nan
0.0
 
2019-05-07T15:43:42,953214870+02:00
57.013935333
9.9872655
0.2088
nan
0.0
 
2019-05-07T15:43:43,341910535+02:00
57.0139355
9.987266167
0.2412
nan
0.0
 
2019-05-07T15:43:43,745480180+02:00
57.013936333
9.987266167
0.2052
nan
0.0
 
2019-05-07T15:43:44,144846832+02:00
57.013936167
9.987266333
0.072
nan
0.0
 
2019-05-07T15:43:44,341532902+02:00
57.013936667
9.987266833
0.4824
nan
0.0
 
2019-05-07T15:43:44,739531035+02:00
57.0139375
9.987267167
0.5544
nan
0.0
 
2019-05-07T15:43:44,971205095+02:00
57.0139385
9.987267333
0.8316
nan
0.0
 
2019-05-07T15:43:45,355549026+02:00
57.013939
9.9872675
0.4212
nan
0.0
 
2019-05-07T15:43:45,747338691+02:00
57.013939167
9.987267833
0.1872
nan
0.0
 
2019-05-07T15:43:46,143329612+02:00
57.0139385
9.9872675
0.0972
nan
0.0
 
2019-05-07T15:43:46,541103044+02:00
57.013939333
9.987267833
0.198
nan
0.0
 
2019-05-07T15:43:46,753735990+02:00
57.0139395
9.987267667
0.126
nan
0.0
 
2019-05-07T15:43:47,136109687+02:00
57.01394
9.987267667
0.2052
nan
0.0
 
2019-05-07T15:43:47,356988383+02:00
57.013940333
9.987268
0.1152
nan
0.0
 
2019-05-07T15:43:47,738146669+02:00
57.013940833
9.987268167
0.144
nan
0.0
 
2019-05-07T15:43:48,148906775+02:00
57.013941
9.987269167
0.1332
nan
0.0
 
2019-05-07T15:43:48,534736329+02:00
57.013941
9.987270333
0.0396
nan
0.0
 
2019-05-07T15:43:48,737616736+02:00
57.013941833
9.987270667
0.3384
nan
0.0
 
2019-05-07T15:43:49,151332216+02:00
57.0139415
9.987271333
0.2988
nan
0.0
 
2019-05-07T15:43:49,539981482+02:00
57.013942
9.987271833
0.0504
nan
0.0
 
2019-05-07T15:43:49,765775160+02:00
57.013942
9.987271833
0.1728
nan
0.0
 
2019-05-07T15:43:50,146017483+02:00
57.013942167
9.987272833
0.2664
nan
0.0
 
2019-05-07T15:43:50,343336076+02:00
57.013941833
9.987273167
0.1044
nan
0.0
 
2019-05-07T15:43:50,734148359+02:00
57.013942
9.987274
0.1872
nan
0.0
 
2019-05-07T15:43:51,145292903+02:00
57.013942833
9.987274167
0.3564
nan
0.0
 
2019-05-07T15:43:51,541284862+02:00
57.013943333
9.9872745
0.2448
nan
0.0
 
