
2019-05-11T17:48:24,750407791+02:00
57.013926167
9.987095333
0.1908
nan
0.0
 
2019-05-11T17:48:24,925029956+02:00
57.013926667
9.987095667
0.1044
nan
0.0
 
2019-05-11T17:48:25,122825705+02:00
57.013927
9.987095333
0.18
nan
0.0
 
2019-05-11T17:48:25,323996798+02:00
57.013927667
9.987095
0.3384
nan
0.0
 
2019-05-11T17:48:25,523916549+02:00
57.013928167
9.987095
0.36
nan
0.0
 
2019-05-11T17:48:25,722817495+02:00
57.013928833
9.987094167
0.5184
nan
0.0
 
2019-05-11T17:48:25,922916001+02:00
57.0139295
9.9870935
0.6372
nan
0.0
 
2019-05-11T17:48:26,119658390+02:00
57.013930167
9.987092833
0.72
nan
0.0
 
2019-05-11T17:48:26,321073611+02:00
57.013931
9.987092
0.8676
nan
0.0
 
2019-05-11T17:48:26,525030535+02:00
57.013931833
9.9870915
0.9144
nan
0.0
 
2019-05-11T17:48:26,726162814+02:00
57.0139325
9.9870905
0.9756
nan
0.0
 
2019-05-11T17:48:26,925704541+02:00
57.013933
9.987089667
0.99
nan
0.0
 
2019-05-11T17:48:27,122565822+02:00
57.0139335
9.987088667
1.0368
nan
0.0
 
2019-05-11T17:48:27,324482291+02:00
57.013934167
9.9870885
0.972
nan
0.0
 
2019-05-11T17:48:27,516805839+02:00
57.013934667
9.987087333
1.0548
nan
0.0
 
2019-05-11T17:48:27,722264721+02:00
57.013935333
9.987085833
1.1268
nan
0.0
 
2019-05-11T17:48:27,917192678+02:00
57.013935667
9.9870845
1.1556
nan
0.0
 
2019-05-11T17:48:28,121030415+02:00
57.013936167
9.987083833
1.1556
nan
0.0
 
2019-05-11T17:48:28,316333970+02:00
57.013936
9.987084
1.008
nan
0.0
 
2019-05-11T17:48:28,520854231+02:00
57.013935667
9.987084167
0.8784
nan
0.0
 
2019-05-11T17:48:28,718923841+02:00
57.013935667
9.987084
0.7668
nan
0.0
 
2019-05-11T17:48:28,916196081+02:00
57.013936167
9.9870835
0.7956
nan
0.0
 
2019-05-11T17:48:29,116395385+02:00
57.0139365
9.9870835
0.7236
nan
0.0
 
2019-05-11T17:48:29,320041600+02:00
57.0139365
9.987083667
0.6588
nan
0.0
 
2019-05-11T17:48:29,517232163+02:00
57.013936333
9.987083667
0.6192
nan
0.0
 
2019-05-11T17:48:29,719296611+02:00
57.013936167
9.987083667
0.5364
nan
0.0
 
2019-05-11T17:48:29,917850391+02:00
57.013936
9.987083833
0.4824
nan
0.0
 
2019-05-11T17:48:30,118830517+02:00
57.013937167
9.9870855
0.4248
nan
0.0
 
2019-05-11T17:48:30,322431233+02:00
57.0139375
9.987086
0.4068
nan
0.0
 
2019-05-11T17:48:30,520488675+02:00
57.013937333
9.9870865
0.3348
nan
0.0
 
2019-05-11T17:48:30,719860129+02:00
57.013937167
9.987086667
0.324
nan
0.0
 
2019-05-11T17:48:30,919270728+02:00
57.0139375
9.987086333
0.3456
nan
0.0
 
2019-05-11T17:48:31,136578970+02:00
57.0139375
9.987084833
0.4248
nan
0.0
 
2019-05-11T17:48:31,321773611+02:00
57.013937667
9.987084833
0.3816
nan
0.0
 
2019-05-11T17:48:31,522019782+02:00
57.013939
9.987086167
0.4104
nan
0.0
 
2019-05-11T17:48:31,724857543+02:00
57.0139405
9.987087
0.486
nan
0.0
 
2019-05-11T17:48:31,922582104+02:00
57.013941
9.987088833
0.4248
nan
0.0
 
2019-05-11T17:48:32,122697696+02:00
57.0139415
9.987090833
0.3924
nan
0.0
 
2019-05-11T17:48:32,319352969+02:00
57.0139415
9.987091
0.3132
nan
0.0
 
2019-05-11T17:48:32,523865877+02:00
57.013942
9.987092167
0.3132
nan
0.0
 
2019-05-11T17:48:32,721106507+02:00
57.013942833
9.987093667
0.3924
nan
0.0
 
2019-05-11T17:48:32,923450252+02:00
57.013943
9.987096333
0.4392
nan
0.0
 
2019-05-11T17:48:33,129061740+02:00
57.013943333
9.987099833
0.6228
nan
0.0
 
2019-05-11T17:48:33,330743267+02:00
57.013943333
9.987102
0.7272
nan
0.0
 
2019-05-11T17:48:33,524885033+02:00
57.0139435
9.987104333
0.8388
nan
0.0
 
2019-05-11T17:48:33,724413156+02:00
57.013943333
9.987106333
0.8928
nan
0.0
 
2019-05-11T17:48:33,918181652+02:00
57.013944333
9.987106333
0.8496
nan
0.0
 
2019-05-11T17:48:34,122165370+02:00
57.013945
9.987104667
0.6948
nan
0.0
 
2019-05-11T17:48:34,318108584+02:00
57.013945667
9.987103667
0.6408
nan
0.0
 
2019-05-11T17:48:34,523734080+02:00
57.0139455
9.987102
0.4932
nan
0.0
 
2019-05-11T17:48:34,717853065+02:00
57.013944833
9.987099333
0.342
nan
0.0
 
2019-05-11T17:48:34,921586902+02:00
57.013945
9.987096833
0.1836
nan
0.0
 
2019-05-11T17:48:35,120311129+02:00
57.013943333
9.987095167
0.378
nan
0.0
 
2019-05-11T17:48:35,325780596+02:00
57.013941333
9.987095333
0.7128
nan
0.0
 
2019-05-11T17:48:35,519816778+02:00
57.0139395
9.987096167
0.9828
nan
0.0
 
2019-05-11T17:48:35,718264894+02:00
57.013939833
9.9870995
1.0044
nan
0.0
 
2019-05-11T17:48:35,925736596+02:00
57.013940667
9.9871035
1.0008
nan
0.0
 
2019-05-11T17:48:36,122649079+02:00
57.013941833
9.987108
0.9828
nan
0.0
 
2019-05-11T17:48:36,318649780+02:00
57.013942333
9.987112333
1.1412
nan
0.0
 
2019-05-11T17:48:36,516768464+02:00
57.013943167
9.9871155
1.17
nan
0.0
 
2019-05-11T17:48:36,715106587+02:00
57.013944167
9.987116667
1.0836
nan
0.0
 
2019-05-11T17:48:36,914165377+02:00
57.013944
9.987118
1.1268
nan
0.0
 
2019-05-11T17:48:37,114964634+02:00
57.013942833
9.987119833
1.2528
nan
0.0
 
2019-05-11T17:48:37,315760572+02:00
57.013942667
9.987122833
1.3644
nan
0.0
 
2019-05-11T17:48:37,515083151+02:00
57.013942167
9.9871215
1.2384
nan
0.0
 
2019-05-11T17:48:37,716381781+02:00
57.013941667
9.987121333
1.242
nan
0.0
 
2019-05-11T17:48:37,918238798+02:00
57.013941333
9.987121333
1.2204
nan
0.0
 
2019-05-11T17:48:38,118342656+02:00
57.013941
9.987123
1.2708
nan
0.0
 
2019-05-11T17:48:38,317662824+02:00
57.013941
9.987126667
1.4076
nan
0.0
 
2019-05-11T17:48:38,514469826+02:00
57.013941
9.987128333
1.4364
nan
0.0
 
2019-05-11T17:48:38,715007381+02:00
57.013940833
9.987130167
1.476
nan
0.0
 
2019-05-11T17:48:38,919977162+02:00
57.013941
9.987133167
1.5336
nan
0.0
 
2019-05-11T17:48:39,117378961+02:00
57.013942
9.9871395
1.6776
nan
0.0
 
2019-05-11T17:48:39,318210090+02:00
57.013942167
9.987143667
1.7928
nan
0.0
 
2019-05-11T17:48:39,518515428+02:00
57.013942333
9.9871465
1.8756
nan
0.0
 
2019-05-11T17:48:39,721824278+02:00
57.013943
9.987149333
1.9116
nan
0.0
 
2019-05-11T17:48:39,913144228+02:00
57.013941833
9.987149167
1.9152
nan
0.0
 
2019-05-11T17:48:40,118168913+02:00
57.013940333
9.9871455
1.7712
nan
0.0
 
2019-05-11T17:48:40,318028045+02:00
57.013939333
9.987143333
1.6596
nan
0.0
 
2019-05-11T17:48:40,522316917+02:00
57.013938333
9.9871425
1.6092
nan
0.0
 
2019-05-11T17:48:40,720309246+02:00
57.013937167
9.9871395
1.5012
nan
0.0
 
2019-05-11T17:48:40,918308274+02:00
57.013935833
9.987135333
1.422
nan
0.0
 
2019-05-11T17:48:41,117839148+02:00
57.013934333
9.9871325
1.4328
nan
0.0
 
2019-05-11T17:48:41,316180326+02:00
57.013933333
9.987134
1.5516
nan
0.0
 
2019-05-11T17:48:41,514874928+02:00
57.013931833
9.987137333
1.764
nan
0.0
 
2019-05-11T17:48:41,721117284+02:00
57.013932333
9.987138333
1.6452
nan
0.0
 
2019-05-11T17:48:41,921971743+02:00
57.0139325
9.9871385
1.5264
nan
0.0
 
2019-05-11T17:48:42,316717315+02:00
57.013929833
9.987141167
1.7676
nan
0.0
 
2019-05-11T17:48:42,539200741+02:00
57.013929833
9.987142
1.6812
nan
0.0
 
2019-05-11T17:48:42,715547868+02:00
57.013928167
9.987141833
1.8
nan
0.0
 
2019-05-11T17:48:42,919840838+02:00
57.013926
9.987141333
1.9584
nan
0.0
 
2019-05-11T17:48:43,117122570+02:00
57.013926
9.987142667
1.8936
nan
0.0
 
2019-05-11T17:48:43,319933657+02:00
57.013925167
9.987143833
1.9404
nan
0.0
 
2019-05-11T17:48:43,517833692+02:00
57.013924833
9.9871465
1.9836
nan
0.0
 
2019-05-11T17:48:43,720261447+02:00
57.0139265
9.987150667
1.854
nan
0.0
 
2019-05-11T17:48:43,924064349+02:00
57.0139255
9.987152833
1.998
nan
0.0
 
2019-05-11T17:48:44,127388586+02:00
57.013925167
9.987156167
2.0808
nan
0.0
 
2019-05-11T17:48:44,322396947+02:00
57.0139265
9.987160667
2.0088
nan
0.0
 
2019-05-11T17:48:44,521377179+02:00
57.013930167
9.9871675
1.8756
nan
0.0
 
2019-05-11T17:48:44,719351611+02:00
57.013930667
9.987172667
1.9764
nan
0.0
 
2019-05-11T17:48:44,925527294+02:00
57.01393
9.987175167
2.0664
nan
0.0
 
2019-05-11T17:48:45,320459865+02:00
57.0139285
9.987178
2.1492
nan
0.0
 
2019-05-11T17:48:45,516706027+02:00
57.0139275
9.987176667
2.088
nan
0.0
 
2019-05-11T17:48:45,728526350+02:00
57.013925833
9.987174333
2.07
nan
0.0
 
2019-05-11T17:48:45,916985399+02:00
57.013924167
9.987172667
2.0844
nan
0.0
 
2019-05-11T17:48:46,123762600+02:00
57.013924
9.987174167
2.052
nan
0.0
 
2019-05-11T17:48:46,317361959+02:00
57.013922833
9.987173667
2.0628
nan
0.0
 
2019-05-11T17:48:46,524015238+02:00
57.013921333
9.98717
2.0016
nan
0.0
 
2019-05-11T17:48:46,724574178+02:00
57.013923667
9.987171667
1.7172
nan
0.0
 
2019-05-11T17:48:46,919754437+02:00
57.0139255
9.9871735
1.53
nan
0.0
 
2019-05-11T17:48:47,127809058+02:00
57.013925167
9.987172167
1.4616
nan
0.0
 
2019-05-11T17:48:47,326126034+02:00
57.013925333
9.987169333
1.296
nan
0.0
 
2019-05-11T17:48:47,518592067+02:00
57.013926333
9.987169333
1.1556
nan
0.0
 
2019-05-11T17:48:47,721989709+02:00
57.013926167
9.9871715
1.1916
nan
0.0
 
2019-05-11T17:48:47,919540769+02:00
57.013927667
9.987177333
1.2888
nan
0.0
 
2019-05-11T17:48:48,120323040+02:00
57.013928667
9.987181333
1.3644
nan
0.0
 
2019-05-11T17:48:48,314326496+02:00
57.013928833
9.987182
1.332
nan
0.0
 
2019-05-11T17:48:48,518939898+02:00
57.013931333
9.987184167
1.242
nan
0.0
 
2019-05-11T17:48:48,717229958+02:00
57.0139345
9.987186667
1.1844
nan
0.0
 
2019-05-11T17:48:48,916891842+02:00
57.013936
9.987188167
1.2168
nan
0.0
 
2019-05-11T17:48:49,115391883+02:00
57.013935833
9.987187833
1.1664
nan
0.0
 
2019-05-11T17:48:49,316664179+02:00
57.013936167
9.987188167
1.1628
nan
0.0
 
2019-05-11T17:48:49,515414790+02:00
57.013935833
9.987188833
1.1124
nan
0.0
 
2019-05-11T17:48:49,718199221+02:00
57.0139355
9.987190333
1.134
nan
0.0
 
2019-05-11T17:48:49,914765883+02:00
57.013936167
9.987194833
1.2888
nan
0.0
 
2019-05-11T17:48:50,117646693+02:00
57.013937
9.9871965
1.2924
nan
0.0
 
2019-05-11T17:48:50,326237134+02:00
57.013937667
9.987195833
1.1412
nan
0.0
 
2019-05-11T17:48:50,518109877+02:00
57.013938
9.987189833
0.7452
nan
0.0
 
2019-05-11T17:48:50,714189560+02:00
57.0139405
9.987188833
1.0332
nan
0.0
 
2019-05-11T17:48:50,914064428+02:00
57.013943667
9.9871875
1.6344
nan
0.0
 
2019-05-11T17:48:51,114467780+02:00
57.013946667
9.987189833
2.016
nan
0.0
 
2019-05-11T17:48:51,323099033+02:00
57.013947833
9.987192
1.8936
nan
0.0
 
2019-05-11T17:48:51,520268222+02:00
57.0139465
9.987193167
1.4004
nan
0.0
 
2019-05-11T17:48:51,715206280+02:00
57.013945167
9.987193167
1.458
nan
0.0
 
2019-05-11T17:48:51,916042445+02:00
57.013945833
9.987193333
1.6488
nan
0.0
 
2019-05-11T17:48:52,118246327+02:00
57.013946833
9.9871945
1.7568
nan
0.0
 
2019-05-11T17:48:52,316745527+02:00
57.013947833
9.987195333
1.7028
nan
0.0
 
2019-05-11T17:48:52,521009276+02:00
57.013949333
9.987195667
1.6272
nan
0.0
 
2019-05-11T17:48:52,718202706+02:00
57.0139505
9.9871955
1.5192
nan
0.0
 
2019-05-11T17:48:52,921803215+02:00
57.013951167
9.987195333
1.314
nan
0.0
 
2019-05-11T17:48:53,119081440+02:00
57.0139525
9.987196667
1.4004
nan
0.0
 
2019-05-11T17:48:53,318950280+02:00
57.013955333
9.987199
1.836
nan
0.0
 
2019-05-11T17:48:53,512770314+02:00
57.013957167
9.987201667
1.7136
nan
0.0
 
2019-05-11T17:48:53,718186853+02:00
57.013959833
9.987205667
2.0376
nan
0.0
 
2019-05-11T17:48:53,914798297+02:00
57.0139635
9.98721
2.5884
nan
0.0
 
2019-05-11T17:48:54,114335302+02:00
57.013967167
9.987214167
3.168
nan
0.0
 
2019-05-11T17:48:54,309860589+02:00
57.013971
9.9872165
3.7512
nan
0.0
 
2019-05-11T17:48:54,514060037+02:00
57.013974333
9.9872185
4.0032
nan
0.0
 
2019-05-11T17:48:54,709159820+02:00
57.013975833
9.987218333
3.8844
nan
0.0
 
2019-05-11T17:48:54,917115950+02:00
57.0139775
9.987216833
3.8808
nan
0.0
 
2019-05-11T17:48:55,109176299+02:00
57.013981167
9.987216
4.338
nan
0.0
 
2019-05-11T17:48:55,322576101+02:00
57.013982333
9.9872135
4.1184
nan
0.0
 
2019-05-11T17:48:55,512794327+02:00
57.013982333
9.987213167
3.6864
nan
0.0
 
2019-05-11T17:48:55,714014155+02:00
57.0139845
9.987216
3.7116
nan
0.0
 
2019-05-11T17:48:55,919287720+02:00
57.013986
9.987219667
3.5136
nan
0.0
 
2019-05-11T17:48:56,119233115+02:00
57.013987833
9.987223333
3.3408
nan
0.0
 
2019-05-11T17:48:56,315219644+02:00
57.013991167
9.9872265
3.6828
nan
0.0
 
2019-05-11T17:48:56,510996659+02:00
57.013995833
9.987229333
4.3524
nan
0.0
 
2019-05-11T17:48:56,712713273+02:00
57.013998667
9.987232
4.5036
nan
0.0
 
2019-05-11T17:48:56,917656527+02:00
57.014000833
9.987234
4.41
nan
0.0
 
2019-05-11T17:48:57,112765414+02:00
57.014001
9.987236333
3.8664
nan
0.0
 
2019-05-11T17:48:57,313210670+02:00
57.014001
9.9872395
3.3156
nan
0.0
 
2019-05-11T17:48:57,514798830+02:00
57.014001833
9.9872425
3.1716
nan
0.0
 
2019-05-11T17:48:57,716699193+02:00
57.014003667
9.987245167
3.1824
nan
0.0
 
2019-05-11T17:48:57,911174064+02:00
57.014005167
9.9872485
3.0852
nan
0.0
 
2019-05-11T17:48:58,113375886+02:00
57.014007
9.9872515
3.0312
nan
0.0
 
2019-05-11T17:48:58,316264445+02:00
57.0140055
9.987251
2.4696
nan
0.0
 
2019-05-11T17:48:58,513903003+02:00
57.014005833
9.987251667
2.2572
nan
0.0
 
2019-05-11T17:48:58,712163707+02:00
57.0140075
9.9872525
2.376
nan
0.0
 
2019-05-11T17:48:59,510455044+02:00
57.014015833
9.987253167
2.7144
nan
0.0
 
2019-05-11T17:48:59,709875288+02:00
57.0140215
9.9872515
3.1788
nan
0.0
 
2019-05-11T17:48:59,912693607+02:00
57.0140295
9.987249
4.0104
nan
0.0
 
2019-05-11T17:49:00,116023998+02:00
57.014032167
9.987247667
3.87
nan
0.0
 
2019-05-11T17:49:00,315631654+02:00
57.014025833
9.987248
2.1888
nan
0.0
 
2019-05-11T17:49:00,509353509+02:00
57.014021667
9.987247667
1.0836
nan
0.0
 
2019-05-11T17:49:00,711311702+02:00
57.014013667
9.987248
0.9216
nan
0.0
 
2019-05-11T17:49:00,915647692+02:00
57.014007
9.987248
2.1744
nan
0.0
 
2019-05-11T17:49:01,112840595+02:00
57.0140055
9.9872475
2.4192
nan
0.0
 
2019-05-11T17:49:01,334201032+02:00
57.014007167
9.9872465
2.1132
nan
0.0
 
2019-05-11T17:49:01,516657357+02:00
57.014009667
9.987243667
1.6956
nan
0.0
 
2019-05-11T17:49:01,716784984+02:00
57.014011167
9.9872415
1.3968
nan
0.0
 
2019-05-11T17:49:01,908240855+02:00
57.014005
9.987239833
2.3112
nan
0.0
 
2019-05-11T17:49:02,122353953+02:00
57.014000667
9.9872375
2.952
nan
0.0
 
2019-05-11T17:49:02,314467517+02:00
57.014002167
9.987234667
2.5344
nan
0.0
 
2019-05-11T17:49:02,522704337+02:00
57.014005833
9.9872325
1.8684
nan
0.0
 
2019-05-11T17:49:02,709942553+02:00
57.014012333
9.987231167
0.8424
nan
0.0
 
2019-05-11T17:49:02,916195583+02:00
57.014018333
9.987229667
0.4536
nan
0.0
 
2019-05-11T17:49:03,119708308+02:00
57.014036667
9.9872295
2.9268
nan
0.0
 
2019-05-11T17:49:04,706477028+02:00
57.014046333
9.987226333
2.4732
nan
0.0
 
2019-05-11T17:49:04,910074811+02:00
57.014034833
9.987224167
0.5868
nan
0.0
 
2019-05-11T17:49:05,108553335+02:00
57.014025667
9.987222333
0.8316
nan
0.0
 
2019-05-11T17:49:05,308783224+02:00
57.014025333
9.987223333
0.99
nan
0.0
 
2019-05-11T17:49:05,515129584+02:00
57.014031333
9.987225167
0.4284
nan
0.0
 
2019-05-11T17:49:05,711049987+02:00
57.014043167
9.987229
1.35
nan
0.0
 
2019-05-11T17:49:05,910262920+02:00
57.014050167
9.987231
2.1492
nan
0.0
 
2019-05-11T17:49:06,117662824+02:00
57.014056
9.987230833
2.8296
nan
0.0
 
2019-05-11T17:49:09,911240613+02:00
57.014067333
9.987234667
1.2492
nan
0.0
 
2019-05-11T17:49:10,109135834+02:00
57.0140625
9.987222667
1.044
nan
0.0
 
2019-05-11T17:49:10,312745073+02:00
57.014057
9.987209833
0.8136
nan
0.0
 
2019-05-11T17:49:10,511688920+02:00
57.014044667
9.987197667
0.666
nan
0.0
 
2019-05-11T17:49:10,711347031+02:00
57.014041167
9.9871865
0.7524
nan
0.0
 
2019-05-11T17:49:10,911799360+02:00
57.014049
9.987175
1.0512
nan
0.0
 
2019-05-11T17:49:11,112363668+02:00
57.014051833
9.987168667
1.404
nan
0.0
 
2019-05-11T17:49:11,318474139+02:00
57.014058667
9.987173833
1.7244
nan
0.0
 
2019-05-11T17:49:11,508811751+02:00
57.014057
9.987171
1.5552
nan
0.0
 
2019-05-11T17:49:11,715090879+02:00
57.014054667
9.987158833
1.6776
nan
0.0
 
2019-05-11T17:49:11,920282333+02:00
57.014064167
9.987146667
2.8332
nan
0.0
 
2019-05-11T17:49:12,115137121+02:00
57.014062
9.9871445
2.5596
nan
0.0
 
2019-05-11T17:49:12,312444539+02:00
57.014071333
9.987154833
2.9664
nan
0.0
 
2019-05-11T17:49:12,511921696+02:00
57.0140695
9.987152167
2.736
nan
0.0
 
2019-05-11T17:49:12,708430984+02:00
57.014062667
9.987149
2.0124
nan
0.0
 
2019-05-11T17:49:12,910314206+02:00
57.014065167
9.987151667
2.124
nan
0.0
 
2019-05-11T17:49:13,110105257+02:00
57.014076333
9.987157667
3.168
nan
0.0
 
2019-05-11T17:49:13,316330803+02:00
57.014072667
9.987160667
2.6388
nan
0.0
 
2019-05-11T17:49:13,509888686+02:00
57.014070167
9.9871605
2.3076
nan
0.0
 
2019-05-11T17:49:13,709958439+02:00
57.014073833
9.987161
2.6928
nan
0.0
 
2019-05-11T17:49:13,908626748+02:00
57.0140765
9.987161833
2.9844
nan
0.0
 
2019-05-11T17:49:14,111309323+02:00
57.014083833
9.9871635
3.8124
nan
0.0
 
2019-05-11T17:49:14,308038169+02:00
57.0140845
9.987164
3.8736
nan
0.0
 
2019-05-11T17:49:14,512262860+02:00
57.014085
9.987164333
3.9276
nan
0.0
 
2019-05-11T17:49:14,712436691+02:00
57.0140845
9.987163833
3.7692
nan
0.0
 
2019-05-11T17:49:14,912319264+02:00
57.014082333
9.987163667
3.3912
nan
0.0
 
2019-05-11T17:49:15,111379425+02:00
57.014079167
9.987161833
2.952
nan
0.0
 
2019-05-11T17:49:15,316311646+02:00
57.014073833
9.987156167
2.3652
nan
0.0
 
2019-05-11T17:49:15,509835408+02:00
57.014068833
9.987151
1.872
nan
0.0
 
2019-05-11T17:49:15,714163453+02:00
57.014066833
9.987149833
1.8216
nan
0.0
 
2019-05-11T17:49:15,912134735+02:00
57.014063333
9.9871495
1.4976
nan
0.0
 
2019-05-11T17:49:16,114900020+02:00
57.014061167
9.987153833
1.242
nan
0.0
 
2019-05-11T17:49:16,309740248+02:00
57.014061
9.987160667
1.4364
nan
0.0
 
2019-05-11T17:49:16,512997780+02:00
57.014059333
9.987162
1.4688
nan
0.0
 
2019-05-11T17:49:16,710581003+02:00
57.0140555
9.987160833
1.3032
nan
0.0
 
2019-05-11T17:49:16,915835856+02:00
57.014051667
9.987161167
1.4328
nan
0.0
 
2019-05-11T17:49:17,107240748+02:00
57.014051333
9.987164667
1.6812
nan
0.0
 
2019-05-11T17:49:17,314124214+02:00
57.014052167
9.987169
1.908
nan
0.0
 
2019-05-11T17:49:17,510349863+02:00
57.01405
9.987174667
2.2392
nan
0.0
 
2019-05-11T17:49:17,711804556+02:00
57.014050333
9.987181167
2.6892
nan
0.0
 
2019-05-11T17:49:17,909781252+02:00
57.014055333
9.987187667
3.0852
nan
0.0
 
2019-05-11T17:49:18,112031167+02:00
57.0140595
9.9871945
3.5748
nan
0.0
 
2019-05-11T17:49:18,312146585+02:00
57.014059333
9.987200167
3.6108
nan
0.0
 
2019-05-11T17:49:18,514516787+02:00
57.014055667
9.987202
3.222
nan
0.0
 
2019-05-11T17:49:18,713489620+02:00
57.014041667
9.987197667
2.8008
nan
0.0
 
2019-05-11T17:49:18,914691815+02:00
57.014031333
9.987195833
2.808
nan
0.0
 
2019-05-11T17:49:19,114532327+02:00
57.014029167
9.987201333
3.1284
nan
0.0
 
2019-05-11T17:49:19,314536633+02:00
57.014029
9.987207833
3.6828
nan
0.0
 
2019-05-11T17:49:19,510589163+02:00
57.014027833
9.987213833
3.9348
nan
0.0
 
2019-05-11T17:49:19,718828911+02:00
57.014023333
9.987217333
3.6288
nan
0.0
 
2019-05-11T17:49:19,907570281+02:00
57.014026
9.987224667
4.104
nan
0.0
 
2019-05-11T17:49:20,112525177+02:00
57.014032833
9.987230167
5.5692
nan
31.92
 
2019-05-11T17:49:20,314239599+02:00
57.014035667
9.987231333
6.3684
nan
28.45
 
2019-05-11T17:49:20,513371731+02:00
57.014037
9.987226667
6.966
nan
23.45
 
2019-05-11T17:49:20,711636877+02:00
57.014036
9.987221333
7.0884
nan
19.55
 
2019-05-11T17:49:20,916847346+02:00
57.01403
9.987218
6.336
nan
19.76
 
2019-05-11T17:49:21,114515642+02:00
57.014020833
9.987216333
5.1408
nan
23.71
 
2019-05-11T17:49:21,311504805+02:00
57.014014833
9.987218
4.5324
nan
0.0
 
2019-05-11T17:49:21,520130970+02:00
57.014011833
9.987223833
4.4244
nan
0.0
 
2019-05-11T17:49:21,720763066+02:00
57.0140095
9.987231667
4.7088
nan
0.0
 
2019-05-11T17:49:21,915386879+02:00
57.014003667
9.987232833
4.4532
nan
0.0
 
2019-05-11T17:49:22,115041564+02:00
57.013996
9.987231167
3.7728
nan
0.0
 
2019-05-11T17:49:22,310997793+02:00
57.013989333
9.987231333
3.5316
nan
0.0
 
2019-05-11T17:49:22,515983728+02:00
57.013984667
9.987234833
3.7008
nan
0.0
 
2019-05-11T17:49:22,708070233+02:00
57.013983167
9.987239
4.0068
nan
0.0
 
2019-05-11T17:49:22,919133596+02:00
57.013979667
9.987236
3.5208
nan
0.0
 
2019-05-11T17:49:23,120593452+02:00
57.013980167
9.9872405
3.7728
nan
0.0
 
2019-05-11T17:49:23,317104451+02:00
57.013981667
9.987244667
4.0932
nan
0.0
 
2019-05-11T17:49:23,510346803+02:00
57.013981667
9.987251667
4.482
nan
0.0
 
2019-05-11T17:49:23,711955116+02:00
57.0139855
9.987259333
5.238
nan
42.95
 
2019-05-11T17:49:23,913273834+02:00
57.013987667
9.987268333
5.8392
nan
53.52
 
2019-05-11T17:49:24,117920073+02:00
57.013990667
9.987273667
6.4368
nan
55.67
 
2019-05-11T17:49:24,314901713+02:00
57.013995333
9.98728
7.1172
nan
51.9
 
2019-05-11T17:49:24,516550087+02:00
57.013997833
9.987286833
7.4988
nan
49.78
 
2019-05-11T17:49:24,714084034+02:00
57.013999
9.987292833
7.5852
nan
49.19
 
2019-05-11T17:49:24,918419115+02:00
57.013999667
9.987299
7.488
nan
49.41
 
2019-05-11T17:49:25,115766460+02:00
57.014001
9.987304333
7.4628
nan
49.5
 
2019-05-11T17:49:25,314351229+02:00
57.014003333
9.987310333
7.7328
nan
49.07
 
2019-05-11T17:49:25,508179634+02:00
57.014004833
9.987315
7.8012
nan
49.51
 
2019-05-11T17:49:25,717542291+02:00
57.014004
9.9873185
7.5564
nan
52.06
 
2019-05-11T17:49:25,914251522+02:00
57.014003333
9.9873225
7.3008
nan
55.07
 
2019-05-11T17:49:26,122424516+02:00
57.014007333
9.987329
7.776
nan
54.03
 
2019-05-11T17:49:26,310932324+02:00
57.014011333
9.987334333
8.172
nan
50.88
 
2019-05-11T17:49:26,511747760+02:00
57.014014333
9.987339
8.3736
nan
48.19
 
2019-05-11T17:49:26,721499320+02:00
57.014015833
9.987343
8.1756
nan
46.99
 
2019-05-11T17:49:26,916575526+02:00
57.014016833
9.9873465
7.7112
nan
46.35
 
2019-05-11T17:49:27,110010547+02:00
57.014018833
9.987353333
7.5096
nan
45.78
 
2019-05-11T17:49:27,313215123+02:00
57.014023333
9.987360667
7.9092
nan
42.98
 
2019-05-11T17:49:27,512253849+02:00
57.014022833
9.9873645
7.38
nan
43.13
 
2019-05-11T17:49:27,713573761+02:00
57.014020167
9.987363833
6.372
nan
44.9
 
2019-05-11T17:49:27,912032720+02:00
57.014020167
9.987367
5.9328
nan
46.06
 
2019-05-11T17:49:28,122650141+02:00
57.014020833
9.9873705
5.7096
nan
46.37
 
2019-05-11T17:49:28,314978369+02:00
57.014021333
9.987372
5.418
nan
46.04
 
2019-05-11T17:49:28,515963392+02:00
57.014023
9.987372
5.6412
nan
45.51
 
2019-05-11T17:49:28,724053899+02:00
57.014028167
9.987368167
5.9544
nan
42.71
 
2019-05-11T17:49:28,915987691+02:00
57.014032667
9.987366167
6.1632
nan
39.59
 
2019-05-11T17:49:29,117234304+02:00
57.014033333
9.987367667
5.652
nan
40.29
 
2019-05-11T17:49:29,320978144+02:00
57.014034333
9.987368
5.0508
nan
41.98
 
2019-05-11T17:49:29,519043056+02:00
57.014037
9.987367667
4.698
nan
42.44
 
2019-05-11T17:49:29,717026901+02:00
57.0140395
9.9873665
4.4424
nan
40.71
 
2019-05-11T17:49:29,918315620+02:00
57.014038833
9.987364667
3.816
nan
0.0
 
2019-05-11T17:49:30,115580852+02:00
57.014037167
9.987363833
3.1284
nan
0.0
 
2019-05-11T17:49:30,311489627+02:00
57.014034667
9.9873625
2.2536
nan
0.0
 
2019-05-11T17:49:30,514030025+02:00
57.014031667
9.987358667
1.3896
nan
0.0
 
2019-05-11T17:49:30,715439909+02:00
57.014029667
9.987354167
0.8496
nan
0.0
 
2019-05-11T17:49:30,916803448+02:00
57.014028333
9.987353333
0.9108
nan
0.0
 
2019-05-11T17:49:31,114074255+02:00
57.014028167
9.987356
1.0656
nan
0.0
 
2019-05-11T17:49:31,313960103+02:00
57.014027167
9.987359
1.224
nan
0.0
 
2019-05-11T17:49:31,513462863+02:00
57.014024167
9.987360333
1.9296
nan
0.0
 
2019-05-11T17:49:31,713130533+02:00
57.0140225
9.987363333
2.2608
nan
0.0
 
2019-05-11T17:49:31,913248258+02:00
57.014022
9.987366167
2.2464
nan
0.0
 
