
2019-02-24T13:07:18,238476690+01:00
nan
nan
nan
nan
nan
 
2019-02-24T13:07:19,084236679+01:00
nan
nan
nan
nan
nan
 
2019-02-24T13:07:20,088014895+01:00
nan
nan
nan
nan
nan
 
2019-02-24T13:07:21,084391215+01:00
nan
nan
nan
nan
nan
 
2019-02-24T13:07:22,086022808+01:00
nan
nan
nan
nan
nan
 
2019-02-24T13:07:23,096504839+01:00
nan
nan
nan
nan
nan
 
2019-02-24T13:07:24,247330326+01:00
nan
nan
nan
nan
nan
 
2019-02-24T13:07:25,086247838+01:00
nan
nan
nan
nan
nan
 
2019-02-24T13:07:26,089207799+01:00
nan
nan
nan
nan
nan
 
2019-02-24T13:07:27,089366120+01:00
nan
nan
nan
nan
nan
 
2019-02-24T13:07:28,088368546+01:00
nan
nan
nan
nan
nan
 
2019-02-24T13:07:29,093890500+01:00
nan
nan
nan
nan
nan
 
