
2019-03-06T17:48:56,083836918+01:00
57.013822333
9.987334167
1.5624
nan
0.0
 
2019-03-06T17:48:57,082092361+01:00
57.013817448
9.987325716
1.0908
nan
4.48
 
2019-03-06T17:48:58,081882515+01:00
57.013828721
9.987323278
1.3176
nan
352.438
 
2019-03-06T17:48:59,085579508+01:00
57.013854647
9.987332437
2.052
nan
359.2841
 
2019-03-06T17:49:00,089817211+01:00
57.013875346
9.987329508
2.646
nan
348.4268
 
2019-03-06T17:49:01,085377128+01:00
57.013861509
9.987326131
1.8396
nan
354.7118
 
2019-03-06T17:49:02,080518412+01:00
57.013845472
9.987323804
1.0404
nan
6.3215
 
2019-03-06T17:49:03,093155870+01:00
57.013857786
9.987329319
1.4112
nan
5.4995
 
2019-03-06T17:49:04,087592871+01:00
57.013868499
9.987323363
1.7388
nan
347.6588
 
2019-03-06T17:49:05,086915425+01:00
57.013879128
9.987328201
1.8612
nan
356.0606
 
2019-03-06T17:49:06,089378553+01:00
57.013885627
9.987330505
1.8648
nan
0.6235
 
2019-03-06T17:49:07,091839870+01:00
57.013899852
9.987332299
2.1132
nan
357.5518
 
2019-03-06T17:49:08,085003485+01:00
57.013908782
9.987351766
2.3508
nan
22.6357
 
2019-03-06T17:49:09,090757772+01:00
57.013909543
9.987353377
2.1852
nan
24.7352
 
2019-03-06T17:49:10,081824645+01:00
57.013927651
9.987350309
2.3976
48.562
7.5319
 
2019-03-06T17:49:11,084371808+01:00
57.013917676
9.987324113
2.394
49.152
340.4903
 
2019-03-06T17:49:12,096803379+01:00
57.013930492
9.987317107
2.664
49.012
335.453
 
2019-03-06T17:49:13,085143364+01:00
57.013941257
9.987307242
3.168
49.379
335.2469
 
2019-03-06T17:49:14,083414781+01:00
57.013961961
9.987311074
3.5136
49.444
344.1066
 
2019-03-06T17:49:15,087557637+01:00
57.013967262
9.98730904
3.4344
49.418
348.7072
 
2019-03-06T17:49:16,084050547+01:00
57.013970904
9.987283882
3.7908
49.251
334.1136
 
2019-03-06T17:49:17,094638759+01:00
57.013953834
9.987261759
3.1896
49.113
324.6558
 
2019-03-06T17:49:18,084648573+01:00
57.013947614
9.987243941
3.0996
49.17
320.1148
 
2019-03-06T17:49:19,088966131+01:00
57.013933856
9.987231333
2.4588
49.079
314.3917
 
2019-03-06T17:49:20,084872105+01:00
57.013931063
9.987231449
1.9188
49.162
324.1505
 
2019-03-06T17:49:21,087199361+01:00
57.013926178
9.987224282
1.692
49.264
323.4164
 
2019-03-06T17:49:22,084906624+01:00
57.013913712
9.987220408
1.1916
49.474
328.6793
 
2019-03-06T17:49:23,085545042+01:00
57.013915687
9.987209518
1.5444
49.617
323.684
 
2019-03-06T17:49:24,080653723+01:00
57.013937417
9.987217307
2.0628
49.787
344.6104
 
2019-03-06T17:49:25,085602493+01:00
57.01394051
9.987220814
1.8288
49.79
352.2479
 
2019-03-06T17:49:26,094172554+01:00
57.013941431
9.987229406
2.1132
50.117
4.4571
 
2019-03-06T17:49:27,093863635+01:00
57.013926057
9.987227021
1.5876
50.155
8.3664
 
2019-03-06T17:49:28,080956892+01:00
57.013903976
9.987209307
1.17
50.178
332.3971
 
