
2019-05-07T15:24:19,636674424+02:00
57.0139805
9.9871665
0.0828
nan
0.0
 
2019-05-07T15:24:19,837972060+02:00
57.0139805
9.987166333
0.1152
nan
0.0
 
2019-05-07T15:24:20,037520957+02:00
57.013980333
9.987166167
0.1476
nan
0.0
 
2019-05-07T15:24:20,239031004+02:00
57.013980333
9.987166167
0.0936
nan
0.0
 
2019-05-07T15:24:20,432206430+02:00
57.013980167
9.987166167
0.0504
nan
0.0
 
2019-05-07T15:24:20,636054048+02:00
57.01398
9.987165833
0.3348
nan
0.0
 
2019-05-07T15:24:20,833574733+02:00
57.013979833
9.987166
0.1692
nan
0.0
 
2019-05-07T15:24:21,037655523+02:00
57.013980167
9.9871665
0.2916
nan
0.0
 
2019-05-07T15:24:21,237382245+02:00
57.01398
9.987166167
0.144
nan
0.0
 
2019-05-07T15:24:21,439304093+02:00
57.013980167
9.987166333
0.0324
nan
0.0
 
2019-05-07T15:24:21,636937082+02:00
57.01398
9.987166167
0.1116
nan
0.0
 
2019-05-07T15:24:21,832630198+02:00
57.013980167
9.9871665
0.3276
nan
0.0
 
2019-05-07T15:24:22,040419746+02:00
57.013979667
9.987166
0.3852
nan
0.0
 
2019-05-07T15:24:22,238822918+02:00
57.013979667
9.987165667
0.3492
nan
0.0
 
2019-05-07T15:24:22,435728663+02:00
57.0139795
9.9871655
0.2376
nan
0.0
 
2019-05-07T15:24:22,639651407+02:00
57.013979167
9.9871655
0.4248
nan
0.0
 
2019-05-07T15:24:22,835358916+02:00
57.013979333
9.9871655
0.1512
nan
0.0
 
2019-05-07T15:24:23,039756278+02:00
57.0139795
9.987165667
0.2304
nan
0.0
 
2019-05-07T15:24:23,232344460+02:00
57.013979833
9.987166
0.126
nan
0.0
 
2019-05-07T15:24:23,436884711+02:00
57.013979833
9.987165833
0.432
nan
0.0
 
2019-05-07T15:24:23,635466118+02:00
57.013979667
9.9871655
0.3996
nan
0.0
 
2019-05-07T15:24:23,840665883+02:00
57.013979667
9.9871655
0.1404
nan
0.0
 
2019-05-07T15:24:24,038664690+02:00
57.0139795
9.987165167
0.4032
nan
0.0
 
2019-05-07T15:24:24,239833243+02:00
57.013979833
9.987165167
0.2592
nan
0.0
 
2019-05-07T15:24:24,436181159+02:00
57.013980167
9.9871655
0.1152
nan
0.0
 
2019-05-07T15:24:24,641742126+02:00
57.013980667
9.987166
0.2628
nan
0.0
 
2019-05-07T15:24:25,042949108+02:00
57.013980667
9.987166333
0.1872
nan
0.0
 
2019-05-07T15:24:25,453547943+02:00
57.0139815
9.987167667
0.3816
nan
0.0
 
2019-05-07T15:24:25,848276962+02:00
57.013981667
9.987168333
0.108
nan
0.0
 
2019-05-07T15:24:26,245118405+02:00
57.013981833
9.987168667
0.2016
nan
0.0
 
2019-05-07T15:24:26,456890273+02:00
57.013982167
9.987169167
0.054
nan
0.0
 
2019-05-07T15:24:26,850891288+02:00
57.013983
9.9871705
0.3348
nan
0.0
 
2019-05-07T15:24:27,061142744+02:00
57.013983
9.987170667
0.0468
nan
0.0
 
2019-05-07T15:24:27,449972649+02:00
57.013983
9.987170667
0.3924
nan
0.0
 
2019-05-07T15:24:27,684158291+02:00
57.013983
9.987170833
0.1512
nan
0.0
 
2019-05-07T15:24:28,047389068+02:00
57.013982833
9.987170833
0.1224
nan
0.0
 
2019-05-07T15:24:28,261535763+02:00
57.013983
9.987171
0.3816
nan
0.0
 
2019-05-07T15:24:28,646486742+02:00
57.013983
9.987171
0.144
nan
0.0
 
2019-05-07T15:24:29,048608064+02:00
57.013983
9.987171
0.3024
nan
0.0
 
2019-05-07T15:24:29,255854517+02:00
57.013983167
9.987171333
0.1224
nan
0.0
 
2019-05-07T15:24:29,475690353+02:00
57.0139835
9.987171333
0.1224
nan
0.0
 
2019-05-07T15:24:29,853397106+02:00
57.0139835
9.9871715
0.1836
nan
0.0
 
2019-05-07T15:24:30,245834920+02:00
57.013983
9.987170833
0.3996
nan
0.0
 
2019-05-07T15:24:30,645732416+02:00
57.013983333
9.987171
0.306
nan
0.0
 
2019-05-07T15:24:30,878647923+02:00
57.013983
9.987171
0.1548
nan
0.0
 
2019-05-07T15:24:31,241999637+02:00
57.013983
9.9871705
0.1008
nan
0.0
 
2019-05-07T15:24:31,459352917+02:00
57.013983167
9.987170833
0.1584
nan
0.0
 
2019-05-07T15:24:31,648028828+02:00
57.013983167
9.987170833
0.1584
nan
0.0
 
2019-05-07T15:24:32,047785843+02:00
57.0139835
9.987171333
0.108
nan
0.0
 
2019-05-07T15:24:32,449512545+02:00
57.013983833
9.987171667
0.0756
nan
0.0
 
2019-05-07T15:24:32,840929653+02:00
57.013983667
9.987172
0.1368
nan
0.0
 
2019-05-07T15:24:33,044510205+02:00
57.013983333
9.987171667
0.2304
nan
0.0
 
2019-05-07T15:24:33,259616056+02:00
57.013983167
9.987171167
0.2196
nan
0.0
 
2019-05-07T15:24:33,653477057+02:00
57.013982833
9.987170833
0.2412
nan
0.0
 
2019-05-07T15:24:33,847633705+02:00
57.013982833
9.987170667
0.144
nan
0.0
 
2019-05-07T15:24:34,250156453+02:00
57.013982833
9.987170667
0.144
nan
0.0
 
2019-05-07T15:24:34,666542949+02:00
57.013982667
9.987170667
0.0612
nan
0.0
 
2019-05-07T15:24:35,059369576+02:00
57.013982333
9.987170167
0.144
nan
0.0
 
2019-05-07T15:24:35,285483016+02:00
57.013982667
9.98717
0.2952
nan
0.0
 
2019-05-07T15:24:35,659481398+02:00
57.0139825
9.987169833
0.0792
nan
0.0
 
2019-05-07T15:24:36,064829149+02:00
57.013982833
9.987169833
0.2772
nan
0.0
 
2019-05-07T15:24:36,444332469+02:00
57.013983
9.987169667
0.1944
nan
0.0
 
2019-05-07T15:24:36,680417772+02:00
57.013982833
9.9871695
0.072
nan
0.0
 
2019-05-07T15:24:37,047131951+02:00
57.013982833
9.987169333
0.072
nan
0.0
 
2019-05-07T15:24:37,450341205+02:00
57.013982833
9.987169667
0.1404
nan
0.0
 
2019-05-07T15:24:37,650866486+02:00
57.013982833
9.987169667
0.1584
nan
0.0
 
2019-05-07T15:24:37,879797764+02:00
57.013982667
9.987169667
0.0468
nan
0.0
 
2019-05-07T15:24:38,257774091+02:00
57.013982667
9.9871695
0.3384
nan
0.0
 
2019-05-07T15:24:38,657458411+02:00
57.013982333
9.987169
0.0288
nan
0.0
 
2019-05-07T15:24:38,885581823+02:00
57.013982167
9.987168833
0.2016
nan
0.0
 
2019-05-07T15:24:39,256140415+02:00
57.013981667
9.987168333
0.1044
nan
0.0
 
2019-05-07T15:24:39,450352418+02:00
57.013981833
9.9871685
0.2736
nan
0.0
 
2019-05-07T15:24:39,866137931+02:00
57.013981667
9.987168333
0.1116
nan
0.0
 
2019-05-07T15:24:40,083623140+02:00
57.013981667
9.987168167
0.0828
nan
0.0
 
2019-05-07T15:24:40,451852594+02:00
57.0139815
9.987168167
0.0396
nan
0.0
 
2019-05-07T15:24:40,676257683+02:00
57.0139815
9.987168167
0.126
nan
0.0
 
2019-05-07T15:24:41,057345903+02:00
57.0139815
9.987167833
0.1044
nan
0.0
 
2019-05-07T15:24:41,449371647+02:00
57.013981667
9.987167833
0.2376
nan
0.0
 
2019-05-07T15:24:41,855509035+02:00
57.013981833
9.987168333
0.036
nan
0.0
 
2019-05-07T15:24:42,251618079+02:00
57.013982
9.987168667
0.1692
nan
0.0
 
2019-05-07T15:24:42,658956523+02:00
57.013982333
9.987168667
0.1476
nan
0.0
 
2019-05-07T15:24:42,850563046+02:00
57.013982167
9.987168667
0.0396
nan
0.0
 
2019-05-07T15:24:43,255636349+02:00
57.013982667
9.987169
0.1944
nan
0.0
 
2019-05-07T15:24:43,453599897+02:00
57.013983167
9.987169333
0.5004
nan
0.0
 
2019-05-07T15:24:43,681603339+02:00
57.013983167
9.987169
0.0756
nan
0.0
 
2019-05-07T15:24:43,877683188+02:00
57.0139835
9.987169167
0.3708
nan
0.0
 
2019-05-07T15:24:44,252436534+02:00
57.013983333
9.987169
0.1584
nan
0.0
 
2019-05-07T15:24:44,457977184+02:00
57.013983333
9.987169
0.0432
nan
0.0
 
2019-05-07T15:24:44,860514845+02:00
57.013983333
9.987168833
0.0504
nan
0.0
 
2019-05-07T15:24:45,080444854+02:00
57.0139835
9.9871685
0.0792
nan
0.0
 
2019-05-07T15:24:45,466835606+02:00
57.0139835
9.987168333
0.1188
nan
0.0
 
2019-05-07T15:24:45,862348006+02:00
57.013983333
9.987168167
0.1692
nan
0.0
 
2019-05-07T15:24:46,271065352+02:00
57.0139835
9.987168167
0.0504
nan
0.0
 
2019-05-07T15:24:46,464552963+02:00
57.0139835
9.987168333
0.0864
nan
0.0
 
2019-05-07T15:24:46,861868931+02:00
57.013983667
9.987168167
0.1188
nan
0.0
 
2019-05-07T15:24:47,263893634+02:00
57.013983833
9.987168167
0.0468
nan
0.0
 
2019-05-07T15:24:47,667002470+02:00
57.013984
9.987168
0.0576
nan
0.0
 
2019-05-07T15:24:48,053207758+02:00
57.013984167
9.987167833
0.0756
nan
0.0
 
2019-05-07T15:24:48,463393355+02:00
57.0139845
9.9871675
0.0396
nan
0.0
 
2019-05-07T15:24:48,861869125+02:00
57.013984833
9.987167333
0.0792
nan
0.0
 
2019-05-07T15:24:49,272588738+02:00
57.013985333
9.987167333
0.1872
nan
0.0
 
2019-05-07T15:24:49,663707638+02:00
57.013985333
9.987167
0.036
nan
0.0
 
2019-05-07T15:24:50,061460660+02:00
57.0139855
9.9871665
0.0648
nan
0.0
 
2019-05-07T15:24:50,447758629+02:00
57.0139855
9.987166167
0.126
nan
0.0
 
2019-05-07T15:24:50,649653106+02:00
57.013985667
9.987166167
0.0396
nan
0.0
 
2019-05-07T15:24:50,866300251+02:00
57.013985667
9.987165667
0.144
nan
0.0
 
2019-05-07T15:24:51,252500902+02:00
57.013985833
9.9871655
0.2592
nan
0.0
 
2019-05-07T15:24:51,482710452+02:00
57.013986167
9.987165833
0.2664
nan
0.0
 
2019-05-07T15:24:51,829012455+02:00
57.013986667
9.987165667
0.1512
nan
0.0
 
2019-05-07T15:24:52,229570925+02:00
57.0139865
9.987165333
0.1692
nan
0.0
 
2019-05-07T15:24:52,625882095+02:00
57.013986833
9.987165167
0.1368
nan
0.0
 
2019-05-07T15:24:53,020697424+02:00
57.0139875
9.987165167
0.0828
nan
0.0
 
2019-05-07T15:24:53,237831010+02:00
57.0139875
9.987165
0.018
nan
0.0
 
2019-05-07T15:24:53,602142238+02:00
57.013988
9.9871645
0.0612
nan
0.0
 
2019-05-07T15:24:54,008702302+02:00
57.013988167
9.987164
0.054
nan
0.0
 
2019-05-07T15:24:54,397723081+02:00
57.013988333
9.987163333
0.2556
nan
0.0
 
2019-05-07T15:24:54,631768943+02:00
57.013988333
9.987163167
0.1944
nan
0.0
 
2019-05-07T15:24:54,988784047+02:00
57.0139885
9.987162667
0.1404
nan
0.0
 
2019-05-07T15:24:55,224948487+02:00
57.013988667
9.987162667
0.0756
nan
0.0
 
2019-05-07T15:24:55,601633301+02:00
57.013988667
9.987161667
0.2448
nan
0.0
 
2019-05-07T15:24:55,981664177+02:00
57.013988833
9.987161167
0.0324
nan
0.0
 
2019-05-07T15:24:56,405062774+02:00
57.013989167
9.987160667
0.0828
nan
0.0
 
2019-05-07T15:24:56,778027148+02:00
57.013989333
9.98716
0.0432
nan
0.0
 
2019-05-07T15:24:57,005761459+02:00
57.0139895
9.987159667
0.0252
nan
0.0
 
2019-05-07T15:24:57,382002384+02:00
57.013989667
9.987158667
0.1044
nan
0.0
 
2019-05-07T15:24:57,593928767+02:00
57.013989833
9.987158167
0.198
nan
0.0
 
2019-05-07T15:24:57,982833796+02:00
57.01399
9.9871575
0.1152
nan
0.0
 
2019-05-07T15:24:58,197519041+02:00
57.013990333
9.987157167
0.1332
nan
0.0
 
2019-05-07T15:24:58,573232758+02:00
57.013990667
9.9871565
0.0432
nan
0.0
 
2019-05-07T15:24:58,788889102+02:00
57.013991167
9.987156333
0.0324
nan
0.0
 
2019-05-07T15:24:58,961797438+02:00
57.013991333
9.987156167
0.036
nan
0.0
 
2019-05-07T15:24:59,360906488+02:00
57.013991667
9.987155667
0.3816
30.8
nan
 
2019-05-07T15:24:59,786220804+02:00
57.013992333
9.987155333
0.3312
nan
0.0
 
2019-05-07T15:25:00,161980238+02:00
57.013992167
9.987154833
0.0504
nan
0.0
 
2019-05-07T15:25:00,387455960+02:00
57.013992333
9.987154833
0.126
nan
0.0
 
2019-05-07T15:25:00,751591233+02:00
57.013992
9.987154167
0.072
nan
0.0
 
2019-05-07T15:25:01,161997876+02:00
57.013991667
9.9871535
0.144
nan
0.0
 
2019-05-07T15:25:01,557890708+02:00
57.013991667
9.987153167
0.2016
nan
0.0
 
2019-05-07T15:25:01,747783187+02:00
57.013991667
9.987152833
0.0756
nan
0.0
 
2019-05-07T15:25:02,162145626+02:00
57.0139915
9.9871525
0.0252
nan
0.0
 
2019-05-07T15:25:02,375527513+02:00
57.013991167
9.987152167
0.2376
nan
0.0
 
2019-05-07T15:25:02,743820689+02:00
57.013991167
9.987151667
0.0396
nan
0.0
 
2019-05-07T15:25:02,983846390+02:00
57.013991167
9.9871515
0.036
nan
0.0
 
2019-05-07T15:25:03,351892797+02:00
57.0139915
9.987151
0.1116
nan
0.0
 
2019-05-07T15:25:03,743820688+02:00
57.0139915
9.987150333
0.126
nan
0.0
 
2019-05-07T15:25:03,945336409+02:00
57.013991667
9.987150167
0.2232
nan
0.0
 
