
2019-05-07T18:13:17,560422287+02:00
57.013734333
9.988085167
0.072
7.5
0.0
 
2019-05-07T18:13:17,763727680+02:00
57.013734333
9.988086
0.1404
7.5
0.0
 
2019-05-07T18:13:17,971093310+02:00
57.013734167
9.9880865
0.0864
7.5
0.0
 
2019-05-07T18:13:18,180600844+02:00
57.013734167
9.988087167
0.0792
7.5
0.0
 
2019-05-07T18:13:18,583766353+02:00
57.013734
9.988088167
0.0864
7.5
0.0
 
2019-05-07T18:13:18,785318360+02:00
57.013733667
9.988089333
0.0288
7.5
0.0
 
2019-05-07T18:13:18,990454912+02:00
57.013733667
9.9880895
0.0504
7.5
0.0
 
2019-05-07T18:13:19,189054316+02:00
57.013733833
9.988089333
0.2052
7.5
0.0
 
2019-05-07T18:13:19,393767957+02:00
57.013733833
9.988089333
0.234
7.4
0.0
 
2019-05-07T18:13:19,594799854+02:00
57.013734
9.988089
0.108
7.4
0.0
 
2019-05-07T18:13:19,796810368+02:00
57.013734
9.9880895
0.0828
7.4
0.0
 
2019-05-07T18:13:19,997066116+02:00
57.013734
9.98809
0.162
7.4
0.0
 
2019-05-07T18:13:20,204358567+02:00
57.013733667
9.9880915
0.0792
7.5
0.0
 
2019-05-07T18:13:20,612500635+02:00
57.013733167
9.988094
0.072
nan
0.0
 
2019-05-07T18:13:20,813411865+02:00
57.013733
9.988094833
0.1152
nan
0.0
 
2019-05-07T18:13:21,015539905+02:00
57.013732833
9.988095833
0.0684
nan
0.0
 
2019-05-07T18:13:21,212416582+02:00
57.013732667
9.988096667
0.0684
nan
0.0
 
2019-05-07T18:13:21,618608789+02:00
57.013732667
9.988098
0.1656
nan
0.0
 
2019-05-07T18:13:22,018632495+02:00
57.013732667
9.988099167
0.0396
nan
0.0
 
2019-05-07T18:13:22,227625938+02:00
57.0137325
9.988100167
0.1512
nan
0.0
 
2019-05-07T18:13:22,421174340+02:00
57.013732167
9.9881015
0.0828
nan
0.0
 
2019-05-07T18:13:22,633064044+02:00
57.013732167
9.988102167
0.018
nan
0.0
 
2019-05-07T18:13:23,030379058+02:00
57.013732
9.988103
0.1044
nan
0.0
 
2019-05-07T18:13:23,646493489+02:00
57.013732
9.9881045
0.0972
nan
0.0
 
2019-05-07T18:13:23,840967612+02:00
57.013732
9.988105
0.0396
nan
0.0
 
2019-05-07T18:13:24,256988791+02:00
57.013732
9.988105667
0.2484
nan
0.0
 
2019-05-07T18:13:24,443446644+02:00
57.0137315
9.988106833
0.2052
nan
0.0
 
2019-05-07T18:13:24,679756237+02:00
57.013731333
9.9881075
0.0828
nan
0.0
 
2019-05-07T18:13:25,055887559+02:00
57.013731167
9.988108667
0.1044
nan
0.0
 
2019-05-07T18:13:25,244190067+02:00
57.013731
9.988109167
0.126
nan
0.0
 
2019-05-07T18:13:25,457589987+02:00
57.013730667
9.988109667
0.036
nan
0.0
 
2019-05-07T18:13:25,849650170+02:00
57.013730333
9.988110833
0.072
nan
0.0
 
2019-05-07T18:13:26,057137163+02:00
57.013730167
9.988111333
0.0972
nan
0.0
 
2019-05-07T18:13:26,472112319+02:00
57.013729667
9.9881125
0.144
nan
0.0
 
2019-05-07T18:13:26,681410608+02:00
57.0137295
9.988113167
0.126
nan
0.0
 
2019-05-07T18:13:26,859400372+02:00
57.013729333
9.988113333
0.0468
nan
0.0
 
2019-05-07T18:13:27,262495497+02:00
57.013729333
9.988113833
0.234
nan
0.0
 
2019-05-07T18:13:27,480158458+02:00
57.013729167
9.988114667
0.252
nan
0.0
 
2019-05-07T18:13:27,873653336+02:00
57.013729
9.988115667
0.1548
nan
0.0
 
2019-05-07T18:13:28,075103234+02:00
57.013728833
9.988115833
0.1332
nan
0.0
 
2019-05-07T18:13:28,469898043+02:00
57.013728167
9.988117667
0.0468
nan
0.0
 
2019-05-07T18:13:28,688166406+02:00
57.013728167
9.988118333
0.1332
nan
0.0
 
2019-05-07T18:13:29,068776453+02:00
57.013727833
9.9881195
0.0828
nan
0.0
 
2019-05-07T18:13:29,287547993+02:00
57.013727667
9.9881205
0.27
nan
0.0
 
2019-05-07T18:13:29,487542870+02:00
57.013727667
9.988120333
0.0972
nan
0.0
 
2019-05-07T18:13:29,874470344+02:00
57.013727833
9.988120333
0.0792
nan
0.0
 
2019-05-07T18:13:30,274956211+02:00
57.013728
9.98812
0.0468
nan
0.0
 
2019-05-07T18:13:30,681608316+02:00
57.013728
9.988119833
0.1152
nan
0.0
 
2019-05-07T18:13:31,091996501+02:00
57.013728167
9.988119333
0.054
nan
0.0
 
2019-05-07T18:13:31,685637138+02:00
57.013728167
9.9881195
0.0108
nan
0.0
 
2019-05-07T18:13:31,882479930+02:00
57.013728167
9.9881195
0.0612
nan
0.0
 
2019-05-07T18:13:32,075823793+02:00
57.013728167
9.9881195
0.0684
nan
0.0
 
2019-05-07T18:13:32,487176866+02:00
57.013728167
9.988119333
0.054
nan
0.0
 
2019-05-07T18:13:32,888013718+02:00
57.013728333
9.988119333
0.0792
nan
0.0
 
2019-05-07T18:13:33,284674684+02:00
57.013728667
9.988119167
0.126
nan
0.0
 
2019-05-07T18:13:33,691767437+02:00
57.013728833
9.988119333
0.0216
nan
0.0
 
2019-05-07T18:13:33,918937453+02:00
57.013728833
9.9881195
0.0252
nan
0.0
 
2019-05-07T18:13:34,289049517+02:00
57.013729
9.9881195
0.0756
nan
0.0
 
2019-05-07T18:13:34,691282181+02:00
57.013729333
9.9881195
0.0576
nan
0.0
 
2019-05-07T18:13:34,899784918+02:00
57.013729333
9.98812
0.3096
nan
0.0
 
2019-05-07T18:13:35,285532398+02:00
57.0137295
9.9881205
0.0288
nan
0.0
 
2019-05-07T18:13:35,491762318+02:00
57.0137295
9.988120833
0.054
nan
0.0
 
2019-05-07T18:13:35,699812792+02:00
57.0137295
9.988120833
0.144
nan
0.0
 
2019-05-07T18:13:36,097652516+02:00
57.013729833
9.988120667
0.09
nan
0.0
 
2019-05-07T18:13:36,693711246+02:00
57.0137305
9.9881205
0.1044
nan
0.0
 
2019-05-07T18:13:37,094003225+02:00
57.013730833
9.988120333
0.0396
nan
0.0
 
2019-05-07T18:13:37,310565678+02:00
57.013731167
9.988120667
0.1368
nan
0.0
 
2019-05-07T18:13:37,490483751+02:00
57.013731333
9.988120833
0.0576
nan
0.0
 
2019-05-07T18:13:37,895194181+02:00
57.013731833
9.988120667
0.1008
nan
0.0
 
2019-05-07T18:13:38,298009507+02:00
57.0137325
9.988120667
0.0252
nan
0.0
 
2019-05-07T18:13:38,700519873+02:00
57.013733167
9.988120333
0.0612
nan
0.0
 
2019-05-07T18:13:39,089623458+02:00
57.0137335
9.9881205
0.1476
nan
0.0
 
2019-05-07T18:13:39,310061871+02:00
57.013733667
9.9881205
0.036
nan
0.0
 
2019-05-07T18:13:39,526766756+02:00
57.013733667
9.988120167
0.1296
nan
0.0
 
2019-05-07T18:13:39,894004655+02:00
57.013733667
9.988119667
0.0612
nan
0.0
 
2019-05-07T18:13:40,128042692+02:00
57.013733667
9.988119667
0.0828
nan
0.0
 
2019-05-07T18:13:40,491865116+02:00
57.013733333
9.988120333
0.126
nan
0.0
 
2019-05-07T18:13:40,705718255+02:00
57.013733167
9.988120667
0.1044
nan
0.0
 
2019-05-07T18:13:40,897260093+02:00
57.013733167
9.988120667
0.1872
nan
0.0
 
2019-05-07T18:13:41,099717085+02:00
57.013733
9.9881205
0.234
nan
0.0
 
2019-05-07T18:13:41,689622369+02:00
57.013732167
9.988121667
0.0396
nan
0.0
 
2019-05-07T18:13:42,095532283+02:00
57.013731333
9.9881235
0.2196
nan
0.0
 
2019-05-07T18:13:42,296573774+02:00
57.013731167
9.988123667
0.0828
nan
0.0
 
2019-05-07T18:13:42,699674834+02:00
57.013731167
9.988123333
0.1368
nan
0.0
 
2019-05-07T18:13:42,928736174+02:00
57.013731167
9.988123333
0.1512
nan
0.0
 
2019-05-07T18:13:43,294697337+02:00
57.013731
9.988123667
0.0936
nan
0.0
 
2019-05-07T18:13:43,691645754+02:00
57.013730833
9.9881245
0.2916
nan
0.0
 
2019-05-07T18:13:43,919684237+02:00
57.013730667
9.988124833
0.1944
nan
0.0
 
2019-05-07T18:13:44,303141699+02:00
57.013730667
9.988125167
0.072
nan
0.0
 
2019-05-07T18:13:44,697335329+02:00
57.013730167
9.988126833
0.918
nan
0.0
 
2019-05-07T18:13:45,094956476+02:00
57.013729833
9.988127167
0.6192
nan
0.0
 
2019-05-07T18:13:45,293706885+02:00
57.013729
9.988126333
1.3572
nan
0.0
 
2019-05-07T18:13:45,511458792+02:00
57.013729
9.9881245
1.7928
nan
0.0
 
2019-05-07T18:13:45,699571803+02:00
57.0137295
9.988123
2.0304
nan
270.73
 
2019-05-07T18:13:46,101952275+02:00
57.013729833
9.988122167
0.9288
nan
0.0
 
2019-05-07T18:13:46,701517855+02:00
57.0137295
9.988121667
0.2628
nan
0.0
 
2019-05-07T18:13:47,100173722+02:00
57.0137295
9.988120667
0.3888
nan
0.0
 
2019-05-07T18:13:47,304349778+02:00
57.01373
9.988120167
0.1152
nan
0.0
 
2019-05-07T18:13:47,713566853+02:00
57.013730833
9.988118667
0.2232
nan
0.0
 
2019-05-07T18:13:47,930879511+02:00
57.013730833
9.988118333
0.3276
nan
0.0
 
2019-05-07T18:13:48,303759484+02:00
57.013730833
9.988118
0.0792
nan
0.0
 
2019-05-07T18:13:48,698029467+02:00
57.013731333
9.988116667
0.126
nan
0.0
 
2019-05-07T18:13:48,908163636+02:00
57.013731833
9.9881155
0.2772
nan
0.0
 
2019-05-07T18:13:49,306153175+02:00
57.0137325
9.988111833
0.2232
nan
0.0
 
2019-05-07T18:13:49,692883248+02:00
57.013734333
9.988107
0.0432
nan
0.0
 
2019-05-07T18:13:50,097389009+02:00
57.013735167
9.988104167
0.126
nan
0.0
 
2019-05-07T18:13:50,492991634+02:00
57.013735833
9.9881025
0.1872
nan
0.0
 
2019-05-07T18:13:50,696758130+02:00
57.013736167
9.9881015
0.1512
nan
0.0
 
2019-05-07T18:13:50,896586912+02:00
57.0137365
9.988100667
0.2268
nan
0.0
 
2019-05-07T18:13:51,305539197+02:00
57.013736833
9.9880985
0.144
nan
0.0
 
2019-05-07T18:13:51,693891644+02:00
57.013737167
9.988096667
0.0792
nan
0.0
 
2019-05-07T18:13:52,101938604+02:00
57.013737833
9.988095167
0.0684
nan
0.0
 
2019-05-07T18:13:52,504389366+02:00
57.013738333
9.988094167
0.09
nan
0.0
 
2019-05-07T18:13:52,888058631+02:00
57.013738833
9.9880935
0.0828
nan
0.0
 
2019-05-07T18:13:53,104692444+02:00
57.013739
9.988093333
0.1584
nan
0.0
 
2019-05-07T18:13:53,698423868+02:00
57.0137395
9.988092333
0.0756
nan
0.0
 
2019-05-07T18:13:54,115864745+02:00
57.013739667
9.988091667
0.1332
nan
0.0
 
2019-05-07T18:13:54,517335155+02:00
57.01374
9.988091
0.0864
nan
0.0
 
2019-05-07T18:13:54,897018864+02:00
57.013740167
9.988089833
0.162
nan
0.0
 
2019-05-07T18:13:55,321043086+02:00
57.0137405
9.988088833
0.0216
nan
0.0
 
2019-05-07T18:13:55,695235106+02:00
57.0137405
9.988087333
0.036
nan
0.0
 
2019-05-07T18:13:56,110502345+02:00
57.013740833
9.988086167
0.1548
nan
0.0
 
2019-05-07T18:13:56,519508647+02:00
57.013741
9.988085167
0.0504
nan
0.0
 
2019-05-07T18:13:56,730799627+02:00
57.013741
9.988084333
0.0828
nan
0.0
 
2019-05-07T18:13:57,306891655+02:00
57.013741
9.988082333
0.1152
nan
0.0
 
2019-05-07T18:13:57,711259864+02:00
57.013741
9.988081
0.0756
nan
0.0
 
2019-05-07T18:13:58,113085767+02:00
57.013741
9.988079
0.198
nan
0.0
 
2019-05-07T18:13:58,514178514+02:00
57.013740167
9.988077167
0.0936
nan
0.0
 
2019-05-07T18:13:58,895743688+02:00
57.0137395
9.988075667
0.3312
nan
0.0
 
2019-05-07T18:13:59,296775398+02:00
57.013739333
9.9880745
0.2772
nan
0.0
 
2019-05-07T18:13:59,703232895+02:00
57.013738833
9.988073333
0.0576
nan
0.0
 
2019-05-07T18:13:59,923031993+02:00
57.013738667
9.988073
0.1836
nan
0.0
 
2019-05-07T18:14:00,332039597+02:00
57.0137385
9.9880725
0.1008
nan
0.0
 
2019-05-07T18:14:00,898561518+02:00
57.013738333
9.988070833
0.1224
nan
0.0
 
2019-05-07T18:14:01,301314385+02:00
57.013738167
9.988069833
0.3456
nan
0.0
 
2019-05-07T18:14:01,702678877+02:00
57.013737833
9.988068667
0.1404
nan
0.0
 
2019-05-07T18:14:02,095883477+02:00
57.013737833
9.9880675
0.2808
nan
0.0
 
2019-05-07T18:14:02,495889031+02:00
57.013737333
9.988066333
0.2628
nan
0.0
 
2019-05-07T18:14:02,896704967+02:00
57.013736667
9.988065167
0.2232
nan
0.0
 
2019-05-07T18:14:03,108364138+02:00
57.013736667
9.988064
0.0576
nan
0.0
 
2019-05-07T18:14:03,498172262+02:00
57.013736333
9.988062833
0.2664
nan
0.0
 
2019-05-07T18:14:03,902424253+02:00
57.013735833
9.988062167
0.0828
nan
0.0
 
2019-05-07T18:14:04,306571375+02:00
57.013735833
9.9880615
0.1224
nan
0.0
 
2019-05-07T18:14:04,543883763+02:00
57.013735667
9.988061
0.0612
nan
0.0
 
2019-05-07T18:14:04,909187011+02:00
57.013735167
9.988059667
0.0324
nan
0.0
 
2019-05-07T18:14:05,508059731+02:00
57.0137355
9.9880585
0.2268
nan
0.0
 
2019-05-07T18:14:05,713951795+02:00
57.013735667
9.988058167
0.0756
nan
0.0
 
2019-05-07T18:14:06,103562730+02:00
57.013735833
9.9880575
0.1368
nan
0.0
 
2019-05-07T18:14:06,300870536+02:00
57.013736
9.988057167
0.0972
nan
0.0
 
2019-05-07T18:14:06,505775746+02:00
57.013736
9.988056667
0.0504
nan
0.0
 
2019-05-07T18:14:06,909614704+02:00
57.013735833
9.988056167
0.1548
nan
0.0
 
2019-05-07T18:14:07,307794279+02:00
57.013735833
9.988055667
0.144
nan
0.0
 
2019-05-07T18:14:07,700332074+02:00
57.013735833
9.988055
0.0936
nan
0.0
 
2019-05-07T18:14:07,896995177+02:00
57.013735833
9.988054667
0.0576
nan
0.0
 
2019-05-07T18:14:08,110330526+02:00
57.013735667
9.9880545
0.0756
nan
0.0
 
2019-05-07T18:14:08,503040101+02:00
57.013735667
9.9880535
0.1836
nan
0.0
 
2019-05-07T18:14:08,732666770+02:00
57.0137355
9.988053
0.1692
nan
0.0
 
2019-05-07T18:14:09,101698020+02:00
57.013735167
9.988052833
0.1152
nan
0.0
 
2019-05-07T18:14:09,339662381+02:00
57.013735
9.9880525
0.0612
nan
0.0
 
2019-05-07T18:14:09,896240091+02:00
57.013735
9.988052
0.0648
nan
0.0
 
2019-05-07T18:14:10,497512946+02:00
57.013735
9.988051167
0.126
nan
0.0
 
2019-05-07T18:14:10,717237195+02:00
57.013735167
9.988050833
0.1836
nan
0.0
 
2019-05-07T18:14:11,100275443+02:00
57.013735
9.988050667
0.054
nan
0.0
 
2019-05-07T18:14:11,506645697+02:00
57.013735167
9.988050167
0.1008
nan
0.0
 
2019-05-07T18:14:11,904152137+02:00
57.013735333
9.988050167
0.1728
nan
0.0
 
2019-05-07T18:14:12,527413843+02:00
57.0137355
9.988049833
0.216
nan
0.0
 
2019-05-07T18:14:12,900026284+02:00
57.0137355
9.988049333
0.1332
nan
0.0
 
2019-05-07T18:14:13,101540877+02:00
57.013735667
9.988049333
0.0792
nan
0.0
 
2019-05-07T18:14:13,316213868+02:00
57.013735833
9.9880495
0.144
nan
0.0
 
2019-05-07T18:14:13,526800836+02:00
57.013735833
9.988049167
0.0972
nan
0.0
 
2019-05-07T18:14:13,900347361+02:00
57.013735833
9.988049
0.162
nan
0.0
 
2019-05-07T18:14:14,305023272+02:00
57.013736167
9.988048667
0.18
nan
0.0
 
2019-05-07T18:14:14,499092599+02:00
57.013736333
9.988048667
0.1224
nan
0.0
 
2019-05-07T18:14:14,739873936+02:00
57.0137365
9.988048333
0.1404
nan
0.0
 
2019-05-07T18:14:15,098581861+02:00
57.0137365
9.988048167
0.1476
nan
0.0
 
2019-05-07T18:14:15,304420092+02:00
57.013736667
9.988048167
0.0648
nan
0.0
 
2019-05-07T18:14:15,704783618+02:00
57.013736833
9.988047667
0.1404
nan
0.0
 
2019-05-07T18:14:15,900113896+02:00
57.013736833
9.988047667
0.036
nan
0.0
 
2019-05-07T18:14:16,139935044+02:00
57.013737
9.9880475
0.0144
nan
0.0
 
2019-05-07T18:14:16,503225428+02:00
57.013737167
9.9880475
0.0504
nan
0.0
 
2019-05-07T18:14:16,703112217+02:00
57.013737
9.9880475
0.0504
nan
0.0
 
2019-05-07T18:14:17,114652710+02:00
57.013737
9.9880475
0.0576
nan
0.0
 
2019-05-07T18:14:18,153404938+02:00
57.0137365
9.988047667
0.126
nan
0.0
 
2019-05-07T18:14:18,511949865+02:00
57.013736333
9.988047667
0.108
nan
0.0
 
2019-05-07T18:14:18,910115888+02:00
57.0137365
9.988047667
0.1044
nan
0.0
 
2019-05-07T18:14:19,097145641+02:00
57.013736667
9.988047667
0.1332
nan
0.0
 
2019-05-07T18:14:19,306498117+02:00
57.013736667
9.988047833
0.1224
nan
0.0
 
2019-05-07T18:14:19,700512964+02:00
57.013736833
9.9880475
0.072
nan
0.0
 
2019-05-07T18:14:20,102915286+02:00
57.013736833
9.9880475
0.0072
nan
0.0
 
2019-05-07T18:14:20,495358609+02:00
57.013737
9.9880475
0.1512
nan
0.0
 
2019-05-07T18:14:20,708128909+02:00
57.013737
9.988047333
0.0324
nan
0.0
 
2019-05-07T18:14:21,100438982+02:00
57.013737
9.988047333
0.0432
nan
0.0
 
2019-05-07T18:14:21,330845436+02:00
57.013737
9.988047333
0.1152
nan
0.0
 
2019-05-07T18:14:21,711946666+02:00
57.013737333
9.988047
0.216
nan
0.0
 
2019-05-07T18:14:22,103131734+02:00
57.013737333
9.988046833
0.0828
nan
0.0
 
2019-05-07T18:14:22,324052717+02:00
57.013737333
9.988046833
0.1224
nan
0.0
 
2019-05-07T18:14:22,705756890+02:00
57.013737333
9.9880465
0.072
nan
0.0
 
2019-05-07T18:14:23,102975582+02:00
57.013737667
9.988045667
0.4572
nan
0.0
 
2019-05-07T18:14:23,295973304+02:00
57.013737833
9.988045333
0.1404
nan
0.0
 
2019-05-07T18:14:23,499888820+02:00
57.013738
9.988045167
0.2592
nan
0.0
 
2019-05-07T18:14:23,903998045+02:00
57.013738
9.988044667
0.1152
nan
0.0
 
2019-05-07T18:14:24,110620616+02:00
57.013738
9.988044833
0.1404
nan
0.0
 
2019-05-07T18:14:24,322095922+02:00
57.013738
9.9880445
0.1404
nan
0.0
 
2019-05-07T18:14:24,705459640+02:00
57.013738333
9.988044333
0.1332
nan
0.0
 
2019-05-07T18:14:25,112082333+02:00
57.013738333
9.988044
0.0828
nan
0.0
 
2019-05-07T18:14:25,305651723+02:00
57.013738333
9.988043833
0.0288
nan
0.0
 
2019-05-07T18:14:25,505079263+02:00
57.013738333
9.988043667
0.2052
nan
0.0
 
2019-05-07T18:14:25,738157330+02:00
57.0137385
9.988043667
0.2844
nan
0.0
 
2019-05-07T18:14:26,094360291+02:00
57.0137385
9.988043167
0.4356
nan
0.0
 
2019-05-07T18:14:26,499728929+02:00
57.013738333
9.9880435
0.1908
nan
0.0
 
2019-05-07T18:14:26,715589313+02:00
57.0137385
9.9880435
0.1152
nan
0.0
 
2019-05-07T18:14:27,102943399+02:00
57.013738833
9.988043667
0.072
nan
0.0
 
2019-05-07T18:14:27,502288468+02:00
57.0137395
9.988043833
0.3312
nan
0.0
 
2019-05-07T18:14:27,718799924+02:00
57.013739667
9.988043667
0.4464
nan
0.0
 
2019-05-07T18:14:28,103717678+02:00
57.01374
9.988043667
0.1404
nan
0.0
 
2019-05-07T18:14:28,322397680+02:00
57.013740167
9.988043667
0.0792
nan
0.0
 
2019-05-07T18:14:28,705020297+02:00
57.013740167
9.988043333
0.0216
nan
0.0
 
2019-05-07T18:14:28,898856663+02:00
57.013740167
9.9880435
0.234
nan
0.0
 
2019-05-07T18:14:29,145700832+02:00
57.013740167
9.9880435
0.054
nan
0.0
 
2019-05-07T18:14:29,332563512+02:00
57.013740167
9.988043333
0.1368
nan
0.0
 
2019-05-07T18:14:29,711560324+02:00
57.013740167
9.988043333
0.1872
nan
0.0
 
2019-05-07T18:14:30,103812385+02:00
57.01374
9.988043667
0.216
nan
0.0
 
2019-05-07T18:14:30,304492430+02:00
57.013739833
9.988043333
0.1152
nan
0.0
 
2019-05-07T18:14:30,511790528+02:00
57.013739667
9.988043333
0.036
nan
0.0
 
2019-05-07T18:14:30,908917544+02:00
57.013739333
9.988043167
0.1368
nan
0.0
 
2019-05-07T18:14:31,128129003+02:00
57.013739333
9.988043333
0.2952
nan
0.0
 
2019-05-07T18:14:31,507586855+02:00
57.013739167
9.988043333
0.1368
nan
0.0
 
2019-05-07T18:14:31,906927804+02:00
57.013739167
9.988043167
0.126
nan
0.0
 
2019-05-07T18:14:32,302545715+02:00
57.013739167
9.9880435
0.2556
nan
0.0
 
2019-05-07T18:14:32,707216323+02:00
57.0137395
9.988044
0.2808
nan
0.0
 
2019-05-07T18:14:33,109914766+02:00
57.013739833
9.9880445
0.0864
nan
0.0
 
2019-05-07T18:14:33,506741632+02:00
57.01374
9.9880445
0.0612
nan
0.0
 
2019-05-07T18:14:33,904991493+02:00
57.013740167
9.9880445
0.0504
nan
0.0
 
2019-05-07T18:14:34,116002590+02:00
57.013740333
9.9880445
0.1008
nan
0.0
 
2019-05-07T18:14:34,506504770+02:00
57.013740667
9.988045
0.216
nan
0.0
 
2019-05-07T18:14:34,712143255+02:00
57.013740667
9.988045167
0.0396
nan
0.0
 
2019-05-07T18:14:34,924004793+02:00
57.013740833
9.988045333
0.072
nan
0.0
 
2019-05-07T18:14:35,304443055+02:00
57.013740667
9.988045167
0.0792
nan
0.0
 
2019-05-07T18:14:35,699519429+02:00
57.013740833
9.988045333
0.1224
nan
0.0
 
2019-05-07T18:14:36,101787572+02:00
57.013741
9.9880455
0.18
nan
0.0
 
2019-05-07T18:14:36,306430888+02:00
57.013741
9.988045667
0.0792
nan
0.0
 
2019-05-07T18:14:36,700017783+02:00
57.013741167
9.988045333
0.324
nan
0.0
 
2019-05-07T18:14:36,898863306+02:00
57.013741167
9.988045333
0.0144
nan
0.0
 
2019-05-07T18:14:37,126834518+02:00
57.013741167
9.988045333
0.216
nan
0.0
 
2019-05-07T18:14:37,510495429+02:00
57.013741
9.988045167
0.1656
nan
0.0
 
2019-05-07T18:14:37,700742265+02:00
57.013740833
9.988045
0.0828
nan
0.0
 
2019-05-07T18:14:38,100021276+02:00
57.013740667
9.988044667
0.0756
nan
0.0
 
2019-05-07T18:14:38,323934811+02:00
57.0137405
9.988043833
0.3636
nan
0.0
 
2019-05-07T18:14:38,707088495+02:00
57.013740333
9.9880435
0.2304
nan
0.0
 
2019-05-07T18:14:38,908390655+02:00
57.013740333
9.988043667
0.0828
nan
0.0
 
2019-05-07T18:14:39,304737771+02:00
57.013740333
9.988043167
0.2412
nan
0.0
 
2019-05-07T18:14:39,710543288+02:00
57.01374
9.988043
0.1512
nan
0.0
 
2019-05-07T18:14:40,109932412+02:00
57.013739833
9.988042833
0.216
nan
0.0
 
2019-05-07T18:14:40,505338446+02:00
57.013739833
9.9880425
0.2988
nan
0.0
 
2019-05-07T18:14:40,708153589+02:00
57.013740167
9.988042333
0.324
nan
0.0
 
2019-05-07T18:14:40,908123083+02:00
57.01374
9.9880425
0.4788
nan
0.0
 
2019-05-07T18:14:41,120140046+02:00
57.013740333
9.9880425
0.1116
nan
0.0
 
2019-05-07T18:14:41,333781220+02:00
57.0137405
9.988042
0.27
nan
0.0
 
2019-05-07T18:14:41,699270635+02:00
57.013740833
9.9880415
0.1728
nan
0.0
 
2019-05-07T18:14:42,113455649+02:00
57.013741
9.9880425
0.09
nan
0.0
 
2019-05-07T18:14:42,310835656+02:00
57.013741333
9.988042833
0.1368
nan
0.0
 
2019-05-07T18:14:42,540782801+02:00
57.013741
9.988043167
0.3564
nan
0.0
 
2019-05-07T18:14:42,902770667+02:00
57.013741167
9.988043167
0.3564
nan
0.0
 
2019-05-07T18:14:43,104693098+02:00
57.013741
9.9880435
0.3636
nan
0.0
 
2019-05-07T18:14:43,505327460+02:00
57.013741
9.988043833
0.1548
nan
0.0
 
2019-05-07T18:14:43,723776620+02:00
57.013741
9.988043667
0.072
nan
0.0
 
2019-05-07T18:14:44,119837842+02:00
57.013741167
9.988043833
0.1872
nan
0.0
 
2019-05-07T18:14:44,505153758+02:00
57.013741167
9.988043833
0.162
nan
0.0
 
2019-05-07T18:14:44,707883767+02:00
57.013741167
9.988043667
0.0396
nan
0.0
 
2019-05-07T18:14:45,108959706+02:00
57.013741333
9.9880435
0.0936
nan
0.0
 
2019-05-07T18:14:45,509871688+02:00
57.013741833
9.9880435
0.1332
nan
0.0
 
2019-05-07T18:14:45,709647178+02:00
57.013742167
9.988043667
0.0396
nan
0.0
 
2019-05-07T18:14:45,943566119+02:00
57.013742333
9.988043833
0.0432
nan
0.0
 
2019-05-07T18:14:46,312543852+02:00
57.013742833
9.988044167
0.018
nan
0.0
 
2019-05-07T18:14:46,726419623+02:00
57.013743
9.9880435
0.0792
nan
0.0
 
2019-05-07T18:14:47,112045327+02:00
57.013743333
9.988043333
0.0216
nan
0.0
 
2019-05-07T18:14:47,323884026+02:00
57.013743333
9.988043333
0.0792
nan
0.0
 
2019-05-07T18:14:47,704590975+02:00
57.013743667
9.988043333
0.0576
nan
0.0
 
2019-05-07T18:14:47,937511266+02:00
57.013743667
9.988043167
0.0288
nan
0.0
 
2019-05-07T18:14:48,311761522+02:00
57.013743833
9.988042833
0.1404
nan
0.0
 
2019-05-07T18:14:48,705904382+02:00
57.013743833
9.988042667
0.054
nan
0.0
 
2019-05-07T18:14:49,113360308+02:00
57.013743667
9.9880425
0.0684
nan
0.0
 
2019-05-07T18:14:49,324438135+02:00
57.013743667
9.9880425
0.036
nan
0.0
 
2019-05-07T18:14:49,506192886+02:00
57.013743833
9.9880425
0.0252
nan
0.0
 
2019-05-07T18:14:49,905150163+02:00
57.013744167
9.988042833
0.036
nan
0.0
 
2019-05-07T18:14:50,301261756+02:00
57.0137445
9.988043
0.108
nan
0.0
 
2019-05-07T18:14:50,506075071+02:00
57.013744667
9.988043333
0.1512
nan
0.0
 
2019-05-07T18:14:50,702474330+02:00
57.013744667
9.988043333
0.1044
nan
0.0
 
2019-05-07T18:14:50,895960765+02:00
57.013744833
9.9880435
0.1296
nan
0.0
 
2019-05-07T18:14:51,311352801+02:00
57.013744833
9.988043667
0.2016
nan
0.0
 
2019-05-07T18:14:51,540987046+02:00
57.013745
9.9880435
0.2664
nan
0.0
 
2019-05-07T18:14:51,908776710+02:00
57.013745
9.988044167
0.018
nan
0.0
 
2019-05-07T18:14:52,134143689+02:00
57.013744833
9.988044333
0.1764
nan
0.0
 
2019-05-07T18:14:52,504998119+02:00
57.013745
9.988044667
0.2088
nan
0.0
 
2019-05-07T18:14:52,911460916+02:00
57.013745
9.988044667
0.0684
nan
0.0
 
2019-05-07T18:14:53,150138762+02:00
57.013745
9.988044833
0.0612
nan
0.0
 
2019-05-07T18:14:53,520489422+02:00
57.013744667
9.988045
0.0756
nan
0.0
 
2019-05-07T18:14:53,910819626+02:00
57.013744333
9.988045
0.0108
nan
0.0
 
2019-05-07T18:14:54,312904853+02:00
57.0137445
9.988045167
0.0576
nan
0.0
 
2019-05-07T18:14:54,520890081+02:00
57.0137445
9.988045333
0.0252
nan
0.0
 
2019-05-07T18:14:54,912322528+02:00
57.0137445
9.9880455
0.1332
nan
0.0
 
2019-05-07T18:14:55,142083711+02:00
57.013744333
9.988046
0.234
nan
0.0
 
2019-05-07T18:14:55,512462057+02:00
57.013744833
9.988045667
0.0936
nan
0.0
 
2019-05-07T18:14:55,708379273+02:00
57.013744833
9.988046
0.1476
nan
0.0
 
2019-05-07T18:14:55,923124682+02:00
57.013745
9.988046167
0.1116
nan
0.0
 
2019-05-07T18:14:56,318817224+02:00
57.013745
9.988046
0.1692
nan
0.0
 
2019-05-07T18:14:56,549117067+02:00
57.013745167
9.988046
0.2124
nan
0.0
 
2019-05-07T18:14:56,914924637+02:00
57.013745167
9.988045833
0.18
nan
0.0
 
2019-05-07T18:14:57,139160877+02:00
57.013745333
9.988045667
0.2592
nan
0.0
 
2019-05-07T18:14:57,513645610+02:00
57.013745333
9.988045667
0.0432
nan
0.0
 
2019-05-07T18:14:57,711384035+02:00
57.013745333
9.988046
0.0684
nan
0.0
 
2019-05-07T18:14:57,917466295+02:00
57.013745667
9.988045667
0.324
nan
0.0
 
2019-05-07T18:14:58,311777354+02:00
57.013745833
9.9880455
0.3816
nan
0.0
 
2019-05-07T18:14:58,509747323+02:00
57.013746
9.9880455
0.0756
nan
0.0
 
2019-05-07T18:14:58,916468793+02:00
57.013746333
9.988045
0.3888
nan
0.0
 
2019-05-07T18:14:59,322363401+02:00
57.0137465
9.988045167
0.2628
nan
0.0
 
2019-05-07T18:14:59,719281943+02:00
57.013746667
9.988045167
0.1872
nan
0.0
 
2019-05-07T18:14:59,918473273+02:00
57.013746667
9.988045167
0.0648
nan
0.0
 
2019-05-07T18:15:00,118987832+02:00
57.0137465
9.988045167
0.2196
nan
0.0
 
2019-05-07T18:15:00,326597373+02:00
57.0137465
9.988045167
0.1512
nan
0.0
 
2019-05-07T18:15:00,543944038+02:00
57.0137465
9.988045167
0.0324
nan
0.0
 
2019-05-07T18:15:00,755162869+02:00
57.0137465
9.988045333
0.1584
nan
0.0
 
2019-05-07T18:15:01,126359956+02:00
57.013746333
9.988045167
0.1404
nan
0.0
 
2019-05-07T18:15:01,520888194+02:00
57.0137465
9.988045167
0.0792
nan
0.0
 
2019-05-07T18:15:01,736493435+02:00
57.013746833
9.988045
0.054
nan
0.0
 
2019-05-07T18:15:01,970161186+02:00
57.013747
9.988045167
0.018
nan
0.0
 
2019-05-07T18:15:02,324512425+02:00
57.013747333
9.988045167
0.0288
nan
0.0
 
2019-05-07T18:15:02,527545540+02:00
57.013747667
9.9880455
0.054
nan
0.0
 
2019-05-07T18:15:02,915339341+02:00
57.013748
9.9880455
0.1296
nan
0.0
 
2019-05-07T18:15:03,128986336+02:00
57.013748167
9.988045667
0.0864
nan
0.0
 
2019-05-07T18:15:03,523477656+02:00
57.0137485
9.988045667
0.09
nan
0.0
 
2019-05-07T18:15:03,733880378+02:00
57.013748667
9.9880455
0.1548
nan
0.0
 
2019-05-07T18:15:04,124506325+02:00
57.013749
9.988045667
0.126
nan
0.0
 
2019-05-07T18:15:04,326112028+02:00
57.013749167
9.988045667
0.1584
nan
0.0
 
2019-05-07T18:15:04,719878567+02:00
57.013749333
9.9880455
0.0792
nan
0.0
 
2019-05-07T18:15:04,920974815+02:00
57.013749333
9.988045167
0.162
nan
0.0
 
2019-05-07T18:15:05,168333444+02:00
57.013749333
9.988045
0.144
nan
0.0
 
2019-05-07T18:15:05,521705542+02:00
57.013749167
9.988045
0.108
nan
0.0
 
2019-05-07T18:15:05,720814033+02:00
57.013749333
9.988045
0.1008
nan
0.0
 
2019-05-07T18:15:05,936755140+02:00
57.013749333
9.988045
0.2124
nan
0.0
 
2019-05-07T18:15:06,326490818+02:00
57.013749333
9.988045
0.0648
nan
0.0
 
2019-05-07T18:15:06,524008015+02:00
57.013749
9.988045
0.0684
nan
0.0
 
2019-05-07T18:15:06,936460232+02:00
57.013748833
9.988044833
0.0684
nan
0.0
 
2019-05-07T18:15:07,317936372+02:00
57.013748667
9.9880445
0.0468
nan
0.0
 
2019-05-07T18:15:07,539044778+02:00
57.013748833
9.988044667
0.1332
nan
0.0
 
2019-05-07T18:15:07,926020505+02:00
57.0137485
9.9880445
0.09
nan
0.0
 
2019-05-07T18:15:08,327653920+02:00
57.013748167
9.988044167
0.0288
nan
0.0
 
2019-05-07T18:15:08,523159799+02:00
57.013748
9.988043833
0.1692
nan
0.0
 
2019-05-07T18:15:08,725395280+02:00
57.013748
9.988044
0.0468
nan
0.0
 
2019-05-07T18:15:09,132992175+02:00
57.013747833
9.988044
0.0864
nan
0.0
 
2019-05-07T18:15:09,545982725+02:00
57.0137475
9.988044
0.0972
nan
0.0
 
2019-05-07T18:15:09,930662087+02:00
57.013747
9.988043833
0.072
nan
0.0
 
2019-05-07T18:15:10,134355955+02:00
57.013746833
9.988044
0.0756
nan
0.0
 
2019-05-07T18:15:10,368045046+02:00
57.013746667
9.988043833
0.1188
nan
0.0
 
2019-05-07T18:15:10,731157429+02:00
57.013746
9.988043667
0.1476
nan
0.0
 
2019-05-07T18:15:10,946809023+02:00
57.013746
9.988043667
0.1872
nan
0.0
 
2019-05-07T18:15:11,336026371+02:00
57.013745833
9.988043667
0.1296
nan
0.0
 
2019-05-07T18:15:11,542327905+02:00
57.013745667
9.988043667
0.2052
nan
0.0
 
2019-05-07T18:15:11,927203792+02:00
57.013745833
9.988043667
0.1008
nan
0.0
 
2019-05-07T18:15:12,144852569+02:00
57.013745667
9.9880435
0.3276
nan
0.0
 
2019-05-07T18:15:12,352929994+02:00
57.013745667
9.9880435
0.1044
nan
0.0
 
2019-05-07T18:15:12,730457089+02:00
57.013745333
9.9880435
0.018
nan
0.0
 
2019-05-07T18:15:12,941672176+02:00
57.013745167
9.988043667
0.0936
nan
0.0
 
2019-05-07T18:15:13,135317938+02:00
57.013745
9.9880435
0.1296
nan
0.0
 
2019-05-07T18:15:13,537169823+02:00
57.013744833
9.9880435
0.0972
nan
0.0
 
2019-05-07T18:15:13,729747085+02:00
57.0137445
9.9880435
0.1476
nan
0.0
 
2019-05-07T18:15:13,932289822+02:00
57.013744333
9.988043333
0.2916
nan
0.0
 
2019-05-07T18:15:14,158722528+02:00
57.013744
9.988043167
0.1224
nan
0.0
 
2019-05-07T18:15:14,541120973+02:00
57.0137435
9.9880435
0.2232
nan
0.0
 
2019-05-07T18:15:14,927712432+02:00
57.013743
9.988043333
0.0828
nan
0.0
 
2019-05-07T18:15:15,148051619+02:00
57.013742667
9.988043167
0.1116
nan
0.0
 
2019-05-07T18:15:15,538725338+02:00
57.013742333
9.988042833
0.234
nan
0.0
 
2019-05-07T18:15:15,937473996+02:00
57.013741667
9.9880425
0.2988
nan
0.0
 
2019-05-07T18:15:16,332129606+02:00
57.013740833
9.988042833
0.1008
nan
0.0
 
2019-05-07T18:15:16,531463842+02:00
57.0137405
9.988043167
0.1224
nan
0.0
 
2019-05-07T18:15:16,783252196+02:00
57.013740167
9.988043333
0.0792
nan
0.0
 
2019-05-07T18:15:17,135736861+02:00
57.0137395
9.9880435
0.054
nan
0.0
 
2019-05-07T18:15:17,545104159+02:00
57.013738833
9.988043833
0.0288
nan
0.0
 
2019-05-07T18:15:17,933029597+02:00
57.013738333
9.988043667
0.09
nan
0.0
 
2019-05-07T18:15:18,156557341+02:00
57.013738167
9.988043833
0.0792
nan
0.0
 
2019-05-07T18:15:18,536167293+02:00
57.013737667
9.988044
0.1008
nan
0.0
 
2019-05-07T18:15:18,756343830+02:00
57.013737333
9.988044
0.1152
nan
0.0
 
2019-05-07T18:15:19,132972128+02:00
57.013736667
9.988044167
0.0432
nan
0.0
 
2019-05-07T18:15:20,139785703+02:00
57.013734667
9.988045667
0.126
nan
0.0
 
2019-05-07T18:15:20,363066309+02:00
57.013734333
9.988046167
0.0144
nan
0.0
 
2019-05-07T18:15:20,735225150+02:00
57.0137335
9.988046667
0.0684
nan
0.0
 
2019-05-07T18:15:20,955767859+02:00
57.013733167
9.988046833
0.1044
nan
0.0
 
2019-05-07T18:15:21,330089762+02:00
57.0137325
9.988047167
0.0972
nan
0.0
 
2019-05-07T18:15:21,547392203+02:00
57.013732333
9.9880475
0.09
nan
0.0
 
2019-05-07T18:15:21,943491138+02:00
57.0137315
9.988047333
0.1008
nan
0.0
 
2019-05-07T18:15:22,347942169+02:00
57.013731167
9.988047667
0.0864
nan
0.0
 
2019-05-07T18:15:22,547515150+02:00
57.013731
9.988047667
0.036
nan
0.0
 
2019-05-07T18:15:22,936371224+02:00
57.013730667
9.988047833
0.0504
nan
0.0
 
2019-05-07T18:15:23,341092002+02:00
57.01373
9.988047833
0.1548
nan
0.0
 
2019-05-07T18:15:23,562767838+02:00
57.013729833
9.988048
0.072
nan
0.0
 
2019-05-07T18:15:23,947846352+02:00
57.013729167
9.988048
0.198
nan
0.0
 
2019-05-07T18:15:24,352082262+02:00
57.013728833
9.988048333
0.0864
nan
0.0
 
2019-05-07T18:15:24,749886895+02:00
57.013728333
9.988048333
0.0936
nan
0.0
 
2019-05-07T18:15:25,138453297+02:00
57.013727667
9.988048333
0.1584
nan
0.0
 
2019-05-07T18:15:25,335663481+02:00
57.0137275
9.988048333
0.1152
nan
0.0
 
2019-05-07T18:15:25,551850787+02:00
57.013727167
9.9880485
0.0828
nan
0.0
 
2019-05-07T18:15:25,939856117+02:00
57.013726833
9.988048667
0.0792
nan
0.0
 
2019-05-07T18:15:26,345982409+02:00
57.013726333
9.988048833
0.0396
nan
0.0
 
2019-05-07T18:15:26,567954447+02:00
57.013726333
9.988049
0.0144
nan
0.0
 
2019-05-07T18:15:26,940512855+02:00
57.013726
9.988049167
0.1764
nan
0.0
 
2019-05-07T18:15:27,340208776+02:00
57.013726
9.988049333
0.0756
nan
0.0
 
2019-05-07T18:15:27,537312724+02:00
57.013726
9.9880495
0.072
nan
0.0
 
2019-05-07T18:15:27,946687952+02:00
57.013725667
9.9880495
0.0324
nan
0.0
 
2019-05-07T18:15:28,144462833+02:00
57.013725667
9.9880495
0.0936
nan
0.0
 
2019-05-07T18:15:28,373093187+02:00
57.0137255
9.988049833
0.126
nan
0.0
 
2019-05-07T18:15:28,739399451+02:00
57.013725167
9.988049667
0.0648
nan
0.0
 
2019-05-07T18:15:28,964088415+02:00
57.013725
9.988049167
0.2052
nan
0.0
 
2019-05-07T18:15:29,340549562+02:00
57.013724667
9.988049
0.1224
nan
0.0
 
2019-05-07T18:15:29,577223355+02:00
57.013724833
9.988049
0.09
nan
0.0
 
2019-05-07T18:15:29,943103325+02:00
57.013724667
9.988048667
0.1152
nan
0.0
 
2019-05-07T18:15:30,142641800+02:00
57.013724667
9.988048833
0.162
nan
0.0
 
2019-05-07T18:15:30,355816391+02:00
57.0137245
9.988048667
0.1188
nan
0.0
 
2019-05-07T18:15:30,750048268+02:00
57.0137245
9.988048833
0.0864
nan
0.0
 
2019-05-07T18:15:31,145839286+02:00
57.013724167
9.988048667
0.0828
nan
0.0
 
2019-05-07T18:15:31,547767239+02:00
57.013724167
9.988048333
0.0576
nan
0.0
 
2019-05-07T18:15:31,946801746+02:00
57.013724167
9.988048
0.2124
nan
0.0
 
2019-05-07T18:15:32,150694634+02:00
57.013724167
9.988048
0.1116
nan
0.0
 
2019-05-07T18:15:32,539452619+02:00
57.013724167
9.988047667
0.0792
nan
0.0
 
2019-05-07T18:15:32,752154772+02:00
57.013724167
9.988047667
0.1224
nan
0.0
 
2019-05-07T18:15:32,972402954+02:00
57.013724
9.988047167
0.1728
nan
0.0
 
2019-05-07T18:15:33,346938732+02:00
57.013724167
9.988047
0.1692
nan
0.0
 
2019-05-07T18:15:33,545007699+02:00
57.013724333
9.988046833
0.1152
nan
0.0
 
2019-05-07T18:15:33,787634521+02:00
57.013724333
9.988046833
0.0792
nan
0.0
 
2019-05-07T18:15:34,145327454+02:00
57.013724333
9.9880465
0.0936
nan
0.0
 
2019-05-07T18:15:34,359629768+02:00
57.013724333
9.988046333
0.1296
nan
0.0
 
2019-05-07T18:15:34,565095766+02:00
57.0137245
9.988046167
0.0576
nan
0.0
 
2019-05-07T18:15:34,942291099+02:00
57.013724333
9.988045833
0.0468
nan
0.0
 
2019-05-07T18:15:35,156755546+02:00
57.013724333
9.9880455
0.09
nan
0.0
 
2019-05-07T18:15:35,553448934+02:00
57.013724333
9.988045333
0.018
nan
0.0
 
2019-05-07T18:15:35,747117295+02:00
57.013724333
9.988045333
0.09
nan
0.0
 
2019-05-07T18:15:35,971868382+02:00
57.013724167
9.988045
0.0684
nan
0.0
 
2019-05-07T18:15:36,353353173+02:00
57.013724167
9.988044667
0.1008
nan
0.0
 
2019-05-07T18:15:36,748264627+02:00
57.013724167
9.9880445
0.126
nan
0.0
 
2019-05-07T18:15:37,163209409+02:00
57.013724333
9.988043833
0.1044
nan
0.0
 
2019-05-07T18:15:37,557061942+02:00
57.013724333
9.988043333
0.0324
nan
0.0
 
2019-05-07T18:15:37,778051280+02:00
57.0137245
9.988043167
0.108
nan
0.0
 
2019-05-07T18:15:37,940632046+02:00
57.0137245
9.988043
0.108
nan
0.0
 
2019-05-07T18:15:38,347653185+02:00
57.0137245
9.9880425
0.0648
nan
0.0
 
2019-05-07T18:15:38,563369144+02:00
57.013724667
9.988042333
0.1476
nan
0.0
 
2019-05-07T18:15:38,951408349+02:00
57.0137245
9.988041667
0.1584
nan
0.0
 
2019-05-07T18:15:39,352024562+02:00
57.013724667
9.988041167
0.0324
nan
0.0
 
2019-05-07T18:15:39,560373062+02:00
57.0137245
9.988040833
0.0864
nan
0.0
 
2019-05-07T18:15:39,976128354+02:00
57.013724833
9.9880405
0.09
nan
0.0
 
2019-05-07T18:15:40,354596332+02:00
57.013724667
9.988039833
0.0648
nan
0.0
 
2019-05-07T18:15:40,763540691+02:00
57.013724667
9.988039333
0.0972
nan
0.0
 
2019-05-07T18:15:41,148558838+02:00
57.013724833
9.988039
0.1404
nan
0.0
 
2019-05-07T18:15:41,344987811+02:00
57.013724833
9.988038833
0.0684
nan
0.0
 
2019-05-07T18:15:41,571805012+02:00
57.013724833
9.9880385
0.0828
nan
0.0
 
2019-05-07T18:15:41,948615453+02:00
57.013724667
9.988038
0.1116
nan
0.0
 
2019-05-07T18:15:42,158782656+02:00
57.013724833
9.988038
0.1332
nan
0.0
 
2019-05-07T18:15:42,554404699+02:00
57.013724667
9.9880375
0.1044
nan
0.0
 
2019-05-07T18:15:42,752835294+02:00
57.013724333
9.988037167
0.1512
nan
0.0
 
2019-05-07T18:15:43,155986797+02:00
57.013724333
9.988037
0.0504
nan
0.0
 
2019-05-07T18:15:43,560045643+02:00
57.013724333
9.988036833
0.1224
nan
0.0
 
2019-05-07T18:15:43,952154164+02:00
57.013724333
9.988036333
0.0828
nan
0.0
 
2019-05-07T18:15:44,360504625+02:00
57.013724167
9.988035833
0.0036
nan
0.0
 
2019-05-07T18:15:44,587794345+02:00
57.013724
9.988035667
0.0936
nan
0.0
 
2019-05-07T18:15:44,951854568+02:00
57.0137235
9.988034833
0.1728
nan
0.0
 
2019-05-07T18:15:45,181931300+02:00
57.0137235
9.988034667
0.0576
nan
0.0
 
2019-05-07T18:15:45,376171731+02:00
57.013723167
9.988034167
0.0612
nan
0.0
 
2019-05-07T18:15:45,580332826+02:00
57.013723167
9.988034
0.054
nan
0.0
 
2019-05-07T18:15:45,956729116+02:00
57.013722667
9.988033333
0.0972
nan
0.0
 
2019-05-07T18:15:46,173067980+02:00
57.013722333
9.988032833
0.1512
nan
0.0
 
2019-05-07T18:15:46,552009044+02:00
57.013722
9.988032333
0.0288
nan
0.0
 
2019-05-07T18:15:46,756925336+02:00
57.013721833
9.988032167
0.1116
nan
0.0
 
2019-05-07T18:15:47,155904975+02:00
57.013721333
9.9880315
0.0288
nan
0.0
 
2019-05-07T18:15:47,378905250+02:00
57.013721
9.988031167
0.0936
nan
0.0
 
2019-05-07T18:15:47,754077946+02:00
57.013720833
9.988031
0.0936
nan
0.0
 
2019-05-07T18:15:48,154199570+02:00
57.013720667
9.9880305
0.054
nan
0.0
 
2019-05-07T18:15:48,380379030+02:00
57.013720167
9.988029833
0.1764
nan
0.0
 
2019-05-07T18:15:48,755629109+02:00
57.013719833
9.988029333
0.0648
nan
0.0
 
2019-05-07T18:15:48,946896442+02:00
57.0137195
9.988028833
0.1188
nan
0.0
 
2019-05-07T18:15:49,347745778+02:00
57.013719
9.988028
0.1404
nan
0.0
 
2019-05-07T18:15:49,756286440+02:00
57.0137185
9.988027167
0.144
nan
0.0
 
2019-05-07T18:15:49,973443444+02:00
57.0137185
9.988027
0.0432
nan
0.0
 
2019-05-07T18:15:50,355863066+02:00
57.013717333
9.988025667
0.0396
nan
0.0
 
2019-05-07T18:15:50,552216308+02:00
57.013717333
9.988025333
0.1692
nan
0.0
 
2019-05-07T18:15:50,952358335+02:00
57.013717333
9.988024667
0.0936
nan
0.0
 
2019-05-07T18:15:51,156643864+02:00
57.0137175
9.9880245
0.1368
nan
0.0
 
2019-05-07T18:15:51,557024160+02:00
57.013717667
9.988024
0.198
nan
0.0
 
2019-05-07T18:15:51,955787875+02:00
57.0137175
9.988023833
0.1872
nan
0.0
 
2019-05-07T18:15:52,356107751+02:00
57.013717833
9.988023667
0.036
nan
0.0
 
2019-05-07T18:15:52,565497279+02:00
57.013717667
9.9880235
0.3348
nan
0.0
 
2019-05-07T18:15:52,955054818+02:00
57.013718
9.988023667
0.0108
nan
0.0
 
2019-05-07T18:15:53,192731151+02:00
57.013718
9.988023667
0.108
nan
0.0
 
2019-05-07T18:15:53,556566350+02:00
57.0137185
9.988023833
0.0792
nan
0.0
 
2019-05-07T18:15:53,776748507+02:00
57.0137185
9.988023667
0.09
nan
0.0
 
2019-05-07T18:15:54,163865284+02:00
57.013718833
9.988023833
0.0864
nan
0.0
 
2019-05-07T18:15:54,557071753+02:00
57.013719
9.988023667
0.0612
nan
0.0
 
2019-05-07T18:15:54,754944773+02:00
57.013719167
9.988023667
0.0972
nan
0.0
 
2019-05-07T18:15:54,990837915+02:00
57.013719333
9.9880235
0.072
nan
0.0
 
2019-05-07T18:15:55,358453825+02:00
57.0137195
9.9880235
0.0864
nan
0.0
 
2019-05-07T18:15:55,599432821+02:00
57.0137195
9.9880235
0.1476
nan
0.0
 
2019-05-07T18:15:55,957470291+02:00
57.013719333
9.988023167
0.1728
nan
0.0
 
2019-05-07T18:15:56,188136649+02:00
57.013719167
9.988023
0.0432
nan
0.0
 
2019-05-07T18:15:56,555860190+02:00
57.013719333
9.988022667
0.0684
nan
0.0
 
2019-05-07T18:15:56,760751766+02:00
57.0137195
9.988022667
0.0432
nan
0.0
 
2019-05-07T18:15:57,159821267+02:00
57.013719833
9.9880225
0.2088
nan
0.0
 
2019-05-07T18:15:57,560821515+02:00
57.013719667
9.9880225
0.4212
nan
0.0
 
2019-05-07T18:15:57,961743345+02:00
57.01372
9.988022833
0.1332
nan
0.0
 
2019-05-07T18:15:58,158871579+02:00
57.013720167
9.988023
0.0684
nan
0.0
 
2019-05-07T18:15:58,567310863+02:00
57.013720333
9.988023167
0.0396
nan
0.0
 
2019-05-07T18:15:58,963922764+02:00
57.0137205
9.988023167
0.2664
nan
0.0
 
2019-05-07T18:15:59,370122096+02:00
57.013720833
9.988023333
0.054
nan
0.0
 
2019-05-07T18:15:59,759599834+02:00
57.013721167
9.988023333
0.0972
nan
0.0
 
2019-05-07T18:15:59,952648117+02:00
57.013721333
9.988023167
0.0396
nan
0.0
 
2019-05-07T18:16:00,168865428+02:00
57.013721667
9.988023167
0.2016
nan
0.0
 
2019-05-07T18:16:00,558305669+02:00
57.013722
9.9880235
0.162
nan
0.0
 
2019-05-07T18:16:00,795769999+02:00
57.013722
9.988023333
0.1512
nan
0.0
 
2019-05-07T18:16:01,158521530+02:00
57.013722167
9.988023
0.0432
nan
0.0
 
2019-05-07T18:16:01,567377426+02:00
57.013722333
9.988022833
0.0936
nan
0.0
 
2019-05-07T18:16:01,959854307+02:00
57.013722167
9.988022667
0.0684
nan
0.0
 
2019-05-07T18:16:02,184875605+02:00
57.0137225
9.9880225
0.1332
nan
0.0
 
2019-05-07T18:16:02,555534948+02:00
57.013723
9.988022667
0.0828
nan
0.0
 
2019-05-07T18:16:02,777088097+02:00
57.013723333
9.9880225
0.0504
nan
0.0
 
2019-05-07T18:16:02,974260614+02:00
57.0137235
9.988022667
0.1296
nan
0.0
 
2019-05-07T18:16:03,356925352+02:00
57.013724
9.988022667
0.0756
nan
0.0
 
2019-05-07T18:16:03,565622684+02:00
57.0137245
9.988023
0.144
nan
0.0
 
2019-05-07T18:16:03,962517230+02:00
57.013724833
9.988022667
0.216
nan
0.0
 
2019-05-07T18:16:04,162385772+02:00
57.013725167
9.988022667
0.0936
nan
0.0
 
2019-05-07T18:16:04,576036464+02:00
57.013725333
9.9880225
0.1296
nan
0.0
 
2019-05-07T18:16:04,963589152+02:00
57.013725833
9.9880225
0.144
nan
0.0
 
2019-05-07T18:16:05,559133053+02:00
57.013726167
9.988022167
0.0432
nan
0.0
 
2019-05-07T18:16:05,965270490+02:00
57.0137265
9.988022333
0.1224
nan
0.0
 
2019-05-07T18:16:06,185437925+02:00
57.0137265
9.988022167
0.0612
nan
0.0
 
2019-05-07T18:16:06,562025011+02:00
57.013726667
9.988022
0.1404
nan
0.0
 
2019-05-07T18:16:06,764448822+02:00
57.013726833
9.988022
0.0972
nan
0.0
 
2019-05-07T18:16:06,999788055+02:00
57.013727
9.988022
0.1656
nan
0.0
 
2019-05-07T18:16:07,365300149+02:00
57.013726833
9.9880215
0.1764
nan
0.0
 
2019-05-07T18:16:07,756745601+02:00
57.013726667
9.988021167
0.0684
nan
0.0
 
2019-05-07T18:16:07,969313646+02:00
57.0137265
9.988020833
0.1836
nan
0.0
 
2019-05-07T18:16:08,358746016+02:00
57.013726833
9.988020833
0.1188
nan
0.0
 
2019-05-07T18:16:08,763566912+02:00
57.013727167
9.988020833
0.144
nan
0.0
 
2019-05-07T18:16:09,173650898+02:00
57.013727667
9.988021
0.1008
nan
0.0
 
2019-05-07T18:16:09,563355456+02:00
57.013728
9.988021333
0.0432
nan
0.0
 
2019-05-07T18:16:09,761510065+02:00
57.013728167
9.988021333
0.018
nan
0.0
 
2019-05-07T18:16:09,972154677+02:00
57.013728333
9.9880215
0.0144
nan
0.0
 
2019-05-07T18:16:10,363124288+02:00
57.013728667
9.988021667
0.0288
nan
0.0
 
2019-05-07T18:16:10,771549428+02:00
57.013729
9.988021667
0.1512
nan
0.0
 
2019-05-07T18:16:11,161730701+02:00
57.0137295
9.988022
0.072
nan
0.0
 
2019-05-07T18:16:11,561821782+02:00
57.013729833
9.988022167
0.0108
nan
0.0
 
2019-05-07T18:16:11,772732707+02:00
57.01373
9.988022167
0.0612
nan
0.0
 
2019-05-07T18:16:11,989944389+02:00
57.013730167
9.9880225
0.0684
nan
0.0
 
2019-05-07T18:16:12,573584873+02:00
57.013730833
9.988022667
0.036
nan
0.0
 
2019-05-07T18:16:12,760772142+02:00
57.013731
9.988022667
0.126
nan
0.0
 
2019-05-07T18:16:13,168532246+02:00
57.013731333
9.9880225
0.1152
nan
0.0
 
2019-05-07T18:16:13,377111582+02:00
57.013731333
9.9880225
0.0972
nan
0.0
 
2019-05-07T18:16:13,758116087+02:00
57.0137315
9.988022167
0.126
nan
0.0
 
2019-05-07T18:16:13,995744865+02:00
57.0137315
9.988021833
0.0756
nan
0.0
 
2019-05-07T18:16:14,370354130+02:00
57.0137315
9.9880215
0.0288
nan
0.0
 
2019-05-07T18:16:14,765422258+02:00
57.013731333
9.9880205
0.306
nan
0.0
 
2019-05-07T18:16:15,158488375+02:00
57.013731167
9.98802
0.0576
nan
0.0
 
2019-05-07T18:16:15,365951544+02:00
57.013731
9.988019667
0.1512
nan
0.0
 
2019-05-07T18:16:15,582183443+02:00
57.013730667
9.988019333
0.0828
nan
0.0
 
2019-05-07T18:16:16,167862628+02:00
57.01373
9.988018667
0.09
nan
0.0
 
2019-05-07T18:16:16,559752348+02:00
57.013730333
9.988019
0.0576
nan
0.0
 
2019-05-07T18:16:16,964359509+02:00
57.013730667
9.988019333
0.0504
nan
0.0
 
2019-05-07T18:16:17,177881651+02:00
57.013730667
9.988019333
0.1008
nan
0.0
 
2019-05-07T18:16:17,564751868+02:00
57.013731
9.988019667
0.2088
nan
0.0
 
2019-05-07T18:16:17,982575309+02:00
57.013730833
9.9880195
0.0864
nan
0.0
 
2019-05-07T18:16:18,183466056+02:00
57.013731
9.988019667
0.0432
nan
0.0
 
2019-05-07T18:16:18,571445685+02:00
57.013731333
9.988020167
0.0468
nan
0.0
 
2019-05-07T18:16:18,773426260+02:00
57.0137315
9.988020333
0.0468
nan
0.0
 
2019-05-07T18:16:19,183414998+02:00
57.0137315
9.988020333
0.0252
nan
0.0
 
2019-05-07T18:16:19,571089582+02:00
57.013731333
9.9880205
0.0828
nan
0.0
 
2019-05-07T18:16:19,776101634+02:00
57.013731333
9.988020333
0.0288
nan
0.0
 
2019-05-07T18:16:19,972966856+02:00
57.013731167
9.988020333
0.0252
nan
0.0
 
2019-05-07T18:16:20,199054981+02:00
57.013731167
9.9880205
0.0576
nan
0.0
 
2019-05-07T18:16:20,570307358+02:00
57.013731167
9.988020667
0.09
nan
0.0
 
2019-05-07T18:16:20,770491216+02:00
57.013731167
9.988020667
0.0468
nan
0.0
 
2019-05-07T18:16:21,171983521+02:00
57.0137315
9.988021
0.2016
nan
0.0
 
2019-05-07T18:16:22,366874458+02:00
57.013732167
9.988021667
0.1116
nan
0.0
 
2019-05-07T18:16:22,566356954+02:00
57.0137325
9.988022
0.0684
nan
0.0
 
2019-05-07T18:16:22,780470768+02:00
57.013732667
9.988022167
0.0612
nan
0.0
 
2019-05-07T18:16:23,181627384+02:00
57.013732667
9.988022167
0.144
nan
0.0
 
2019-05-07T18:16:23,574006286+02:00
57.013732667
9.988022
0.0324
nan
0.0
 
2019-05-07T18:16:23,965898227+02:00
57.013733
9.988022167
0.2412
nan
0.0
 
2019-05-07T18:16:24,376026350+02:00
57.013733167
9.9880225
0.0504
nan
0.0
 
2019-05-07T18:16:24,603605960+02:00
57.013733167
9.9880225
0.1296
nan
0.0
 
2019-05-07T18:16:24,969797507+02:00
57.0137335
9.988023167
0.0396
nan
0.0
 
2019-05-07T18:16:25,196095752+02:00
57.0137335
9.988023167
0.0036
nan
0.0
 
2019-05-07T18:16:25,407008849+02:00
57.013733667
9.9880235
0.0432
nan
0.0
 
2019-05-07T18:16:25,767440772+02:00
57.013733833
9.988023833
0.1404
nan
0.0
 
2019-05-07T18:16:25,967176534+02:00
57.013733833
9.988023833
0.0792
nan
0.0
 
2019-05-07T18:16:26,196397112+02:00
57.013734
9.988023833
0.0972
nan
0.0
 
2019-05-07T18:16:26,379904087+02:00
57.013734167
9.988024
0.1224
nan
0.0
 
2019-05-07T18:16:26,770838461+02:00
57.013734333
9.988024167
0.0288
nan
0.0
 
2019-05-07T18:16:27,168058784+02:00
57.0137345
9.988024167
0.1188
nan
0.0
 
2019-05-07T18:16:27,380760909+02:00
57.013734333
9.988024
0.1116
nan
0.0
 
2019-05-07T18:16:27,585919718+02:00
57.013734333
9.988024167
0.0612
nan
0.0
 
2019-05-07T18:16:27,779059560+02:00
57.013734333
9.988024
0.126
nan
0.0
 
2019-05-07T18:16:28,179746044+02:00
57.0137345
9.988024167
0.0504
nan
0.0
 
2019-05-07T18:16:28,572797699+02:00
57.0137345
9.988023833
0.0828
nan
0.0
 
2019-05-07T18:16:28,782163633+02:00
57.013734333
9.988023667
0.0684
nan
0.0
 
2019-05-07T18:16:29,176397923+02:00
57.013734333
9.988023667
0.0432
nan
0.0
 
2019-05-07T18:16:29,395402703+02:00
57.013734167
9.9880235
0.072
nan
0.0
 
2019-05-07T18:16:29,775172602+02:00
57.013734
9.988023333
0.0252
nan
0.0
 
2019-05-07T18:16:30,009790949+02:00
57.013733833
9.988023167
0.036
nan
0.0
 
2019-05-07T18:16:30,383060030+02:00
57.013733667
9.988022833
0.072
nan
0.0
 
2019-05-07T18:16:30,769426655+02:00
57.0137335
9.988022333
0.1044
nan
0.0
 
2019-05-07T18:16:30,971074929+02:00
57.013733333
9.988022333
0.0828
nan
0.0
 
2019-05-07T18:16:31,175684155+02:00
57.013733333
9.988022167
0.1116
nan
0.0
 
2019-05-07T18:16:31,572757163+02:00
57.013733
9.988022
0.0396
nan
0.0
 
2019-05-07T18:16:31,799810222+02:00
57.013732833
9.988021667
0.072
nan
0.0
 
2019-05-07T18:16:32,171561744+02:00
57.013732333
9.988021167
0.0612
nan
0.0
 
2019-05-07T18:16:32,385703312+02:00
57.013732
9.988020833
0.0864
nan
0.0
 
2019-05-07T18:16:32,770676777+02:00
57.013731833
9.9880205
0.1368
nan
0.0
 
2019-05-07T18:16:32,997823620+02:00
57.013731833
9.9880205
0.1548
nan
0.0
 
2019-05-07T18:16:33,371989166+02:00
57.013731833
9.988020333
0.126
nan
0.0
 
2019-05-07T18:16:33,576541252+02:00
57.013732
9.988020333
0.126
nan
0.0
 
2019-05-07T18:16:33,781194676+02:00
57.013732167
9.988020167
0.0972
nan
0.0
 
2019-05-07T18:16:33,971343108+02:00
57.013732167
9.988020167
0.0684
nan
0.0
 
2019-05-07T18:16:34,370266201+02:00
57.013732333
9.988020333
0.1332
nan
0.0
 
2019-05-07T18:16:34,585586532+02:00
57.013732333
9.988020333
0.108
nan
0.0
 
2019-05-07T18:16:34,976985254+02:00
57.013732333
9.9880205
0.0612
nan
0.0
 
2019-05-07T18:16:35,185265285+02:00
57.0137325
9.988020833
0.072
nan
0.0
 
2019-05-07T18:16:35,582642365+02:00
57.013732333
9.988021
0.0612
nan
0.0
 
2019-05-07T18:16:35,981086682+02:00
57.013732167
9.988020667
0.0252
nan
0.0
 
2019-05-07T18:16:36,374384005+02:00
57.013732
9.988020833
0.1548
nan
0.0
 
2019-05-07T18:16:36,619255610+02:00
57.013732167
9.988021
0.1332
nan
0.0
 
2019-05-07T18:16:36,972346038+02:00
57.013732167
9.988021167
0.036
nan
0.0
 
2019-05-07T18:16:37,375983869+02:00
57.013731833
9.988020667
0.0972
nan
0.0
 
2019-05-07T18:16:37,585613148+02:00
57.013731667
9.988020667
0.072
nan
0.0
 
2019-05-07T18:16:37,976303540+02:00
57.013731333
9.988020667
0.0216
nan
0.0
 
2019-05-07T18:16:38,183899746+02:00
57.013731333
9.988020833
0.0036
nan
0.0
 
2019-05-07T18:16:38,386864303+02:00
57.013731333
9.988021
0.054
nan
0.0
 
2019-05-07T18:16:38,776851348+02:00
57.013731167
9.988020833
0.0468
nan
0.0
 
2019-05-07T18:16:39,004440393+02:00
57.013731167
9.988020667
0.0648
nan
0.0
 
2019-05-07T18:16:39,375203398+02:00
57.013731
9.988020333
0.0684
nan
0.0
 
2019-05-07T18:16:39,594707195+02:00
57.013730833
9.988020333
0.0216
nan
0.0
 
2019-05-07T18:16:39,969159374+02:00
57.0137305
9.98802
0.0216
nan
0.0
 
2019-05-07T18:16:40,188190411+02:00
57.013730333
9.988019833
0.0612
nan
0.0
 
2019-05-07T18:16:40,568614314+02:00
57.013730167
9.98802
0.1188
nan
0.0
 
2019-05-07T18:16:40,804764547+02:00
57.013730167
9.988019833
0.2016
nan
0.0
 
2019-05-07T18:16:41,175897161+02:00
57.013729833
9.988019833
0.1404
nan
0.0
 
2019-05-07T18:16:41,400880033+02:00
57.013729833
9.988019833
0.0108
nan
0.0
 
2019-05-07T18:16:41,775383992+02:00
57.013729333
9.988019833
0.0216
nan
0.0
 
2019-05-07T18:16:41,976256348+02:00
57.013729167
9.988019667
0.0288
nan
0.0
 
2019-05-07T18:16:42,188794957+02:00
57.013729
9.988019333
0.0684
nan
0.0
 
2019-05-07T18:16:42,407762194+02:00
57.013728667
9.988019
0.0396
nan
0.0
 
2019-05-07T18:16:42,775153604+02:00
57.013728333
9.988018667
0.0648
nan
0.0
 
2019-05-07T18:16:42,977920494+02:00
57.013728167
9.9880185
0.0864
nan
0.0
 
2019-05-07T18:16:43,173377051+02:00
57.013728
9.988018333
0.0612
nan
0.0
 
2019-05-07T18:16:43,400144301+02:00
57.013728
9.9880185
0.072
nan
0.0
 
2019-05-07T18:16:43,774643789+02:00
57.0137275
9.988018167
0.0432
nan
0.0
 
2019-05-07T18:16:43,986968920+02:00
57.0137275
9.988018
0.036
nan
0.0
 
2019-05-07T18:16:44,394357948+02:00
57.013727333
9.988017833
0.0756
nan
0.0
 
2019-05-07T18:16:44,604370409+02:00
57.013727167
9.988017667
0.0468
nan
0.0
 
2019-05-07T18:16:44,977651925+02:00
57.013726667
9.988017333
0.0108
nan
0.0
 
2019-05-07T18:16:45,180389821+02:00
57.013726667
9.988017167
0.072
nan
0.0
 
2019-05-07T18:16:45,571716821+02:00
57.013726167
9.988016833
0.0288
nan
0.0
 
2019-05-07T18:16:45,770393066+02:00
57.013726
9.9880165
0.0684
nan
0.0
 
2019-05-07T18:16:45,990920724+02:00
57.013725833
9.988016333
0.0108
nan
0.0
 
2019-05-07T18:16:46,375825570+02:00
57.013725333
9.988015833
0.1008
nan
0.0
 
2019-05-07T18:16:46,589644759+02:00
57.013725333
9.988015667
0.108
nan
0.0
 
2019-05-07T18:16:46,975750584+02:00
57.013725
9.9880155
0.0468
nan
0.0
 
2019-05-07T18:16:47,370921178+02:00
57.013724667
9.988014833
0.108
nan
0.0
 
2019-05-07T18:16:47,585292449+02:00
57.0137245
9.988014833
0.0576
nan
0.0
 
2019-05-07T18:16:47,973154529+02:00
57.013724
9.9880145
0.0828
nan
0.0
 
2019-05-07T18:16:48,384155390+02:00
57.013723833
9.988014167
0.1512
nan
0.0
 
2019-05-07T18:16:48,584548474+02:00
57.013723667
9.988014
0.0576
nan
0.0
 
2019-05-07T18:16:48,980054113+02:00
57.0137235
9.988013833
0.09
nan
0.0
 
2019-05-07T18:16:49,576697703+02:00
57.013723
9.988013333
0.072
nan
0.0
 
2019-05-07T18:16:49,985384308+02:00
57.013722833
9.988012833
0.1332
nan
0.0
 
2019-05-07T18:16:50,574739782+02:00
57.0137225
9.988012167
0.0396
nan
0.0
 
2019-05-07T18:16:50,972544554+02:00
57.013722167
9.988011833
0.09
nan
0.0
 
2019-05-07T18:16:51,178676389+02:00
57.013722
9.9880115
0.0864
nan
0.0
 
2019-05-07T18:16:51,572366573+02:00
57.013721667
9.988011
0.0792
nan
0.0
 
2019-05-07T18:16:51,980980105+02:00
57.013721333
9.988010333
0.1332
nan
0.0
 
2019-05-07T18:16:52,374857103+02:00
57.013720833
9.988009833
0.0648
nan
0.0
 
2019-05-07T18:16:52,786800608+02:00
57.013720333
9.988009
0.0792
nan
0.0
 
2019-05-07T18:16:53,175520658+02:00
57.013719833
9.988008333
0.1188
nan
0.0
 
2019-05-07T18:16:53,585483120+02:00
57.013719667
9.988008
0.0612
nan
0.0
 
2019-05-07T18:16:54,177138410+02:00
57.013719333
9.9880075
0.0684
nan
0.0
 
2019-05-07T18:16:54,387887498+02:00
57.013719333
9.988007
0.1368
nan
0.0
 
2019-05-07T18:16:54,608564698+02:00
57.013719167
9.988006667
0.0396
nan
0.0
 
2019-05-07T18:16:55,180139075+02:00
57.0137195
9.988006167
0.0756
nan
0.0
 
2019-05-07T18:16:55,396485488+02:00
57.01372
9.988006333
0.0396
nan
0.0
 
2019-05-07T18:16:55,781457565+02:00
57.013721
9.9880065
0.036
nan
0.0
 
2019-05-07T18:16:55,992094833+02:00
57.0137215
9.988006667
0.1044
nan
0.0
 
2019-05-07T18:16:56,379253781+02:00
57.013722167
9.988007
0.036
nan
0.0
 
2019-05-07T18:16:56,589340921+02:00
57.013722667
9.988007333
0.0432
nan
0.0
 
2019-05-07T18:16:56,792521055+02:00
57.013723
9.9880075
0.0684
nan
0.0
 
2019-05-07T18:16:57,181813214+02:00
57.013723833
9.988008167
0.0324
nan
0.0
 
2019-05-07T18:16:57,404230325+02:00
57.013724333
9.988008667
0.0468
nan
0.0
 
2019-05-07T18:16:57,775157527+02:00
57.013725167
9.988009333
0.1296
nan
0.0
 
2019-05-07T18:16:57,999070585+02:00
57.0137255
9.988009667
0.036
nan
0.0
 
2019-05-07T18:16:58,204848143+02:00
57.013726
9.98801
0.0468
nan
0.0
 
2019-05-07T18:16:58,573399272+02:00
57.013726667
9.9880105
0.0216
nan
0.0
 
2019-05-07T18:16:58,783850522+02:00
57.013727
9.988010833
0.072
nan
0.0
 
2019-05-07T18:16:59,375536954+02:00
57.013727833
9.988011667
0.0828
nan
0.0
 
2019-05-07T18:16:59,782962212+02:00
57.013728333
9.988012167
0.0648
nan
0.0
 
2019-05-07T18:17:00,394488815+02:00
57.013729
9.988012833
0.0396
nan
0.0
 
2019-05-07T18:17:00,593446506+02:00
57.013729
9.988013
0.036
nan
0.0
 
2019-05-07T18:17:00,972437194+02:00
57.013729333
9.9880135
0.0576
nan
0.0
 
2019-05-07T18:17:01,385464172+02:00
57.0137295
9.988013667
0.0324
nan
0.0
 
2019-05-07T18:17:01,779677772+02:00
57.013729667
9.988014167
0.0576
nan
0.0
 
2019-05-07T18:17:02,177187944+02:00
57.01373
9.9880145
0.036
nan
0.0
 
2019-05-07T18:17:02,579287486+02:00
57.013730333
9.988015
0.0252
nan
0.0
 
2019-05-07T18:17:02,783614155+02:00
57.013730333
9.988015
0.0324
nan
0.0
 
                                                                                                                                                                                                                                                                                                                                                                                                                                                                                                                                                                                                                                                                                                                                                                                                                                                                                                                                                                                                                                                                                                                                                                                                                                                                                                                                                                                                                                                                                                                                                                                                                                                                                                                                                                                                                                                                                                                                                                                                                                                                                                                                                                                                                                                                                                                                                                                                                                                                                                                                                                                                                                                                                                                                                                                        