
2019-05-07T14:29:29,174648007+02:00
57.014065333
9.987069167
0.1692
nan
0.0
 
2019-05-07T14:29:29,378942191+02:00
57.014064667
9.987069333
0.4068
nan
0.0
 
2019-05-07T14:29:29,603476042+02:00
57.014063833
9.9870695
0.342
nan
0.0
 
2019-05-07T14:29:29,778173451+02:00
57.0140635
9.987068667
0.558
nan
0.0
 
2019-05-07T14:29:29,977114033+02:00
57.014063667
9.987068667
0.3492
nan
0.0
 
2019-05-07T14:29:30,174924870+02:00
57.014063333
9.987068667
0.2808
nan
0.0
 
2019-05-07T14:29:30,374772054+02:00
57.014063667
9.987069833
0.3312
nan
0.0
 
2019-05-07T14:29:30,574155530+02:00
57.014063167
9.987068333
0.2628
nan
0.0
 
2019-05-07T14:29:30,773342253+02:00
57.014064
9.9870685
0.1836
nan
0.0
 
2019-05-07T14:29:30,973708770+02:00
57.014063833
9.987069
0.18
nan
0.0
 
2019-05-07T14:29:31,175949607+02:00
57.0140645
9.9870695
0.3456
nan
0.0
 
2019-05-07T14:29:31,373959735+02:00
57.014064667
9.987070167
0.5688
nan
0.0
 
2019-05-07T14:29:31,574867175+02:00
57.014063833
9.9870705
0.4752
nan
0.0
 
2019-05-07T14:29:31,779214859+02:00
57.0140635
9.9870715
0.3744
nan
0.0
 
2019-05-07T14:29:31,977411041+02:00
57.014063667
9.987072167
0.3816
nan
0.0
 
2019-05-07T14:29:32,176389272+02:00
57.014062
9.9870715
0.3528
nan
0.0
 
2019-05-07T14:29:32,371612266+02:00
57.014061333
9.9870715
0.5004
nan
0.0
 
2019-05-07T14:29:32,576385595+02:00
57.014060833
9.9870715
0.6516
nan
0.0
 
2019-05-07T14:29:32,778979838+02:00
57.014061167
9.987072333
0.5832
nan
0.0
 
2019-05-07T14:29:32,975856472+02:00
57.014060833
9.987072833
0.5724
nan
0.0
 
2019-05-07T14:29:33,174209581+02:00
57.014061333
9.987074167
0.2664
nan
0.0
 
2019-05-07T14:29:33,376248502+02:00
57.014061333
9.987075
0.3132
nan
0.0
 
2019-05-07T14:29:33,575976259+02:00
57.01406
9.987075333
0.6516
nan
0.0
 
2019-05-07T14:29:33,777451920+02:00
57.014059667
9.987076667
0.3996
nan
0.0
 
2019-05-07T14:29:33,984805918+02:00
57.014059667
9.987078667
0.1728
nan
0.0
 
2019-05-07T14:29:34,379328399+02:00
57.014059833
9.987082667
0.7164
nan
0.0
 
2019-05-07T14:29:34,779179457+02:00
57.014059
9.987086
0.8856
nan
0.0
 
2019-05-07T14:29:34,993047590+02:00
57.0140585
9.987086833
0.7236
nan
0.0
 
2019-05-07T14:29:35,211126401+02:00
57.014058167
9.987088667
0.8604
nan
0.0
 
2019-05-07T14:29:35,576252354+02:00
57.014059
9.987093667
1.3284
nan
0.0
 
2019-05-07T14:29:35,805447551+02:00
57.014059333
9.987096333
1.5516
nan
0.0
 
2019-05-07T14:29:36,194152951+02:00
57.014060167
9.987099833
1.5768
nan
0.0
 
2019-05-07T14:29:36,579530019+02:00
57.0140595
9.9871025
1.0152
nan
0.0
 
2019-05-07T14:29:36,982077163+02:00
57.014058333
9.987103833
0.162
nan
0.0
 
2019-05-07T14:29:37,219758890+02:00
57.014058667
9.987105
0.2628
nan
0.0
 
2019-05-07T14:29:37,586811550+02:00
57.0140595
9.987109167
0.5832
nan
0.0
 
2019-05-07T14:29:37,984733892+02:00
57.014058667
9.987111333
0.1008
nan
0.0
 
2019-05-07T14:29:38,186038033+02:00
57.014058333
9.9871125
0.1152
nan
0.0
 
2019-05-07T14:29:38,595467493+02:00
57.014058167
9.9871145
0.1476
nan
0.0
 
2019-05-07T14:29:39,005468387+02:00
57.014058
9.9871165
0.0504
nan
0.0
 
2019-05-07T14:29:39,398972841+02:00
57.0140595
9.987120333
0.4104
nan
0.0
 
2019-05-07T14:29:39,783864764+02:00
57.01406
9.987122333
0.018
nan
0.0
 
2019-05-07T14:29:40,180310906+02:00
57.014060667
9.987124667
0.216
nan
0.0
 
2019-05-07T14:29:40,423861006+02:00
57.0140615
9.987126167
0.1188
nan
0.0
 
2019-05-07T14:29:40,791516327+02:00
57.014062833
9.987129667
0.4284
nan
0.0
 
2019-05-07T14:29:41,176561990+02:00
57.014062333
9.987131667
0.1368
nan
0.0
 
2019-05-07T14:29:41,592427870+02:00
57.014062167
9.987133167
0.2232
nan
0.0
 
2019-05-07T14:29:41,822890263+02:00
57.014062
9.987134333
0.126
nan
0.0
 
2019-05-07T14:29:42,192168124+02:00
57.014060833
9.987136333
0.4572
nan
0.0
 
2019-05-07T14:29:42,586924024+02:00
57.014059
9.987137333
0.7344
nan
0.0
 
2019-05-07T14:29:42,983385066+02:00
57.0140575
9.987139
0.6588
nan
0.0
 
2019-05-07T14:29:43,385578904+02:00
57.014057
9.987139833
0.6012
nan
0.0
 
2019-05-07T14:29:43,812367080+02:00
57.014056833
9.987140167
0.4752
nan
0.0
 
2019-05-07T14:29:44,184487213+02:00
57.014057
9.987141667
0.36
nan
0.0
 
2019-05-07T14:29:44,580681413+02:00
57.014058667
9.987143667
0.1764
nan
0.0
 
2019-05-07T14:29:44,780195350+02:00
57.014059667
9.9871445
0.342
nan
0.0
 
2019-05-07T14:29:45,182563503+02:00
57.014059
9.9871455
0.4716
nan
0.0
 
2019-05-07T14:29:45,603484793+02:00
57.014060833
9.987147167
0.1836
nan
0.0
 
2019-05-07T14:29:45,997966739+02:00
57.014061833
9.987148333
0.2088
nan
0.0
 
2019-05-07T14:29:46,384791069+02:00
57.0140625
9.9871495
0.2844
nan
0.0
 
2019-05-07T14:29:46,790746545+02:00
57.014062667
9.987151667
0.0864
nan
0.0
 
2019-05-07T14:29:47,184423490+02:00
57.014064667
9.987154167
0.576
nan
0.0
 
2019-05-07T14:29:47,425086067+02:00
57.014065667
9.987155333
0.7236
nan
0.0
 
2019-05-07T14:29:47,787700679+02:00
57.014067167
9.987158167
0.8712
nan
0.0
 
2019-05-07T14:29:48,199198573+02:00
57.0140685
9.987160333
0.9432
nan
0.0
 
2019-05-07T14:29:48,591958590+02:00
57.014069167
9.987161167
0.6444
nan
0.0
 
2019-05-07T14:29:48,994828827+02:00
57.0140695
9.9871625
0.4248
nan
0.0
 
2019-05-07T14:29:49,391539036+02:00
57.014073
9.987163833
0.8316
nan
0.0
 
2019-05-07T14:29:49,790489932+02:00
57.014072167
9.987163833
0.3888
nan
0.0
 
2019-05-07T14:29:50,185990082+02:00
57.014071833
9.987163667
0.6804
nan
0.0
 
2019-05-07T14:29:50,593453646+02:00
57.014073833
9.987165333
0.5508
nan
0.0
 
2019-05-07T14:29:50,984711564+02:00
57.014075167
9.987168
0.2088
nan
0.0
 
2019-05-07T14:29:51,387787554+02:00
57.014075833
9.9871705
0.414
nan
0.0
 
2019-05-07T14:29:51,788758009+02:00
57.014075833
9.987172167
0.1332
nan
0.0
 
2019-05-07T14:29:51,979201118+02:00
57.014077667
9.987173
0.468
nan
0.0
 
2019-05-07T14:29:52,378239816+02:00
57.014081
9.9871755
0.9108
nan
0.0
 
2019-05-07T14:29:52,779491275+02:00
57.014082167
9.9871765
0.324
nan
0.0
 
2019-05-07T14:29:53,183930289+02:00
57.014083667
9.987177
0.4068
nan
0.0
 
2019-05-07T14:29:53,584118205+02:00
57.014085167
9.987178167
0.3672
nan
0.0
 
2019-05-07T14:29:53,985736571+02:00
57.014086833
9.987179833
0.5724
nan
0.0
 
2019-05-07T14:29:54,206662879+02:00
57.014087333
9.98718
0.5076
nan
0.0
 
2019-05-07T14:29:54,582098293+02:00
57.0140895
9.987182333
0.6192
nan
0.0
 
2019-05-07T14:29:54,797211666+02:00
57.014088667
9.987182667
0.324
nan
0.0
 
