
2019-04-15T15:35:09,128107619+02:00
57.014004167
9.987315667
0.0432
16.2
0.0
 
2019-04-15T15:35:10,129083759+02:00
57.014003
9.987309333
0.0612
16.5
0.0
 
2019-04-15T15:35:27,641278070+02:00
57.014001667
9.9873055
0.054
16.8
0.0
 
2019-04-15T15:35:28,152101712+02:00
57.013998833
9.987254333
0.0936
23.4
0.0
 
2019-04-15T15:35:29,144968598+02:00
57.013998667
9.987252333
0.0612
23.5
0.0
 
2019-04-15T15:35:30,135897642+02:00
57.013999833
9.987251167
0.0468
23.8
0.0
 
2019-04-15T15:35:31,139720606+02:00
57.014000333
9.987250167
0.0288
24.0
0.0
 
2019-04-15T15:35:32,139973750+02:00
57.014000667
9.987249167
0.0756
24.1
0.0
 
2019-04-15T15:35:33,139031083+02:00
57.014001167
9.987248167
0.1008
24.4
0.0
 
2019-04-15T15:35:34,140254689+02:00
57.014002
9.987247333
0.1512
24.6
0.0
 
2019-04-15T15:35:35,141740250+02:00
57.014002667
9.987246333
0.0612
24.9
0.0
 
2019-04-15T15:35:36,143470301+02:00
57.014004
9.987245333
0.1512
25.2
0.0
 
2019-04-15T15:35:37,155553705+02:00
57.014005167
9.9872445
0.1692
25.6
0.0
 
2019-04-15T15:35:38,141803030+02:00
57.0140055
9.9872445
0.1476
25.9
0.0
 
2019-04-15T15:35:39,157019928+02:00
57.014005667
9.9872445
0.1548
26.2
0.0
 
2019-04-15T15:35:40,135829585+02:00
57.014005833
9.987243333
0.0792
26.6
0.0
 
2019-04-15T15:35:41,157015810+02:00
57.014006333
9.9872425
0.1116
27.1
0.0
 
2019-04-15T15:35:42,163543272+02:00
57.014006667
9.987242
0.0504
27.5
0.0
 
2019-04-15T15:35:43,148287927+02:00
57.014007667
9.987241
0.2808
28.0
0.0
 
2019-04-15T15:35:44,160453475+02:00
57.014007833
9.987240667
0.1152
28.3
0.0
 
2019-04-15T15:35:45,142862096+02:00
57.014008667
9.987240167
0.1512
28.6
0.0
 
2019-04-15T15:35:46,143288149+02:00
57.014008333
9.987239333
0.1404
28.8
0.0
 
2019-04-15T15:35:47,152632112+02:00
57.014008
9.987239667
0.0216
29.0
0.0
 
2019-04-15T15:35:48,147068369+02:00
57.014007833
9.987239333
0.0936
29.1
0.0
 
2019-04-15T15:35:49,142653650+02:00
57.014007
9.987239333
0.0468
29.2
0.0
 
2019-04-15T15:35:50,161014172+02:00
57.0140065
9.987238667
0.0576
29.3
0.0
 
2019-04-15T15:35:51,148138914+02:00
57.014005667
9.987239
0.1332
29.5
0.0
 
2019-04-15T15:35:52,144173791+02:00
57.0140045
9.987239
0.072
29.6
0.0
 
2019-04-15T15:35:53,150090359+02:00
57.014003
9.987238333
0.0252
29.6
0.0
 
2019-04-15T15:35:54,153147917+02:00
57.014001667
9.987238333
0.2268
29.6
0.0
 
2019-04-15T15:35:55,148662462+02:00
57.0140005
9.987238167
0.0288
29.7
0.0
 
2019-04-15T15:35:56,155853297+02:00
57.013999833
9.987238333
0.0972
29.7
0.0
 
2019-04-15T15:35:57,157323223+02:00
57.014
9.9872385
0.0432
29.7
0.0
 
2019-04-15T15:35:58,159732819+02:00
57.013999667
9.987238167
0.1548
29.6
0.0
 
2019-04-15T15:35:59,151528826+02:00
57.013999667
9.987238
0.0936
29.5
0.0
 
2019-04-15T15:36:00,142952848+02:00
57.013998833
9.987237
0.198
29.2
0.0
 
2019-04-15T15:36:01,147322096+02:00
57.013997667
9.987235833
0.2268
29.3
0.0
 
2019-04-15T15:36:02,156770597+02:00
57.013996
9.987235667
0.252
29.6
0.0
 
2019-04-15T15:36:03,176457662+02:00
57.013994333
9.987235
0.0756
29.5
0.0
 
2019-04-15T15:36:04,159823657+02:00
57.013993833
9.987235167
0.2448
29.6
0.0
 
2019-04-15T15:36:05,158558347+02:00
57.013994167
9.987235667
0.1152
29.5
0.0
 
2019-04-15T15:36:06,154937517+02:00
57.013994167
9.987236167
0.0864
29.2
0.0
 
2019-04-15T15:36:07,154803792+02:00
57.013994
9.987236167
0.0108
29.0
0.0
 
2019-04-15T15:36:08,147342838+02:00
57.013993
9.987235667
0.018
28.9
0.0
 
2019-04-15T15:36:09,159420762+02:00
57.013993833
9.987235667
0.1296
28.5
0.0
 
2019-04-15T15:36:12,160794592+02:00
57.013971667
9.986982167
0.0468
-6.8
0.0
 
2019-04-15T15:36:12,523265193+02:00

