
2019-05-07T15:35:34,597473997+02:00
57.014002333
9.987150333
0.1404
nan
0.0
 
2019-05-07T15:35:34,794679074+02:00
57.014001667
9.987149833
0.3132
nan
0.0
 
2019-05-07T15:35:34,999210736+02:00
57.014001333
9.987149667
0.3168
nan
0.0
 
2019-05-07T15:35:35,194221272+02:00
57.014001333
9.9871495
0.1584
nan
0.0
 
2019-05-07T15:35:35,398672579+02:00
57.014001167
9.987149167
0.1872
nan
0.0
 
2019-05-07T15:35:35,593088176+02:00
57.0140015
9.987149167
0.1944
nan
0.0
 
2019-05-07T15:35:35,796020172+02:00
57.014001167
9.9871485
0.0936
nan
0.0
 
2019-05-07T15:35:35,993177996+02:00
57.014000667
9.987148167
0.1152
nan
0.0
 
2019-05-07T15:35:36,197842362+02:00
57.014000333
9.987147667
0.0756
nan
0.0
 
2019-05-07T15:35:36,393712960+02:00
57.014000333
9.987147333
0.1512
nan
0.0
 
2019-05-07T15:35:36,595118680+02:00
57.014000167
9.987147167
0.0612
nan
0.0
 
2019-05-07T15:35:36,791697342+02:00
57.014
9.987147
0.1188
nan
0.0
 
2019-05-07T15:35:36,993770152+02:00
57.014
9.987146667
0.1224
nan
0.0
 
2019-05-07T15:35:37,194449326+02:00
57.014
9.9871465
0.0324
nan
0.0
 
2019-05-07T15:35:37,394223798+02:00
57.014000333
9.987146833
0.1656
nan
0.0
 
2019-05-07T15:35:37,593187193+02:00
57.014001
9.987147
0.504
nan
0.0
 
2019-05-07T15:35:37,793916575+02:00
57.014001
9.987147167
0.3024
nan
0.0
 
2019-05-07T15:35:37,987018022+02:00
57.0140005
9.987147167
0.0864
nan
0.0
 
2019-05-07T15:35:38,195211314+02:00
57.014000333
9.987147833
0.4176
nan
0.0
 
2019-05-07T15:35:38,393253954+02:00
57.013999667
9.987147833
0.1836
nan
0.0
 
2019-05-07T15:35:38,597188750+02:00
57.013998333
9.987147333
0.6264
nan
0.0
 
2019-05-07T15:35:38,794865245+02:00
57.013997833
9.987147333
0.2016
nan
0.0
 
2019-05-07T15:35:38,997335561+02:00
57.0139965
9.987146667
0.3456
nan
0.0
 
2019-05-07T15:35:39,192199488+02:00
57.013996167
9.987147167
0.0684
nan
0.0
 
2019-05-07T15:35:39,390683827+02:00
57.013995667
9.987146833
0.3744
nan
0.0
 
2019-05-07T15:35:39,612231805+02:00
57.013994833
9.9871475
0.2448
nan
0.0
 
2019-05-07T15:35:39,999566528+02:00
57.013995167
9.9871485
0.144
nan
0.0
 
2019-05-07T15:35:40,401453899+02:00
57.013995167
9.987149833
0.1512
nan
0.0
 
2019-05-07T15:35:40,801734993+02:00
57.013994333
9.987150167
0.1188
nan
0.0
 
2019-05-07T15:35:41,204726885+02:00
57.013993833
9.987150333
0.4248
nan
0.0
 
2019-05-07T15:35:41,596466583+02:00
57.013993333
9.98715
0.3744
nan
0.0
 
2019-05-07T15:35:41,998917523+02:00
57.013992667
9.9871495
0.3564
nan
0.0
 
2019-05-07T15:35:42,406819240+02:00
57.013991667
9.987148667
0.5724
nan
0.0
 
2019-05-07T15:35:42,795191571+02:00
57.01399
9.987148667
0.5148
nan
0.0
 
2019-05-07T15:35:43,194365801+02:00
57.013988167
9.987148333
0.828
nan
0.0
 
2019-05-07T15:35:43,415230480+02:00
57.013987
9.987147833
0.5544
nan
0.0
 
2019-05-07T15:35:43,804489871+02:00
57.013985667
9.9871475
0.7956
nan
0.0
 
2019-05-07T15:35:44,200804380+02:00
57.013984833
9.987146167
0.522
nan
0.0
 
2019-05-07T15:35:44,405166849+02:00
57.013984
9.9871455
0.36
nan
0.0
 
2019-05-07T15:35:44,798065426+02:00
57.013982833
9.987146
0.3312
nan
0.0
 
2019-05-07T15:35:45,207063133+02:00
57.0139815
9.9871465
0.6732
nan
0.0
 
2019-05-07T15:35:45,600730278+02:00
57.013981167
9.987147167
0.324
nan
0.0
 
2019-05-07T15:35:45,997889968+02:00
57.013980833
9.987148
0.378
nan
0.0
 
2019-05-07T15:35:46,401256232+02:00
57.013980833
9.987148167
0.1944
nan
0.0
 
2019-05-07T15:35:46,809002747+02:00
57.013979833
9.987148667
0.432
nan
0.0
 
2019-05-07T15:35:47,218933656+02:00
57.013979333
9.987148833
0.504
nan
0.0
 
2019-05-07T15:35:47,408755045+02:00
57.013978667
9.987149167
0.3708
nan
0.0
 
2019-05-07T15:35:47,626550151+02:00
57.013978667
9.987149
0.4392
nan
0.0
 
2019-05-07T15:35:48,002092854+02:00
57.013979
9.987148833
0.1548
nan
0.0
 
2019-05-07T15:35:48,241088213+02:00
57.013978833
9.987148667
0.0972
nan
0.0
 
2019-05-07T15:35:48,601200788+02:00
57.013978833
9.9871485
0.1188
nan
0.0
 
2019-05-07T15:35:48,999196268+02:00
57.013977667
9.987147833
0.63
nan
0.0
 
2019-05-07T15:35:49,425068930+02:00
57.013975167
9.987147167
0.7344
nan
0.0
 
2019-05-07T15:35:49,795572174+02:00
57.013973667
9.987146667
0.4464
nan
0.0
 
2019-05-07T15:35:50,018868079+02:00
57.0139725
9.987146167
0.558
nan
0.0
 
2019-05-07T15:35:50,392064331+02:00
57.013971833
9.987146167
0.4716
nan
0.0
 
2019-05-07T15:35:50,619842313+02:00
57.013972333
9.9871465
0.1332
nan
0.0
 
2019-05-07T15:35:51,012569030+02:00
57.0139705
9.987146167
0.5436
nan
0.0
 
2019-05-07T15:35:51,399531897+02:00
57.013970167
9.987147
0.4212
nan
0.0
 
2019-05-07T15:35:51,797944367+02:00
57.013967667
9.987146667
0.6876
nan
0.0
 
2019-05-07T15:35:52,223343612+02:00
57.013967
9.9871465
0.7848
nan
0.0
 
2019-05-07T15:35:52,619138486+02:00
57.013965833
9.987145833
1.0152
nan
0.0
 
2019-05-07T15:35:53,007148183+02:00
57.013965833
9.987146833
0.666
nan
0.0
 
2019-05-07T15:35:53,412864886+02:00
57.013965
9.987146667
0.9108
nan
0.0
 
2019-05-07T15:35:53,808108765+02:00
57.013965
9.987146833
0.2088
nan
0.0
 
2019-05-07T15:35:54,225949852+02:00
57.013964167
9.987146667
0.198
nan
0.0
 
2019-05-07T15:35:54,604135975+02:00
57.013964333
9.987147833
0.4212
nan
0.0
 
2019-05-07T15:35:55,003243716+02:00
57.013963667
9.987147
0.6804
nan
0.0
 
2019-05-07T15:35:55,201830888+02:00
57.013964
9.9871475
0.0468
nan
0.0
 
2019-05-07T15:35:55,611030370+02:00
57.013964
9.987147
0.5292
nan
0.0
 
2019-05-07T15:35:55,993666782+02:00
57.013963
9.9871465
0.396
nan
0.0
 
2019-05-07T15:35:56,401687673+02:00
57.013962333
9.987144833
0.7092
nan
0.0
 
2019-05-07T15:35:56,804089535+02:00
57.013960333
9.987144667
0.7884
nan
0.0
 
2019-05-07T15:35:57,197325810+02:00
57.013958833
9.987144
1.008
nan
0.0
 
2019-05-07T15:35:57,597499374+02:00
57.013956167
9.987143667
0.7992
nan
0.0
 
