
2019-05-11T17:53:27,918170334+02:00
57.013892
9.987191167
0.2484
nan
0.0
 
2019-05-11T17:53:28,112020065+02:00
57.013892333
9.987192167
0.6984
nan
0.0
 
2019-05-11T17:53:28,311946551+02:00
57.013892333
9.987193
0.7416
nan
0.0
 
2019-05-11T17:53:28,512617305+02:00
57.013892333
9.9871935
0.5508
nan
0.0
 
2019-05-11T17:53:28,711585210+02:00
57.013892333
9.987194167
0.5976
nan
0.0
 
2019-05-11T17:53:28,910152763+02:00
57.0138925
9.9871945
0.5616
nan
0.0
 
2019-05-11T17:53:29,110550981+02:00
57.013891833
9.987195833
0.9972
nan
0.0
 
2019-05-11T17:53:29,311055862+02:00
57.013891167
9.987196833
1.152
nan
0.0
 
2019-05-11T17:53:29,515988832+02:00
57.01389
9.987197833
1.3284
nan
0.0
 
2019-05-11T17:53:29,708622228+02:00
57.013889667
9.987198833
1.0728
nan
0.0
 
2019-05-11T17:53:29,912888537+02:00
57.013889
9.9871995
1.1592
nan
0.0
 
2019-05-11T17:53:30,114712363+02:00
57.013888667
9.987199333
0.9288
nan
0.0
 
2019-05-11T17:53:30,321554888+02:00
57.013887667
9.987198833
1.152
nan
0.0
 
2019-05-11T17:53:30,510523104+02:00
57.013887167
9.987198833
1.0512
nan
0.0
 
2019-05-11T17:53:30,719059366+02:00
57.013886667
9.9871985
0.9144
nan
0.0
 
2019-05-11T17:53:30,914540498+02:00
57.013886167
9.987197333
0.7344
nan
0.0
 
2019-05-11T17:53:31,113216077+02:00
57.0138865
9.9871975
0.4716
nan
0.0
 
2019-05-11T17:53:31,313669121+02:00
57.013887
9.987197
0.2772
nan
0.0
 
2019-05-11T17:53:31,515628438+02:00
57.0138875
9.987197
0.4968
nan
0.0
 
2019-05-11T17:53:31,707872165+02:00
57.013887667
9.987196833
0.4716
nan
0.0
 
2019-05-11T17:53:31,912489689+02:00
57.0138885
9.987198167
0.8748
nan
0.0
 
2019-05-11T17:53:32,110259750+02:00
57.013889667
9.987198167
0.8028
nan
0.0
 
2019-05-11T17:53:32,313467574+02:00
57.013891167
9.987199833
0.8964
nan
0.0
 
2019-05-11T17:53:32,509291857+02:00
57.013891333
9.987197667
0.5976
nan
0.0
 
2019-05-11T17:53:32,710979133+02:00
57.013891667
9.987197167
0.5004
nan
0.0
 
2019-05-11T17:53:32,920885364+02:00
57.0138915
9.9871965
0.18
nan
0.0
 
2019-05-11T17:53:33,110185127+02:00
57.013891333
9.987195
0.1008
nan
0.0
 
2019-05-11T17:53:33,517926382+02:00
57.0138915
9.987195167
0.18
nan
0.0
 
2019-05-11T17:53:33,707714636+02:00
57.013891667
9.987194833
0.2772
nan
0.0
 
2019-05-11T17:53:33,912516984+02:00
57.0138915
9.987194167
0.0612
nan
0.0
 
2019-05-11T17:53:34,113816944+02:00
57.013890833
9.987191667
0.4032
nan
0.0
 
2019-05-11T17:53:34,311489007+02:00
57.013892333
9.987193167
0.5688
nan
0.0
 
2019-05-11T17:53:34,514332629+02:00
57.013892
9.987193333
0.2376
nan
0.0
 
2019-05-11T17:53:34,713775576+02:00
57.013891167
9.987192167
0.2952
nan
0.0
 
2019-05-11T17:53:34,914400566+02:00
57.013891167
9.9871915
0.09
nan
0.0
 
2019-05-11T17:53:35,112765085+02:00
57.013890833
9.987190833
0.3636
nan
0.0
 
2019-05-11T17:53:35,309992741+02:00
57.0138915
9.987194
0.2844
nan
0.0
 
2019-05-11T17:53:35,511809329+02:00
57.013890167
9.987195
0.6984
nan
0.0
 
2019-05-11T17:53:35,710786195+02:00
57.013890333
9.987196
0.5796
nan
0.0
 
2019-05-11T17:53:35,915395694+02:00
57.013892
9.987197667
0.4932
nan
0.0
 
2019-05-11T17:53:36,105046289+02:00
57.0138925
9.987196833
0.4824
nan
0.0
 
2019-05-11T17:53:36,307873810+02:00
57.013892
9.9871955
0.1872
nan
0.0
 
2019-05-11T17:53:36,505484660+02:00
57.013893
9.987197333
0.6912
nan
0.0
 
2019-05-11T17:53:36,712143745+02:00
57.013893333
9.987196333
0.576
nan
0.0
 
2019-05-11T17:53:36,906400453+02:00
57.013891667
9.9871935
0.2628
nan
0.0
 
2019-05-11T17:53:37,108240529+02:00
57.013889333
9.987190333
0.7848
nan
0.0
 
2019-05-11T17:53:37,307088274+02:00
57.013888333
9.987188667
0.7668
nan
0.0
 
2019-05-11T17:53:37,506939560+02:00
57.0138885
9.9871885
0.558
nan
0.0
 
2019-05-11T17:53:37,710338216+02:00
57.013887167
9.987187667
0.918
nan
0.0
 
2019-05-11T17:53:37,926449005+02:00
57.013886667
9.9871905
0.9864
nan
0.0
 
2019-05-11T17:53:38,111736087+02:00
57.013885667
9.987192
1.188
nan
0.0
 
2019-05-11T17:53:38,308876749+02:00
57.013884833
9.987192
1.0764
nan
0.0
 
2019-05-11T17:53:38,511449019+02:00
57.013885333
9.987193333
0.6624
nan
0.0
 
2019-05-11T17:53:38,719601253+02:00
57.013884667
9.987193833
0.9072
nan
0.0
 
2019-05-11T17:53:38,908671346+02:00
57.013887
9.987199667
1.1484
nan
0.0
 
2019-05-11T17:53:39,116297571+02:00
57.013887833
9.9872025
1.566
nan
0.0
 
2019-05-11T17:53:39,314836768+02:00
57.0138875
9.987201333
1.098
nan
0.0
 
2019-05-11T17:53:39,512502103+02:00
57.013889333
9.987204
1.5984
nan
0.0
 
2019-05-11T17:53:39,707843999+02:00
57.013887667
9.9872025
1.2564
nan
0.0
 
2019-05-11T17:53:39,910493745+02:00
57.013886333
9.987201167
0.9252
nan
0.0
 
2019-05-11T17:53:40,107827196+02:00
57.013885333
9.987202167
1.1196
nan
0.0
 
2019-05-11T17:53:40,312681757+02:00
57.0138855
9.987203667
1.2276
nan
0.0
 
2019-05-11T17:53:40,521680339+02:00
57.013885167
9.9872035
0.9288
nan
0.0
 
2019-05-11T17:53:40,712730188+02:00
57.013883167
9.987201167
1.1556
nan
0.0
 
2019-05-11T17:53:40,910471048+02:00
57.013882167
9.987198167
0.7236
nan
0.0
 
2019-05-11T17:53:41,117893145+02:00
57.013882833
9.987197667
0.3672
nan
0.0
 
2019-05-11T17:53:41,306866705+02:00
57.013884167
9.987201
0.8028
nan
0.0
 
2019-05-11T17:53:41,508434861+02:00
57.0138845
9.987202667
0.8532
nan
0.0
 
2019-05-11T17:53:41,708520890+02:00
57.013884667
9.987204167
0.9396
nan
0.0
 
2019-05-11T17:53:41,909663684+02:00
57.013884667
9.987204833
1.044
nan
0.0
 
2019-05-11T17:53:42,108298056+02:00
57.013884167
9.9872055
1.0872
nan
0.0
 
2019-05-11T17:53:42,310325490+02:00
57.013882833
9.987206833
1.17
nan
0.0
 
2019-05-11T17:53:42,505057371+02:00
57.013882333
9.987207167
1.0872
nan
0.0
 
2019-05-11T17:53:42,905531172+02:00
57.013880333
9.987207333
1.0944
nan
0.0
 
2019-05-11T17:53:43,115665582+02:00
57.013880833
9.98721
1.3932
nan
0.0
 
2019-05-11T17:53:43,326054256+02:00
57.0138805
9.98721
1.2096
nan
0.0
 
2019-05-11T17:53:43,522688548+02:00
57.013879333
9.9872105
1.278
nan
0.0
 
2019-05-11T17:53:43,707307771+02:00
57.013879667
9.987210833
1.098
nan
0.0
 
2019-05-11T17:53:43,908685777+02:00
57.013880333
9.9872115
1.062
nan
0.0
 
2019-05-11T17:53:44,105360351+02:00
57.013879667
9.9872115
1.2528
nan
0.0
 
2019-05-11T17:53:44,306470902+02:00
57.013879667
9.987213167
1.1088
nan
0.0
 
2019-05-11T17:53:44,507495009+02:00
57.013878167
9.987214167
1.152
nan
0.0
 
2019-05-11T17:53:44,713507953+02:00
57.013876
9.987211
0.9108
nan
0.0
 
2019-05-11T17:53:44,906416777+02:00
57.0138765
9.987211667
0.5868
nan
0.0
 
2019-05-11T17:53:45,118041046+02:00
57.013876667
9.987212
0.5148
nan
0.0
 
2019-05-11T17:53:45,308589759+02:00
57.013877
9.9872125
0.5796
nan
0.0
 
2019-05-11T17:53:45,509246529+02:00
57.013876333
9.987211667
0.4392
nan
0.0
 
2019-05-11T17:53:45,707824855+02:00
57.013875833
9.987213833
0.6912
nan
0.0
 
2019-05-11T17:53:45,907991378+02:00
57.013875167
9.987215
0.99
nan
0.0
 
2019-05-11T17:53:46,106095429+02:00
57.0138765
9.987216833
0.972
nan
0.0
 
2019-05-11T17:53:46,308712903+02:00
57.013876667
9.987215667
0.6228
nan
0.0
 
2019-05-11T17:53:46,507180954+02:00
57.013877667
9.987217333
0.8532
nan
0.0
 
2019-05-11T17:53:46,707860852+02:00
57.013877667
9.98722
1.3104
nan
0.0
 
2019-05-11T17:53:46,905731449+02:00
57.0138775
9.987220167
1.2924
nan
0.0
 
2019-05-11T17:53:47,108403304+02:00
57.013877333
9.987220167
1.26
nan
0.0
 
2019-05-11T17:53:47,312384268+02:00
57.013878
9.98722
1.422
nan
0.0
 
2019-05-11T17:53:47,509962799+02:00
57.013878667
9.987217833
0.8568
nan
0.0
 
2019-05-11T17:53:47,712368690+02:00
57.013878833
9.987214167
0.4176
nan
0.0
 
2019-05-11T17:53:47,912726437+02:00
57.013879833
9.987216333
0.81
nan
0.0
 
2019-05-11T17:53:48,110648520+02:00
57.013881167
9.987219167
0.9288
nan
0.0
 
2019-05-11T17:53:48,314145579+02:00
57.0138815
9.987219167
0.9504
nan
0.0
 
2019-05-11T17:53:48,508078060+02:00
57.013881167
9.987218833
0.828
nan
0.0
 
2019-05-11T17:53:48,710176949+02:00
57.0138825
9.987220667
0.918
nan
0.0
 
2019-05-11T17:53:48,910279840+02:00
57.013882167
9.98722
0.5076
nan
0.0
 
2019-05-11T17:53:49,114985264+02:00
57.013881667
9.987219667
0.3168
nan
0.0
 
2019-05-11T17:53:49,309976102+02:00
57.013881333
9.9872185
0.252
nan
0.0
 
2019-05-11T17:53:49,509904694+02:00
57.013881667
9.987218
0.2016
nan
0.0
 
2019-05-11T17:53:49,709887234+02:00
57.013884
9.9872185
0.3996
nan
0.0
 
2019-05-11T17:53:49,909865849+02:00
57.013884333
9.987218333
0.288
nan
0.0
 
2019-05-11T17:53:50,113188370+02:00
57.013883333
9.987218833
0.1728
nan
0.0
 
2019-05-11T17:53:50,335797924+02:00
57.013882
9.987219333
0.4716
nan
0.0
 
2019-05-11T17:53:50,507558928+02:00
57.013881
9.9872195
0.5436
nan
0.0
 
2019-05-11T17:53:50,710243543+02:00
57.013880833
9.987223167
0.9072
nan
0.0
 
2019-05-11T17:53:50,911637357+02:00
57.0138805
9.9872235
0.6552
nan
0.0
 
2019-05-11T17:53:51,110702138+02:00
57.013881167
9.987223833
0.54
nan
0.0
 
2019-05-11T17:53:51,307431685+02:00
57.0138815
9.987223833
0.6948
nan
0.0
 
2019-05-11T17:53:51,513304286+02:00
57.013882
9.9872245
0.648
nan
0.0
 
2019-05-11T17:53:51,709547136+02:00
57.013881167
9.987226667
1.0944
nan
0.0
 
2019-05-11T17:53:51,914473428+02:00
57.013881
9.987228667
1.2384
nan
0.0
 
2019-05-11T17:53:52,109681446+02:00
57.013879667
9.987227667
0.9252
nan
0.0
 
2019-05-11T17:53:52,313887897+02:00
57.013880167
9.987229
1.0836
nan
0.0
 
2019-05-11T17:53:52,508309905+02:00
57.013880833
9.987227333
0.6948
nan
0.0
 
2019-05-11T17:53:52,708262273+02:00
57.013880833
9.987226667
0.6588
nan
0.0
 
2019-05-11T17:53:52,908221403+02:00
57.0138805
9.987229333
1.026
nan
0.0
 
2019-05-11T17:53:53,108436977+02:00
57.013881667
9.987232667
1.4688
nan
0.0
 
2019-05-11T17:53:53,309688926+02:00
57.013883333
9.987232
0.9576
nan
0.0
 
2019-05-11T17:53:53,523689651+02:00
57.0138855
9.987231667
0.6732
nan
0.0
 
2019-05-11T17:53:53,707283128+02:00
57.013887167
9.987233667
1.1664
nan
0.0
 
2019-05-11T17:53:53,922985606+02:00
57.013886833
9.987235
1.0404
nan
0.0
 
2019-05-11T17:53:54,108387601+02:00
57.013888667
9.987237167
1.1916
nan
0.0
 
2019-05-11T17:53:54,309905878+02:00
57.013890333
9.98724
1.5588
nan
0.0
 
2019-05-11T17:53:54,508314267+02:00
57.0138925
9.987242833
1.7316
nan
0.0
 
2019-05-11T17:53:54,719580778+02:00
57.013892333
9.987244
1.4832
nan
0.0
 
2019-05-11T17:53:54,910907707+02:00
57.013892333
9.987243333
1.2708
nan
0.0
 
2019-05-11T17:53:55,112859255+02:00
57.0138925
9.987243
1.0476
nan
0.0
 
2019-05-11T17:53:55,314197172+02:00
57.013891667
9.987241667
0.8568
nan
0.0
 
2019-05-11T17:53:55,514494084+02:00
57.013893
9.987242833
0.9432
nan
0.0
 
2019-05-11T17:53:55,706391247+02:00
57.013893333
9.987242833
0.8892
nan
0.0
 
2019-05-11T17:53:55,909658016+02:00
57.013893833
9.987245667
0.9036
nan
0.0
 
2019-05-11T17:53:56,107465766+02:00
57.013893333
9.987248833
1.3428
nan
0.0
 
2019-05-11T17:53:56,309834179+02:00
57.013890833
9.987248167
1.3212
nan
0.0
 
2019-05-11T17:53:56,509851787+02:00
57.013891667
9.987250667
1.4796
nan
0.0
 
2019-05-11T17:53:56,708021012+02:00
57.013892
9.9872515
1.26
nan
0.0
 
2019-05-11T17:53:56,910424047+02:00
57.013892333
9.9872535
1.3968
nan
0.0
 
2019-05-11T17:53:57,108412716+02:00
57.013892667
9.987255167
1.4184
nan
0.0
 
2019-05-11T17:53:57,309088104+02:00
57.013891833
9.987255333
1.1556
nan
0.0
 
2019-05-11T17:53:57,510965537+02:00
57.013890333
9.987256167
1.4472
nan
0.0
 
2019-05-11T17:53:57,707455911+02:00
57.013888333
9.987254
1.0656
nan
0.0
 
2019-05-11T17:53:57,915304044+02:00
57.013888333
9.987254667
1.1412
nan
0.0
 
2019-05-11T17:53:58,103410059+02:00
57.013891667
9.987257
0.8424
nan
0.0
 
2019-05-11T17:53:58,308226724+02:00
57.013891167
9.987256833
0.612
nan
0.0
 
2019-05-11T17:53:58,506407574+02:00
57.013889833
9.987256333
0.4896
nan
0.0
 
2019-05-11T17:53:58,707525571+02:00
57.013891833
9.987257667
0.9756
nan
0.0
 
2019-05-11T17:53:58,910082038+02:00
57.0138905
9.987256833
0.8424
nan
0.0
 
2019-05-11T17:53:59,110470124+02:00
57.013887167
9.987252667
0.0504
nan
0.0
 
2019-05-11T17:53:59,309697345+02:00
57.013885
9.987250667
0.4716
nan
0.0
 
2019-05-11T17:53:59,506724252+02:00
57.013884333
9.98725
0.504
nan
0.0
 
2019-05-11T17:53:59,706997451+02:00
57.013886167
9.987253833
0.4788
nan
0.0
 
2019-05-11T17:53:59,912356403+02:00
57.013887
9.987253833
0.1764
nan
0.0
 
2019-05-11T17:54:00,108449547+02:00
57.013887333
9.987255167
0.7596
nan
0.0
 
2019-05-11T17:54:00,309606502+02:00
57.013884667
9.987252
0.5868
nan
0.0
 
2019-05-11T17:54:00,511905592+02:00
57.013882667
9.987250333
0.8712
nan
0.0
 
2019-05-11T17:54:00,713777257+02:00
57.013882167
9.987250333
0.5508
nan
0.0
 
2019-05-11T17:54:00,903118037+02:00
57.0138815
9.987249833
0.4932
nan
0.0
 
2019-05-11T17:54:01,118219820+02:00
57.0138795
9.987246
0.828
nan
0.0
 
2019-05-11T17:54:01,305895660+02:00
57.01388
9.9872445
0.5328
nan
0.0
 
2019-05-11T17:54:01,510231141+02:00
57.013881667
9.987247333
0.1116
nan
0.0
 
2019-05-11T17:54:01,704124595+02:00
57.013884
9.987252
0.5724
nan
0.0
 
2019-05-11T17:54:01,907322016+02:00
57.013884167
9.987253167
0.648
nan
0.0
 
2019-05-11T17:54:02,108445549+02:00
57.013884667
9.987254833
0.9396
nan
0.0
 
2019-05-11T17:54:02,313116629+02:00
57.013884167
9.987256167
0.7884
nan
0.0
 
2019-05-11T17:54:02,505598941+02:00
57.013882833
9.987255667
0.7056
nan
0.0
 
2019-05-11T17:54:02,718111633+02:00
57.013882
9.987256167
0.5508
nan
0.0
 
2019-05-11T17:54:02,907214496+02:00
57.013883
9.98726
0.9468
nan
0.0
 
2019-05-11T17:54:03,106167318+02:00
57.013882667
9.987261333
1.1808
nan
0.0
 
2019-05-11T17:54:03,307655981+02:00
57.013884667
9.987263
1.5156
nan
0.0
 
2019-05-11T17:54:03,511845169+02:00
57.013887333
9.987264667
1.89
nan
0.0
 
2019-05-11T17:54:03,704657416+02:00
57.0138885
9.987265167
1.6884
nan
0.0
 
2019-05-11T17:54:03,909666295+02:00
57.013887333
9.987262667
1.152
nan
0.0
 
2019-05-11T17:54:04,108039567+02:00
57.013886
9.9872625
0.8712
nan
0.0
 
2019-05-11T17:54:04,309435052+02:00
57.0138865
9.987263
0.6696
nan
0.0
 
2019-05-11T17:54:04,507756647+02:00
57.013887333
9.987261667
0.9
nan
0.0
 
2019-05-11T17:54:04,709989761+02:00
57.013889833
9.987260833
1.0044
nan
0.0
 
2019-05-11T17:54:04,908841638+02:00
57.0138915
9.987261333
1.0044
nan
0.0
 
2019-05-11T17:54:05,107121319+02:00
57.0138915
9.987260167
0.6228
nan
0.0
 
2019-05-11T17:54:05,306127267+02:00
57.013892333
9.987260833
0.7236
nan
0.0
 
2019-05-11T17:54:05,510106089+02:00
57.013893833
9.987258167
0.7668
nan
0.0
 
2019-05-11T17:54:05,714001178+02:00
57.013894667
9.987255333
0.8604
nan
0.0
 
2019-05-11T17:54:05,911266773+02:00
57.013895167
9.987253167
0.99
nan
0.0
 
2019-05-11T17:54:06,109158780+02:00
57.013896167
9.987253167
0.6516
nan
0.0
 
2019-05-11T17:54:06,317349598+02:00
57.013896833
9.987251333
0.6696
nan
0.0
 
2019-05-11T17:54:06,510355509+02:00
57.013896667
9.987249833
0.7524
nan
0.0
 
2019-05-11T17:54:06,712657317+02:00
57.013894333
9.987248833
0.7128
nan
0.0
 
2019-05-11T17:54:06,911144224+02:00
57.013890667
9.9872445
1.5624
nan
0.0
 
2019-05-11T17:54:07,111376606+02:00
57.013887667
9.987241167
1.9692
nan
0.0
 
2019-05-11T17:54:07,310128115+02:00
57.013884333
9.987238167
2.6856
nan
0.0
 
2019-05-11T17:54:07,519438213+02:00
57.013882667
9.9872345
2.8008
nan
0.0
 
2019-05-11T17:54:07,706103731+02:00
57.013882833
9.987232
2.6208
nan
0.0
 
2019-05-11T17:54:07,907065317+02:00
57.013884167
9.987229333
2.2824
nan
0.0
 
2019-05-11T17:54:08,108285774+02:00
57.013886
9.987230833
1.7172
nan
0.0
 
2019-05-11T17:54:08,312051160+02:00
57.013887167
9.987233333
1.368
nan
0.0
 
2019-05-11T17:54:08,508109660+02:00
57.013891167
9.987235
0.8316
nan
0.0
 
2019-05-11T17:54:08,717308583+02:00
57.013893333
9.9872345
1.0908
nan
0.0
 
2019-05-11T17:54:08,907184513+02:00
57.013894
9.987231167
1.4148
nan
0.0
 
2019-05-11T17:54:09,107648404+02:00
57.013893167
9.987229833
1.152
nan
0.0
 
2019-05-11T17:54:09,312966797+02:00
57.013891167
9.987231667
0.5652
nan
0.0
 
2019-05-11T17:54:09,511323900+02:00
57.01389
9.987235
0.4284
nan
0.0
 
2019-05-11T17:54:09,705982269+02:00
57.0138905
9.987237333
0.4428
nan
0.0
 
2019-05-11T17:54:09,911658517+02:00
57.013893833
9.9872435
0.828
nan
0.0
 
2019-05-11T17:54:10,106218014+02:00
57.013894833
9.987246
0.9396
nan
0.0
 
2019-05-11T17:54:10,312029147+02:00
57.0138975
9.987246333
1.314
nan
0.0
 
2019-05-11T17:54:10,506746505+02:00
57.013897833
9.987243833
1.3248
nan
0.0
 
2019-05-11T17:54:10,712369749+02:00
57.0138975
9.9872415
1.3032
nan
0.0
 
2019-05-11T17:54:10,912234635+02:00
57.013897
9.987241667
0.9288
nan
0.0
 
2019-05-11T17:54:11,114112758+02:00
57.0138975
9.987242333
0.8172
nan
0.0
 
2019-05-11T17:54:11,307455534+02:00
57.013897
9.9872395
0.6768
nan
0.0
 
2019-05-11T17:54:11,511412674+02:00
57.0139
9.987239167
1.098
nan
0.0
 
2019-05-11T17:54:11,706498616+02:00
57.013899667
9.987237167
0.9324
nan
0.0
 
2019-05-11T17:54:11,907939220+02:00
57.013897833
9.987235
0.6516
nan
0.0
 
2019-05-11T17:54:12,113327367+02:00
57.013897333
9.987234167
0.9684
nan
0.0
 
2019-05-11T17:54:12,314173708+02:00
57.0138975
9.987234
0.828
nan
0.0
 
2019-05-11T17:54:12,510144518+02:00
57.013898
9.9872345
1.0008
nan
0.0
 
2019-05-11T17:54:12,709396623+02:00
57.013899333
9.9872365
0.7236
nan
0.0
 
2019-05-11T17:54:12,921280944+02:00
57.0139005
9.987238167
0.5148
nan
0.0
 
2019-05-11T17:54:13,109972240+02:00
57.013900833
9.987237333
0.7272
nan
0.0
 
2019-05-11T17:54:13,315850885+02:00
57.013902167
9.9872395
0.2664
nan
0.0
 
2019-05-11T17:54:13,513544292+02:00
57.013902333
9.987238167
0.5436
nan
0.0
 
2019-05-11T17:54:13,708882429+02:00
57.0139045
9.987241333
0.1584
nan
0.0
 
2019-05-11T17:54:13,909948588+02:00
57.0139085
9.987245167
0.8568
nan
0.0
 
2019-05-11T17:54:14,108401738+02:00
57.013912667
9.987246
1.5588
nan
0.0
 
2019-05-11T17:54:14,311580336+02:00
57.013915333
9.987247
2.0052
nan
0.0
 
2019-05-11T17:54:14,514672689+02:00
57.013915167
9.987247833
1.6272
nan
0.0
 
2019-05-11T17:54:14,704698847+02:00
57.013912
9.987244
0.5832
nan
0.0
 
2019-05-11T17:54:14,914499606+02:00
57.013913
9.987244167
0.7272
nan
0.0
 
2019-05-11T17:54:15,113136041+02:00
57.0139155
9.987248
1.1304
nan
0.0
 
2019-05-11T17:54:15,310497471+02:00
57.013914167
9.987249333
1.152
nan
0.0
 
2019-05-11T17:54:15,521134010+02:00
57.013912833
9.987248
0.9468
nan
0.0
 
2019-05-11T17:54:15,710457719+02:00
57.013910167
9.987245
0.4644
nan
0.0
 
2019-05-11T17:54:15,920773887+02:00
57.013907833
9.987244
0.0864
nan
0.0
 
2019-05-11T17:54:16,106371335+02:00
57.013906833
9.987244333
0.18
nan
0.0
 
2019-05-11T17:54:16,320304249+02:00
57.013908333
9.987245333
0.09
nan
0.0
 
2019-05-11T17:54:16,512792538+02:00
57.013910167
9.987244333
0.3384
nan
0.0
 
2019-05-11T17:54:16,712508405+02:00
57.0139105
9.987246333
0.522
nan
0.0
 
2019-05-11T17:54:16,914976960+02:00
57.013907833
9.987243167
0.3996
nan
0.0
 
2019-05-11T17:54:17,122869365+02:00
57.013907333
9.987245333
0.4572
nan
0.0
 
2019-05-11T17:54:17,314612349+02:00
57.013908667
9.987249667
0.2844
nan
0.0
 
2019-05-11T17:54:17,510131201+02:00
57.013908833
9.987251
0.2088
nan
0.0
 
2019-05-11T17:54:17,709457783+02:00
57.013909
9.987252667
0.3636
nan
0.0
 
2019-05-11T17:54:17,917629092+02:00
57.013910667
9.987255
0.7344
nan
0.0
 
2019-05-11T17:54:18,109782026+02:00
57.013914667
9.987256333
1.512
nan
0.0
 
2019-05-11T17:54:18,314372961+02:00
57.0139155
9.987255833
1.674
nan
0.0
 
2019-05-11T17:54:18,511181360+02:00
57.013915167
9.987258
1.17
nan
0.0
 
2019-05-11T17:54:18,713349691+02:00
57.013915667
9.987257833
1.0044
nan
0.0
 
2019-05-11T17:54:18,908206608+02:00
57.013917
9.987261167
1.4184
nan
0.0
 
2019-05-11T17:54:19,113547113+02:00
57.013915833
9.9872625
1.6776
nan
0.0
 
2019-05-11T17:54:19,308183721+02:00
57.0139145
9.987262167
1.872
nan
0.0
 
2019-05-11T17:54:19,522541367+02:00
57.0139095
9.987260333
2.4516
nan
0.0
 
2019-05-11T17:54:19,715628598+02:00
57.013905
9.987260167
3.312
nan
0.0
 
2019-05-11T17:54:19,914453603+02:00
57.013899833
9.987257833
3.978
nan
0.0
 
2019-05-11T17:54:20,124515294+02:00
57.013896667
9.987258
4.284
nan
109.12
 
2019-05-11T17:54:20,313841471+02:00
57.0138935
9.987257333
4.4496
nan
139.76
 
2019-05-11T17:54:20,512973802+02:00
57.013889333
9.9872545
4.7916
nan
159.99
 
2019-05-11T17:54:20,723739736+02:00
57.013885167
9.987253167
5.0724
nan
169.28
 
2019-05-11T17:54:20,914146067+02:00
57.013879
9.987251167
6.0012
nan
175.97
 
2019-05-11T17:54:21,129670354+02:00
57.013873333
9.987249167
6.4872
nan
179.57
 
2019-05-11T17:54:21,312745037+02:00
57.013867833
9.987247833
6.9048
nan
181.37
 
2019-05-11T17:54:21,513246086+02:00
57.013867333
9.987248
5.9688
nan
183.15
 
2019-05-11T17:54:21,710093633+02:00
57.013866
9.987248167
5.3784
nan
185.47
 
2019-05-11T17:54:21,913859391+02:00
57.013862833
9.987246333
5.2668
nan
189.49
 
2019-05-11T17:54:22,110415313+02:00
57.013859
9.987243667
5.3856
nan
193.23
 
2019-05-11T17:54:22,315441358+02:00
57.013856667
9.987246333
5.2632
nan
191.88
 
2019-05-11T17:54:22,508215781+02:00
57.013854
9.987246833
5.2668
nan
190.21
 
2019-05-11T17:54:22,713100796+02:00
57.013851833
9.987246833
5.0868
nan
188.78
 
2019-05-11T17:54:22,909709448+02:00
57.013849667
9.987247
4.7988
nan
188.13
 
