
2019-05-07T15:07:05,475211453+02:00
57.014027333
9.987140167
0.1044
34.0
0.0
 
2019-05-07T15:07:05,683176945+02:00
57.014027333
9.98714
0.234
34.0
0.0
 
2019-05-07T15:07:05,879082819+02:00
57.0140275
9.987140333
0.1692
34.0
0.0
 
2019-05-07T15:07:06,082382634+02:00
57.0140275
9.987140167
0.0684
34.0
0.0
 
2019-05-07T15:07:06,288909267+02:00
57.014027333
9.98714
0.1368
34.0
0.0
 
2019-05-07T15:07:06,482560455+02:00
57.0140275
9.98714
0.072
34.0
0.0
 
2019-05-07T15:07:06,681068614+02:00
57.0140275
9.9871395
0.198
33.9
0.0
 
2019-05-07T15:07:06,883241279+02:00
57.0140275
9.987139333
0.0792
33.9
0.0
 
2019-05-07T15:07:07,286651806+02:00
57.0140275
9.987139167
0.0432
nan
0.0
 
2019-05-07T15:07:07,478213138+02:00
57.014027333
9.987139167
0.1476
nan
0.0
 
2019-05-07T15:07:07,681479389+02:00
57.0140275
9.987139167
0.0468
nan
0.0
 
2019-05-07T15:07:07,881489047+02:00
57.014027333
9.987139167
0.1224
nan
0.0
 
2019-05-07T15:07:08,079944504+02:00
57.014027167
9.987138833
0.1332
nan
0.0
 
2019-05-07T15:07:08,285458767+02:00
57.014027167
9.987138667
0.0792
nan
0.0
 
2019-05-07T15:07:08,479095604+02:00
57.014027167
9.9871385
0.1584
nan
0.0
 
2019-05-07T15:07:08,679107237+02:00
57.014027
9.987138333
0.162
nan
0.0
 
2019-05-07T15:07:08,881676553+02:00
57.014027
9.987138333
0.0072
nan
0.0
 
2019-05-07T15:07:09,080181637+02:00
57.014027
9.9871385
0.0972
nan
0.0
 
2019-05-07T15:07:09,280258622+02:00
57.014027
9.987138333
0.1656
nan
0.0
 
2019-05-07T15:07:09,475953713+02:00
57.014027
9.987138167
0.2412
nan
0.0
 
2019-05-07T15:07:09,680837630+02:00
57.014027167
9.987137833
0.2412
nan
0.0
 
2019-05-07T15:07:09,884264200+02:00
57.014027
9.987137667
0.0864
nan
0.0
 
2019-05-07T15:07:10,084475639+02:00
57.014026833
9.987138
0.1044
nan
0.0
 
2019-05-07T15:07:10,284895398+02:00
57.014026833
9.987138333
0.27
nan
0.0
 
2019-05-07T15:07:10,683691936+02:00
57.014026667
9.9871385
0.0972
nan
0.0
 
2019-05-07T15:07:11,080613100+02:00
57.014026667
9.987138667
0.1548
nan
0.0
 
2019-05-07T15:07:11,282521408+02:00
57.014026833
9.987139
0.1728
nan
0.0
 
2019-05-07T15:07:11,681763160+02:00
57.014026667
9.987139333
0.1044
nan
0.0
 
2019-05-07T15:07:11,891528762+02:00
57.014026667
9.9871395
0.1368
nan
0.0
 
2019-05-07T15:07:12,105996254+02:00
57.014026667
9.987139667
0.1404
nan
0.0
 
2019-05-07T15:07:12,485100536+02:00
57.014026833
9.9871395
0.1656
nan
0.0
 
2019-05-07T15:07:12,685729889+02:00
57.014027
9.987138833
0.2304
nan
0.0
 
2019-05-07T15:07:12,884472281+02:00
57.014027167
9.987139167
0.3492
nan
0.0
 
2019-05-07T15:07:13,091011652+02:00
57.014027333
9.987139
0.1728
nan
0.0
 
2019-05-07T15:07:13,292823231+02:00
57.014027167
9.987138667
0.1512
nan
0.0
 
2019-05-07T15:07:13,513284957+02:00
57.014027333
9.9871385
0.0936
nan
0.0
 
2019-05-07T15:07:13,895485103+02:00
57.014027333
9.9871385
0.2556
nan
0.0
 
2019-05-07T15:07:14,277894168+02:00
57.014027167
9.9871385
0.2088
nan
0.0
 
2019-05-07T15:07:14,697011745+02:00
57.014027333
9.987138333
0.0648
nan
0.0
 
2019-05-07T15:07:15,092020522+02:00
57.014027667
9.987138333
0.1512
nan
0.0
 
2019-05-07T15:07:15,495234667+02:00
57.014028
9.987138333
0.0684
nan
0.0
 
2019-05-07T15:07:15,881245475+02:00
57.014028333
9.987138167
0.0972
nan
0.0
 
2019-05-07T15:07:16,290380776+02:00
57.014028333
9.987138167
0.1944
nan
0.0
 
2019-05-07T15:07:16,689400709+02:00
57.0140285
9.987138833
0.0432
nan
0.0
 
2019-05-07T15:07:16,890325059+02:00
57.014028667
9.987139
0.0756
nan
0.0
 
2019-05-07T15:07:17,288172041+02:00
57.014028833
9.9871395
0.0288
nan
0.0
 
2019-05-07T15:07:17,679775156+02:00
57.014029
9.987139333
0.108
nan
0.0
 
2019-05-07T15:07:17,876897207+02:00
57.014029
9.987139167
0.0288
nan
0.0
 
2019-05-07T15:07:18,287070167+02:00
57.014029167
9.987138833
0.0432
nan
0.0
 
2019-05-07T15:07:18,693464216+02:00
57.014029167
9.987138333
0.1224
nan
0.0
 
2019-05-07T15:07:19,076799611+02:00
57.0140295
9.987138333
0.1836
nan
0.0
 
2019-05-07T15:07:19,315384029+02:00
57.014029333
9.9871385
0.144
nan
0.0
 
2019-05-07T15:07:19,692250413+02:00
57.014029167
9.987138667
0.0396
nan
0.0
 
2019-05-07T15:07:20,083153269+02:00
57.014029167
9.987139
0.09
nan
0.0
 
2019-05-07T15:07:20,278390383+02:00
57.014029167
9.987139333
0.2412
nan
0.0
 
2019-05-07T15:07:20,480738080+02:00
57.014029167
9.987139667
0.3888
nan
0.0
 
2019-05-07T15:07:20,684013594+02:00
57.014029167
9.98714
0.2124
nan
0.0
 
2019-05-07T15:07:20,884796652+02:00
57.014029167
9.98714
0.1368
nan
0.0
 
2019-05-07T15:07:21,081453275+02:00
57.0140295
9.987139333
0.612
nan
0.0
 
2019-05-07T15:07:21,279001578+02:00
57.014029333
9.987139
0.5076
nan
0.0
 
2019-05-07T15:07:21,511399606+02:00
57.014029667
9.987138667
0.3924
nan
0.0
 
2019-05-07T15:07:21,879797114+02:00
57.01403
9.987138833
0.1224
nan
0.0
 
2019-05-07T15:07:22,111771390+02:00
57.014030167
9.9871385
0.2268
nan
0.0
 
2019-05-07T15:07:22,480886659+02:00
57.014030667
9.987138667
0.1188
nan
0.0
 
2019-05-07T15:07:22,691892314+02:00
57.014030833
9.987138333
0.1872
nan
0.0
 
2019-05-07T15:07:23,078116641+02:00
57.014030833
9.987138667
0.0468
nan
0.0
 
2019-05-07T15:07:23,481819877+02:00
57.014031167
9.987138667
0.0612
nan
0.0
 
2019-05-07T15:07:23,683805837+02:00
57.014031167
9.987138833
0.1584
nan
0.0
 
2019-05-07T15:07:23,886084056+02:00
57.014031
9.987138833
0.162
nan
0.0
 
2019-05-07T15:07:24,078305172+02:00
57.014031167
9.987138833
0.2124
nan
0.0
 
2019-05-07T15:07:24,279255435+02:00
57.014031
9.987138833
0.2124
nan
0.0
 
2019-05-07T15:07:24,489161841+02:00
57.014031167
9.987138333
0.1548
nan
0.0
 
2019-05-07T15:07:24,678073549+02:00
57.014031333
9.9871385
0.18
nan
0.0
 
2019-05-07T15:07:24,890165502+02:00
57.014031333
9.987138333
0.108
nan
0.0
 
2019-05-07T15:07:25,290662708+02:00
57.014031333
9.987138167
0.162
nan
0.0
 
2019-05-07T15:07:25,686546951+02:00
57.014031333
9.987138333
0.4392
nan
0.0
 
2019-05-07T15:07:25,886595910+02:00
57.0140315
9.987138167
0.0396
nan
0.0
 
2019-05-07T15:07:26,284560658+02:00
57.014032167
9.987138667
0.0396
nan
0.0
 
2019-05-07T15:07:26,488621923+02:00
57.014032333
9.987138667
0.1404
nan
0.0
 
2019-05-07T15:07:26,713173833+02:00
57.014032333
9.987139167
0.2484
nan
0.0
 
2019-05-07T15:07:27,078435626+02:00
57.014032833
9.9871395
0.162
nan
0.0
 
2019-05-07T15:07:27,297063541+02:00
57.014033
9.987139333
0.0756
nan
0.0
 
2019-05-07T15:07:27,686213402+02:00
57.014033167
9.987139333
0.1404
nan
0.0
 
2019-05-07T15:07:27,919750430+02:00
57.014033333
9.9871395
0.1476
nan
0.0
 
2019-05-07T15:07:28,293640867+02:00
57.0140335
9.987139667
0.072
nan
0.0
 
2019-05-07T15:07:28,680887453+02:00
57.0140335
9.9871395
0.1152
nan
0.0
 
2019-05-07T15:07:29,076997516+02:00
57.0140335
9.987139167
0.1548
nan
0.0
 
2019-05-07T15:07:29,494604018+02:00
57.014033667
9.987139333
0.0864
nan
0.0
 
2019-05-07T15:07:29,884292784+02:00
57.014033833
9.987139667
0.1836
nan
0.0
 
2019-05-07T15:07:30,129089879+02:00
57.014033833
9.987139333
0.072
nan
0.0
 
2019-05-07T15:07:30,485039305+02:00
57.014033833
9.987138833
0.1944
nan
0.0
 
2019-05-07T15:07:30,693104114+02:00
57.014033833
9.9871385
0.0828
nan
0.0
 
2019-05-07T15:07:31,101549480+02:00
57.014033833
9.987138
0.1908
nan
0.0
 
2019-05-07T15:07:31,487082685+02:00
57.014034
9.987137833
0.1224
nan
0.0
 
2019-05-07T15:07:31,894463928+02:00
57.014034
9.987137667
0.2196
nan
0.0
 
2019-05-07T15:07:32,283180662+02:00
57.014034167
9.987137667
0.0576
nan
0.0
 
2019-05-07T15:07:32,679915445+02:00
57.014034333
9.987137333
0.09
nan
0.0
 
2019-05-07T15:07:33,303871362+02:00
57.0140345
9.987137667
0.1728
nan
0.0
 
2019-05-07T15:07:33,685982543+02:00
57.014034667
9.987138167
0.1332
nan
0.0
 
2019-05-07T15:07:33,901470031+02:00
57.014034667
9.9871385
0.126
nan
0.0
 
2019-05-07T15:07:34,288540112+02:00
57.014034667
9.987139333
0.1116
nan
0.0
 
2019-05-07T15:07:34,899863804+02:00
57.014035
9.98714
0.1728
nan
0.0
 
2019-05-07T15:07:35,281050729+02:00
57.014035
9.987139833
0.3636
nan
0.0
 
2019-05-07T15:07:35,684367690+02:00
57.014035167
9.987140333
0.036
nan
0.0
 
2019-05-07T15:07:35,903110210+02:00
57.014035167
9.987140667
0.18
nan
0.0
 
2019-05-07T15:07:36,294320334+02:00
57.014035333
9.987140833
0.1368
nan
0.0
 
2019-05-07T15:07:36,685519898+02:00
57.014035667
9.987140833
0.0144
nan
0.0
 
2019-05-07T15:07:36,894905471+02:00
57.014035833
9.987140833
0.0396
nan
0.0
 
2019-05-07T15:07:37,296660217+02:00
57.014036
9.987141
0.1008
nan
0.0
 
2019-05-07T15:07:37,520337790+02:00
57.014036167
9.987141
0.1008
nan
0.0
 
2019-05-07T15:07:37,906444203+02:00
57.014036333
9.987141167
0.1908
nan
0.0
 
2019-05-07T15:07:38,313067727+02:00
57.014036667
9.987141667
0.054
nan
0.0
 
2019-05-07T15:07:38,728241729+02:00
57.014037
9.987142167
0.1224
nan
0.0
 
2019-05-07T15:07:39,105280529+02:00
57.014037333
9.9871425
0.18
nan
0.0
 
2019-05-07T15:07:39,501867048+02:00
57.014037667
9.987143167
0.252
nan
0.0
 
2019-05-07T15:07:40,116418358+02:00
57.0140385
9.9871435
0.1188
nan
0.0
 
2019-05-07T15:07:40,527160885+02:00
57.014039
9.987143833
0.0936
nan
0.0
 
2019-05-07T15:07:41,114642206+02:00
57.014039667
9.987144
0.2592
nan
0.0
 
2019-05-07T15:07:41,547983560+02:00
57.014039833
9.9871445
0.0432
nan
0.0
 
2019-05-07T15:07:42,118373848+02:00
57.014040667
9.987145167
0.234
nan
0.0
 
2019-05-07T15:07:42,354301405+02:00
57.014040667
9.987145167
0.252
nan
0.0
 
2019-05-07T15:07:42,719258851+02:00
57.014041
9.9871455
0.1584
nan
0.0
 
2019-05-07T15:07:42,924024427+02:00
57.014041
9.987145333
0.2052
nan
0.0
 
2019-05-07T15:07:43,325243678+02:00
57.014041333
9.987145167
0.0756
nan
0.0
 
2019-05-07T15:07:43,743580048+02:00
57.014041833
9.987144833
0.2844
nan
0.0
 
2019-05-07T15:07:44,125117384+02:00
57.014042167
9.987144667
0.1368
nan
0.0
 
2019-05-07T15:07:44,524835964+02:00
57.0140425
9.987144333
0.2664
nan
0.0
 
2019-05-07T15:07:44,777667724+02:00
57.014042333
9.9871445
0.1152
nan
0.0
 
2019-05-07T15:07:45,132413382+02:00
57.014042833
9.987144667
0.036
nan
0.0
 
2019-05-07T15:07:45,529356881+02:00
57.014042833
9.987144667
0.1332
nan
0.0
 
2019-05-07T15:07:45,941852126+02:00
57.014043167
9.987144333
0.1152
nan
0.0
 
2019-05-07T15:07:46,536301911+02:00
57.0140435
9.987144333
0.216
nan
0.0
 
2019-05-07T15:07:46,780679755+02:00
57.0140435
9.987144333
0.0972
nan
0.0
 
2019-05-07T15:07:47,135262568+02:00
57.014043667
9.987145
0.1692
nan
0.0
 
2019-05-07T15:07:47,339640637+02:00
57.014043667
9.987145333
0.3204
nan
0.0
 
2019-05-07T15:07:47,733402331+02:00
57.014044
9.987146
0.2844
nan
0.0
 
2019-05-07T15:07:47,967832534+02:00
57.014044167
9.987146
0.0288
nan
0.0
 
2019-05-07T15:07:48,333541881+02:00
57.014044167
9.987146667
0.1656
nan
0.0
 
2019-05-07T15:07:48,549342306+02:00
57.014044333
9.987146833
0.1512
nan
0.0
 
2019-05-07T15:07:48,944412047+02:00
57.014044667
9.987147333
0.1944
nan
0.0
 
2019-05-07T15:07:49,537322790+02:00
57.014045
9.987148
0.0972
nan
0.0
 
2019-05-07T15:07:49,752865664+02:00
57.014045167
9.987147833
0.1476
nan
0.0
 
2019-05-07T15:07:50,140756983+02:00
57.014045667
9.987148
0.0936
nan
0.0
 
2019-05-07T15:07:50,368921429+02:00
57.014045833
9.987148167
0.0684
nan
0.0
 
2019-05-07T15:07:50,570224389+02:00
57.014046
9.987148333
0.054
nan
0.0
 
2019-05-07T15:07:50,936859193+02:00
57.014046333
9.987148667
0.1476
nan
0.0
 
2019-05-07T15:07:51,136818792+02:00
57.014046333
9.987148667
0.0756
nan
0.0
 
2019-05-07T15:07:51,384681943+02:00
57.0140465
9.987149
0.1476
nan
0.0
 
2019-05-07T15:07:51,744049829+02:00
57.014046833
9.987149
0.0936
nan
0.0
 
2019-05-07T15:07:51,948965566+02:00
57.014047
9.987149333
0.1008
nan
0.0
 
2019-05-07T15:07:52,345960902+02:00
57.014047167
9.987149667
0.1152
nan
0.0
 
2019-05-07T15:07:52,737914627+02:00
57.014047667
9.98715
0.1944
nan
0.0
 
2019-05-07T15:07:52,948975202+02:00
57.014047833
9.987149833
0.2664
nan
0.0
 
2019-05-07T15:07:53,350286121+02:00
57.014048167
9.987150333
0.2412
nan
0.0
 
2019-05-07T15:07:53,737310425+02:00
57.014048333
9.987151
0.1224
nan
0.0
 
2019-05-07T15:07:54,145427620+02:00
57.0140485
9.987151667
0.1512
nan
0.0
 
2019-05-07T15:07:54,344659119+02:00
57.014048667
9.987152
0.072
nan
0.0
 
2019-05-07T15:07:54,538714759+02:00
57.014048833
9.987152
0.1656
nan
0.0
 
2019-05-07T15:07:54,947954296+02:00
57.014049
9.987152667
0.0792
nan
0.0
 
2019-05-07T15:07:55,144790950+02:00
57.014049
9.987153167
0.2088
nan
0.0
 
2019-05-07T15:07:55,547283699+02:00
57.014049
9.987153667
0.2088
nan
0.0
 
2019-05-07T15:07:55,945269605+02:00
57.014049333
9.987154
0.0792
nan
0.0
 
2019-05-07T15:07:56,353153628+02:00
57.014049167
9.9871545
0.198
nan
0.0
 
2019-05-07T15:07:56,738764500+02:00
57.0140495
9.9871545
0.0756
nan
0.0
 
2019-05-07T15:07:56,953982102+02:00
57.0140495
9.987154167
0.2412
nan
0.0
 
2019-05-07T15:07:57,356924130+02:00
57.0140495
9.987154333
0.3348
nan
0.0
 
2019-05-07T15:07:57,753150821+02:00
57.014049667
9.987155
0.072
nan
0.0
 
2019-05-07T15:07:58,147786707+02:00
57.0140495
9.987155833
0.0936
nan
0.0
 
2019-05-07T15:07:58,348454832+02:00
57.014049667
9.987155833
0.0792
nan
0.0
 
2019-05-07T15:07:58,741399516+02:00
57.014049833
9.987156333
0.0828
nan
0.0
 
2019-05-07T15:07:58,944067181+02:00
57.014049833
9.987156167
0.1908
nan
0.0
 
2019-05-07T15:07:59,141911088+02:00
57.014049833
9.987156167
0.2304
nan
0.0
 
2019-05-07T15:07:59,555772063+02:00
57.014049667
9.987156333
0.1476
nan
0.0
 
2019-05-07T15:07:59,775265290+02:00
57.014049667
9.9871565
0.036
nan
0.0
 
2019-05-07T15:08:00,141960496+02:00
57.014049667
9.987156833
0.1224
nan
0.0
 
2019-05-07T15:08:00,346835110+02:00
57.014049667
9.987157
0.0036
nan
0.0
 
2019-05-07T15:08:00,569315440+02:00
57.014049833
9.987157333
0.1944
nan
0.0
 
2019-05-07T15:08:00,950809125+02:00
57.014049833
9.987158167
0.3348
nan
0.0
 
2019-05-07T15:08:01,347057749+02:00
57.014049667
9.987158333
0.0936
nan
0.0
 
2019-05-07T15:08:01,543742534+02:00
57.014049667
9.987158667
0.0072
nan
0.0
 
2019-05-07T15:08:01,957071926+02:00
57.014049667
9.987159
0.0864
nan
0.0
 
2019-05-07T15:08:02,344814247+02:00
57.014049667
9.9871595
0.0612
nan
0.0
 
2019-05-07T15:08:02,546288130+02:00
57.0140495
9.987160333
0.2304
nan
0.0
 
2019-05-07T15:08:02,771166359+02:00
57.0140495
9.987160667
0.054
nan
0.0
 
2019-05-07T15:08:03,143192184+02:00
57.0140495
9.987161833
0.1872
nan
0.0
 
2019-05-07T15:08:03,383059105+02:00
57.0140495
9.987162
0.1188
nan
0.0
 
2019-05-07T15:08:03,748915974+02:00
57.014049333
9.9871625
0.1476
nan
0.0
 
2019-05-07T15:08:03,998144768+02:00
57.0140495
9.987163167
0.2088
nan
0.0
 
2019-05-07T15:08:04,349288964+02:00
57.014049167
9.987164
0.1116
nan
0.0
 
2019-05-07T15:08:04,738691058+02:00
57.014049333
9.987164667
0.1368
nan
0.0
 
2019-05-07T15:08:04,982808231+02:00
57.014049167
9.987164833
0.1764
nan
0.0
 
2019-05-07T15:08:06,142914597+02:00
57.0140485
9.987168167
0.1944
nan
0.0
 
2019-05-07T15:08:06,347774226+02:00
57.0140485
9.987168667
0.1476
nan
0.0
 
2019-05-07T15:08:06,548482288+02:00
57.0140485
9.9871695
0.3096
nan
0.0
 
2019-05-07T15:08:06,951826631+02:00
57.014048333
9.987170167
0.1728
nan
0.0
 
2019-05-07T15:08:07,141953895+02:00
57.014048333
9.987170167
0.0972
nan
0.0
 
2019-05-07T15:08:07,352111405+02:00
57.014048167
9.9871705
0.1044
nan
0.0
 
2019-05-07T15:08:07,745800604+02:00
57.014048
9.987171333
0.1188
nan
0.0
 
2019-05-07T15:08:08,154153369+02:00
57.014047833
9.987171667
0.216
nan
0.0
 
2019-05-07T15:08:08,346761568+02:00
57.014048
9.987171833
0.1116
nan
0.0
 
2019-05-07T15:08:08,749745056+02:00
57.014048
9.987172667
0.1152
nan
0.0
 
2019-05-07T15:08:08,946286179+02:00
57.014048
9.987173
0.0576
nan
0.0
 
2019-05-07T15:08:09,157738823+02:00
57.014047833
9.9871735
0.0108
nan
0.0
 
2019-05-07T15:08:09,350893673+02:00
57.014047667
9.987173833
0.1692
nan
0.0
 
2019-05-07T15:08:09,566107938+02:00
57.014047667
9.9871745
0.0792
nan
0.0
 
2019-05-07T15:08:09,798009765+02:00
57.014047667
9.987174667
0.1944
nan
0.0
 
2019-05-07T15:08:10,153651681+02:00
57.014047667
9.9871755
0.036
nan
0.0
 
2019-05-07T15:08:10,384495685+02:00
57.014047667
9.987175833
0.0792
nan
0.0
 
2019-05-07T15:08:10,753701534+02:00
57.0140475
9.987176833
0.18
nan
0.0
 
2019-05-07T15:08:10,957770404+02:00
57.014047167
9.987177333
0.1656
nan
0.0
 
2019-05-07T15:08:11,188833713+02:00
57.014047167
9.987177833
0.1224
nan
0.0
 
2019-05-07T15:08:11,355859110+02:00
57.014047167
9.987178333
0.0864
nan
0.0
 
2019-05-07T15:08:11,576721023+02:00
57.014047167
9.987178833
0.0684
nan
0.0
 
2019-05-07T15:08:11,961946391+02:00
57.014047167
9.987179833
0.1188
nan
0.0
 
2019-05-07T15:08:12,164237246+02:00
57.014047167
9.98718
0.09
nan
0.0
 
2019-05-07T15:08:12,380104481+02:00
57.014047167
9.987180333
0.1116
nan
0.0
 
2019-05-07T15:08:12,758625059+02:00
57.014047167
9.987180667
0.1332
nan
0.0
 
2019-05-07T15:08:13,172591561+02:00
57.014046833
9.987181167
0.2664
nan
0.0
 
2019-05-07T15:08:13,361002925+02:00
57.014047167
9.987181833
0.2952
nan
0.0
 
2019-05-07T15:08:13,573283228+02:00
57.014047167
9.987182167
0.0828
nan
0.0
 
2019-05-07T15:08:13,961984623+02:00
57.014047167
9.987182667
0.09
nan
0.0
 
2019-05-07T15:08:14,173771137+02:00
57.014047167
9.987183333
0.2304
nan
0.0
 
2019-05-07T15:08:14,560946404+02:00
57.014046833
9.987184333
0.2016
nan
0.0
 
2019-05-07T15:08:14,775822435+02:00
57.014046833
9.9871845
0.1044
nan
0.0
 
2019-05-07T15:08:15,162714547+02:00
57.014046667
9.987185
0.1152
nan
0.0
 
2019-05-07T15:08:15,395943943+02:00
57.014046333
9.9871855
0.0756
nan
0.0
 
2019-05-07T15:08:15,770750133+02:00
57.014046333
9.987186167
0.1728
nan
0.0
 
2019-05-07T15:08:15,968602563+02:00
57.014046333
9.987187167
0.2592
nan
0.0
 
2019-05-07T15:08:16,169565665+02:00
57.014046333
9.987187167
0.342
nan
0.0
 
2019-05-07T15:08:16,374836936+02:00
57.014046167
9.987187833
0.1836
nan
0.0
 
2019-05-07T15:08:16,571855867+02:00
57.014046167
9.9871885
0.0684
nan
0.0
 
2019-05-07T15:08:16,797192126+02:00
57.014046167
9.987189167
0.1116
nan
0.0
 
2019-05-07T15:08:17,005539518+02:00
57.014046
9.987189667
0.072
nan
0.0
 
2019-05-07T15:08:17,214006433+02:00
57.014046
9.987190167
0.1908
nan
0.0
 
2019-05-07T15:08:17,573568243+02:00
57.014045833
9.987191167
0.2304
nan
0.0
 
2019-05-07T15:08:17,979311187+02:00
57.014045833
9.9871925
0.0972
nan
0.0
 
2019-05-07T15:08:18,175893187+02:00
57.014045833
9.987193
0.1656
nan
0.0
 
2019-05-07T15:08:18,378111749+02:00
57.014045833
9.987193333
0.0612
nan
0.0
 
2019-05-07T15:08:18,605334619+02:00
57.014045667
9.987194167
0.0216
nan
0.0
 
2019-05-07T15:08:18,972354179+02:00
57.0140455
9.9871955
0.0936
nan
0.0
 
2019-05-07T15:08:19,178972649+02:00
57.014045333
9.987195833
0.0504
nan
0.0
 
2019-05-07T15:08:19,409040111+02:00
57.014045333
9.987196833
0.1224
nan
0.0
 
2019-05-07T15:08:19,776624666+02:00
57.014045167
9.9871985
0.0756
nan
0.0
 
2019-05-07T15:08:19,985541701+02:00
57.014045
9.987199333
0.126
nan
0.0
 
2019-05-07T15:08:20,370872769+02:00
57.014044833
9.987201167
0.0684
nan
0.0
 
2019-05-07T15:08:20,775224646+02:00
57.0140445
9.987203167
0.0324
nan
0.0
 
2019-05-07T15:08:21,181210401+02:00
57.014044333
9.987205
0.1188
nan
0.0
 
2019-05-07T15:08:21,384681740+02:00
57.014044333
9.987206
0.1404
nan
0.0
 
2019-05-07T15:08:21,619729367+02:00
57.014044333
9.987206667
0.0936
nan
0.0
 
2019-05-07T15:08:21,976370461+02:00
57.014044167
9.987208833
0.18
nan
0.0
 
2019-05-07T15:08:22,211152479+02:00
57.014044167
9.987209833
0.2628
nan
0.0
 
2019-05-07T15:08:22,584674791+02:00
57.014043833
9.987211667
0.0288
nan
0.0
 
2019-05-07T15:08:22,998386920+02:00
57.014043667
9.987213833
0.0684
nan
0.0
 
2019-05-07T15:08:23,383764521+02:00
57.014043667
9.9872155
0.09
nan
0.0
 
2019-05-07T15:08:23,582733320+02:00
57.014043667
9.9872165
0.1656
nan
0.0
 
2019-05-07T15:08:23,807764429+02:00
57.014043667
9.987217
0.1512
nan
0.0
 
2019-05-07T15:08:24,182080337+02:00
57.014043333
9.987218833
0.0252
nan
0.0
 
2019-05-07T15:08:24,374369900+02:00
57.014043333
9.98722
0.198
nan
0.0
 
2019-05-07T15:08:24,580974014+02:00
57.014043333
9.987220833
0.0828
nan
0.0
 
2019-05-07T15:08:24,810941601+02:00
57.014043167
9.9872215
0.1548
nan
0.0
 
2019-05-07T15:08:25,181327285+02:00
57.014043
9.987224167
0.0468
nan
0.0
 
2019-05-07T15:08:25,395420749+02:00
57.014043
9.987225333
0.0864
nan
0.0
 
2019-05-07T15:08:25,780953689+02:00
57.014042833
9.987227
0.2808
nan
0.0
 
2019-05-07T15:08:25,979667142+02:00
57.014042833
9.987228
0.0684
nan
0.0
 
2019-05-07T15:08:26,187270181+02:00
57.014042667
9.987229
0.0612
nan
0.0
 
2019-05-07T15:08:26,402352683+02:00
57.0140425
9.987229833
0.1044
nan
0.0
 
2019-05-07T15:08:26,788205875+02:00
57.014042167
9.987231667
0.144
nan
0.0
 
2019-05-07T15:08:27,009010775+02:00
57.014042333
9.9872325
0.1692
nan
0.0
 
2019-05-07T15:08:27,386113753+02:00
57.014042
9.987233667
0.2664
nan
0.0
 
2019-05-07T15:08:27,580570855+02:00
57.014041833
9.987234667
0.072
nan
0.0
 
2019-05-07T15:08:27,787077714+02:00
57.014041667
9.9872355
0.0972
nan
0.0
 
2019-05-07T15:08:28,029848789+02:00
57.014041833
9.9872365
0.1152
nan
0.0
 
2019-05-07T15:08:28,382622704+02:00
57.014041667
9.987238333
0.1044
nan
0.0
 
2019-05-07T15:08:28,634231523+02:00
57.014041667
9.987239333
0.216
nan
0.0
 
2019-05-07T15:08:28,994277047+02:00
57.014041833
9.987241333
0.3564
nan
0.0
 
2019-05-07T15:08:29,215705180+02:00
57.0140415
9.987242167
0.1044
nan
0.0
 
2019-05-07T15:08:29,585080384+02:00
57.0140415
9.987243833
0.162
nan
0.0
 
2019-05-07T15:08:29,785053569+02:00
57.0140415
9.987244833
0.2304
nan
0.0
 
2019-05-07T15:08:29,999046283+02:00
57.0140415
9.9872455
0.054
nan
0.0
 
2019-05-07T15:08:30,204052659+02:00
57.0140415
9.9872465
0.1764
nan
0.0
 
2019-05-07T15:08:30,614334032+02:00
57.014041333
9.987248
0.0612
nan
0.0
 
2019-05-07T15:08:30,988192425+02:00
57.014041333
9.987249
0.1548
nan
0.0
 
2019-05-07T15:08:31,196459740+02:00
57.014041167
9.987249667
0.2016
nan
0.0
 
2019-05-07T15:08:31,409433118+02:00
57.014041
9.987249333
0.252
nan
0.0
 
2019-05-07T15:08:31,792319328+02:00
57.014040833
9.98725
0.0792
nan
0.0
 
2019-05-07T15:08:31,985063960+02:00
57.014041
9.987250667
0.126
nan
0.0
 
2019-05-07T15:08:32,188331457+02:00
57.014041
9.987251167
0.1476
nan
0.0
 
2019-05-07T15:08:32,591687723+02:00
57.014041167
9.987252
0.0252
nan
0.0
 
2019-05-07T15:08:32,992852435+02:00
57.014041333
9.987253
0.2124
nan
0.0
 
2019-05-07T15:08:33,396802084+02:00
57.014041333
9.987254
0.0756
nan
0.0
 
2019-05-07T15:08:33,789210909+02:00
57.014041333
9.987254667
0.1008
nan
0.0
 
2019-05-07T15:08:34,227192916+02:00
57.014041333
9.987256167
0.2484
nan
0.0
 
2019-05-07T15:08:34,594007735+02:00
57.014041333
9.987256833
0.0684
nan
0.0
 
2019-05-07T15:08:35,001809735+02:00
57.014041333
9.987257333
0.1296
nan
0.0
 
2019-05-07T15:08:35,199209244+02:00
57.0140415
9.9872575
0.0504
nan
0.0
 
2019-05-07T15:08:35,408500666+02:00
57.014041667
9.9872575
0.1152
nan
0.0
 
2019-05-07T15:08:35,629052066+02:00
57.014041667
9.9872575
0.036
nan
0.0
 
2019-05-07T15:08:36,193581604+02:00
57.014042
9.987257667
0.1656
nan
0.0
 
2019-05-07T15:08:36,803757862+02:00
57.014042
9.987257667
0.126
nan
0.0
 
2019-05-07T15:08:37,023964433+02:00
57.014041833
9.987257833
0.108
nan
0.0
 
2019-05-07T15:08:37,401440290+02:00
57.014042
9.987258
0.1656
nan
0.0
 
2019-05-07T15:08:37,793857879+02:00
57.014042167
9.987259167
0.1332
nan
0.0
 
2019-05-07T15:08:38,028549656+02:00
57.014042167
9.987259667
0.1872
nan
0.0
 
2019-05-07T15:08:38,406045409+02:00
57.014042167
9.987260833
0.0576
nan
0.0
 
2019-05-07T15:08:38,834326902+02:00
57.014042
9.987261833
0.108
nan
0.0
 
2019-05-07T15:08:39,192394264+02:00
57.014042
9.987262333
0.1224
nan
0.0
 
2019-05-07T15:08:39,592082227+02:00
57.014042167
9.987262833
0.2808
nan
0.0
 
2019-05-07T15:08:39,995098302+02:00
57.014042333
9.987263333
0.1404
nan
0.0
 
2019-05-07T15:08:40,398767082+02:00
57.014042333
9.987263833
0.0324
nan
0.0
 
2019-05-07T15:08:40,593618722+02:00
57.014042333
9.987264
0.1008
nan
0.0
 
2019-05-07T15:08:40,806003517+02:00
57.0140425
9.987264
0.09
nan
0.0
 
2019-05-07T15:08:41,193664072+02:00
57.014042333
9.987264167
0.126
nan
0.0
 
2019-05-07T15:08:41,416283841+02:00
57.0140425
9.987263833
0.0972
nan
0.0
 
2019-05-07T15:08:41,797986688+02:00
57.014042333
9.987264
0.0828
nan
0.0
 
2019-05-07T15:08:42,199096756+02:00
57.014042333
9.987264667
0.0684
nan
0.0
 
2019-05-07T15:08:42,413624198+02:00
57.014042167
9.987264667
0.0324
nan
0.0
 
2019-05-07T15:08:42,602826591+02:00
57.014042167
9.987265
0.1332
nan
0.0
 
2019-05-07T15:08:42,798397164+02:00
57.014042167
9.987265167
0.018
nan
0.0
 
2019-05-07T15:08:43,192882851+02:00
57.014042333
9.987265333
0.0936
nan
0.0
 
2019-05-07T15:08:43,422108431+02:00
57.014042333
9.987265833
0.0252
nan
0.0
 
2019-05-07T15:08:43,797418169+02:00
57.014042333
9.987266
0.0648
nan
0.0
 
2019-05-07T15:08:44,013139925+02:00
57.0140425
9.9872665
0.0504
nan
0.0
 
2019-05-07T15:08:44,411567825+02:00
57.0140425
9.987266833
0.0144
nan
0.0
 
2019-05-07T15:08:44,605917752+02:00
57.0140425
9.987267333
0.1548
nan
0.0
 
2019-05-07T15:08:44,795697451+02:00
57.014042667
9.987267833
0.126
nan
0.0
 
2019-05-07T15:08:45,403842069+02:00
57.014043167
9.9872695
0.2412
nan
0.0
 
2019-05-07T15:08:45,803275466+02:00
57.014043333
9.987270167
0.1584
nan
0.0
 
2019-05-07T15:08:46,207646319+02:00
57.014043333
9.987270667
0.036
nan
0.0
 
2019-05-07T15:08:46,422488000+02:00
57.014043333
9.987270833
0.1332
nan
0.0
 
2019-05-07T15:08:46,797950445+02:00
57.0140435
9.987271833
0.1692
nan
0.0
 
2019-05-07T15:08:47,000921086+02:00
57.0140435
9.987271833
0.1368
nan
0.0
 
2019-05-07T15:08:47,207930142+02:00
57.0140435
9.987272
0.0216
nan
0.0
 
2019-05-07T15:08:47,594506976+02:00
57.0140435
9.987272667
0.0648
nan
0.0
 
2019-05-07T15:08:47,803628525+02:00
57.014043667
9.987273167
0.1116
nan
0.0
 
2019-05-07T15:08:48,203994103+02:00
57.014043667
9.987273667
0.0792
nan
0.0
 
2019-05-07T15:08:48,600511140+02:00
57.014043667
9.9872745
0.108
nan
0.0
 
2019-05-07T15:08:48,805480188+02:00
57.014043833
9.987274833
0.0612
nan
0.0
 
2019-05-07T15:08:49,020633391+02:00
57.014043833
9.987275
0.1404
nan
0.0
 
2019-05-07T15:08:49,405633751+02:00
57.014044
9.987275667
0.0216
nan
0.0
 
2019-05-07T15:08:49,802793712+02:00
57.014044333
9.9872765
0.09
nan
0.0
 
2019-05-07T15:08:50,012495021+02:00
57.014044333
9.987276833
0.0432
nan
0.0
 
2019-05-07T15:08:50,402377173+02:00
57.014044667
9.9872775
0.1476
nan
0.0
 
2019-05-07T15:08:50,802984601+02:00
57.014045
9.987278167
0.1836
nan
0.0
 
2019-05-07T15:08:51,202151167+02:00
57.014045
9.987278667
0.0324
nan
0.0
 
2019-05-07T15:08:51,430797322+02:00
57.014045
9.987279
0.0576
nan
0.0
 
2019-05-07T15:08:51,624465988+02:00
57.014044833
9.987279167
0.2016
nan
0.0
 
2019-05-07T15:08:52,205465026+02:00
57.014044667
9.9872795
0.018
nan
0.0
 
2019-05-07T15:08:52,425249189+02:00
57.014044667
9.987279667
0.054
nan
0.0
 
2019-05-07T15:08:52,812051935+02:00
57.0140445
9.98728
0.0756
nan
0.0
 
2019-05-07T15:08:53,199500054+02:00
57.014044333
9.987280333
0.0648
nan
0.0
 
2019-05-07T15:08:53,442067436+02:00
57.014044167
9.987280667
0.1152
nan
0.0
 
2019-05-07T15:08:53,805276878+02:00
57.014043833
9.987281167
0.1044
nan
0.0
 
2019-05-07T15:08:54,202999399+02:00
57.014043833
9.9872815
0.18
nan
0.0
 
2019-05-07T15:08:54,614965028+02:00
57.014043667
9.987282
0.1368
nan
0.0
 
2019-05-07T15:08:55,005874013+02:00
57.014043667
9.987282667
0.072
nan
0.0
 
2019-05-07T15:08:55,216518125+02:00
57.0140435
9.987282833
0.0324
nan
0.0
 
2019-05-07T15:08:55,434903694+02:00
57.0140435
9.987283
0.108
nan
0.0
 
2019-05-07T15:08:55,641711387+02:00
57.0140435
9.987283167
0.0792
nan
0.0
 
2019-05-07T15:08:56,002139450+02:00
57.014043167
9.987283333
0.0756
nan
0.0
 
2019-05-07T15:08:56,219818870+02:00
57.014043167
9.987283667
0.1692
nan
0.0
 
2019-05-07T15:08:56,614500054+02:00
57.014043
9.987283833
0.036
nan
0.0
 
2019-05-07T15:08:56,840709413+02:00
57.014043
9.987283833
0.0972
nan
0.0
 
2019-05-07T15:08:57,217845057+02:00
57.014042667
9.987284167
0.1188
nan
0.0
 
2019-05-07T15:08:57,604936505+02:00
57.0140425
9.987284167
0.0432
nan
0.0
 
2019-05-07T15:08:58,205872226+02:00
57.014042333
9.987284833
0.2304
nan
0.0
 
2019-05-07T15:08:58,432082121+02:00
57.014042333
9.987284833
0.0144
nan
0.0
 
2019-05-07T15:08:58,802491460+02:00
57.014042167
9.987285
0.09
nan
0.0
 
2019-05-07T15:08:59,206526899+02:00
57.014042
9.9872855
0.0612
nan
0.0
 
2019-05-07T15:08:59,419187471+02:00
57.014042
9.9872855
0.0504
nan
0.0
 
2019-05-07T15:08:59,818077502+02:00
57.014041667
9.987285667
0.1044
nan
0.0
 
2019-05-07T15:09:00,216252865+02:00
57.014041333
9.987285667
0.1332
nan
0.0
 
2019-05-07T15:09:00,616937556+02:00
57.014041167
9.987285667
0.0468
nan
0.0
 
2019-05-07T15:09:00,810396231+02:00
57.014041
9.987285667
0.0612
nan
0.0
 
2019-05-07T15:09:01,018049460+02:00
57.014041
9.987285667
0.1368
nan
0.0
 
2019-05-07T15:09:01,413172910+02:00
57.0140405
9.987285667
0.0828
nan
0.0
 
2019-05-07T15:09:01,609047142+02:00
57.014040333
9.9872855
0.0396
nan
0.0
 
2019-05-07T15:09:02,008756677+02:00
57.014040167
9.9872855
0.108
nan
0.0
 
2019-05-07T15:09:02,224226676+02:00
57.014039833
9.987285167
0.1008
nan
0.0
 
2019-05-07T15:09:02,618373684+02:00
57.014039667
9.987285
0.18
nan
0.0
 
2019-05-07T15:09:03,052889782+02:00
57.014039333
9.987284833
0.0216
nan
0.0
 
2019-05-07T15:09:03,415221705+02:00
57.014039
9.9872845
0.2376
nan
0.0
 
2019-05-07T15:09:03,828519451+02:00
57.014038833
9.987284333
0.1404
nan
0.0
 
2019-05-07T15:09:04,008044865+02:00
57.014038667
9.987284167
0.0828
nan
0.0
 
2019-05-07T15:09:04,230561643+02:00
57.0140385
9.987284
0.09
nan
0.0
 
2019-05-07T15:09:04,407761079+02:00
57.014038333
9.987283833
0.1008
nan
0.0
 
2019-05-07T15:09:04,632929064+02:00
57.014038167
9.987283667
0.0432
nan
0.0
 
2019-05-07T15:09:05,009723186+02:00
57.014037833
9.9872835
0.126
nan
0.0
 
2019-05-07T15:09:05,412052394+02:00
57.0140375
9.987282833
0.1476
nan
0.0
 
2019-05-07T15:09:05,615301415+02:00
57.014037333
9.987282833
0.0936
nan
0.0
 
2019-05-07T15:09:06,011389100+02:00
57.014037167
9.987282667
0.0576
nan
0.0
 
2019-05-07T15:09:06,223147947+02:00
57.014037333
9.987282833
0.1404
nan
0.0
 
2019-05-07T15:09:06,626580244+02:00
57.014037
9.987283
0.1584
nan
0.0
 
2019-05-07T15:09:07,014946334+02:00
57.014036833
9.987283167
0.0936
nan
0.0
 
2019-05-07T15:09:08,013400735+02:00
57.014036
9.987283167
0.1152
nan
0.0
 
2019-05-07T15:09:08,414014440+02:00
57.014035833
9.9872835
0.072
nan
0.0
 
2019-05-07T15:09:08,811007712+02:00
57.0140355
9.987283167
0.1476
nan
0.0
 
2019-05-07T15:09:09,013033722+02:00
57.0140355
9.9872835
0.1404
nan
0.0
 
2019-05-07T15:09:09,239902726+02:00
57.014035333
9.9872835
0.0216
nan
0.0
 
2019-05-07T15:09:09,445916270+02:00
57.014035167
9.987283167
0.1296
nan
0.0
 
2019-05-07T15:09:09,645291911+02:00
57.014035
9.987283167
0.1548
nan
0.0
 
2019-05-07T15:09:09,841473547+02:00
57.014035
9.987282833
0.0972
nan
0.0
 
2019-05-07T15:09:10,215721628+02:00
57.014034667
9.987282667
0.1224
nan
0.0
 
2019-05-07T15:09:10,443832463+02:00
57.0140345
9.987282333
0.1332
nan
0.0
 
2019-05-07T15:09:10,612802828+02:00
57.014034333
9.987282167
0.0864
nan
0.0
 
2019-05-07T15:09:10,845436803+02:00
57.014034167
9.987282
0.1152
nan
0.0
 
2019-05-07T15:09:11,212978604+02:00
57.014033833
9.9872815
0.054
nan
0.0
 
2019-05-07T15:09:11,430157998+02:00
57.0140335
9.987281167
0.162
nan
0.0
 
2019-05-07T15:09:11,639710691+02:00
57.014033333
9.987280833
0.0504
nan
0.0
 
2019-05-07T15:09:12,011814847+02:00
57.014033167
9.987280333
0.0504
nan
0.0
 
2019-05-07T15:09:12,237669044+02:00
57.014033
9.987280333
0.0252
nan
0.0
 
2019-05-07T15:09:12,630840046+02:00
57.014032667
9.987279833
0.1872
nan
0.0
 
2019-05-07T15:09:13,014937045+02:00
57.014032333
9.987279667
0.0864
nan
0.0
 
2019-05-07T15:09:13,216023472+02:00
57.014032
9.9872795
0.0252
nan
0.0
 
2019-05-07T15:09:13,414822896+02:00
57.014031833
9.987279333
0.0972
nan
0.0
 
2019-05-07T15:09:13,624003806+02:00
57.014031667
9.987279167
0.054
nan
0.0
 
2019-05-07T15:09:14,015639600+02:00
57.014031167
9.9872785
0.1404
nan
0.0
 
2019-05-07T15:09:14,253183533+02:00
57.014031
9.987278167
0.0936
nan
0.0
 
2019-05-07T15:09:14,614302075+02:00
57.014030667
9.987278
0.108
nan
0.0
 
2019-05-07T15:09:14,840447316+02:00
57.014030333
9.987277833
0.072
nan
0.0
 
2019-05-07T15:09:15,054889000+02:00
57.014030167
9.987277667
0.0972
nan
0.0
 
2019-05-07T15:09:15,248510107+02:00
57.01403
9.987277333
0.0828
nan
0.0
 
2019-05-07T15:09:15,623147062+02:00
57.0140295
9.987277
0.108
nan
0.0
 
2019-05-07T15:09:16,025217250+02:00
57.014029
9.9872765
0.1152
nan
0.0
 
2019-05-07T15:09:16,214849334+02:00
57.014028667
9.987276167
0.1656
nan
0.0
 
2019-05-07T15:09:16,439971845+02:00
57.0140285
9.987276
0.0072
nan
0.0
 
2019-05-07T15:09:16,616146281+02:00
57.014028167
9.987275667
0.09
nan
0.0
 
2019-05-07T15:09:16,842508608+02:00
57.014027833
9.987275167
0.1152
nan
0.0
 
2019-05-07T15:09:17,044516446+02:00
57.014027667
9.987274667
0.0144
nan
0.0
 
2019-05-07T15:09:17,428654944+02:00
57.014026833
9.987273167
0.1908
nan
0.0
 
2019-05-07T15:09:17,636732625+02:00
57.0140265
9.987272667
0.1044
nan
0.0
 
2019-05-07T15:09:17,822815627+02:00
57.0140265
9.987272
0.1836
nan
0.0
 
2019-05-07T15:09:18,016564660+02:00
57.014026167
9.987271333
0.018
nan
0.0
 
2019-05-07T15:09:18,420079404+02:00
57.014026
9.987271
0.594
nan
0.0
 
2019-05-07T15:09:18,648692314+02:00
57.014025833
9.987270667
0.18
nan
0.0
 
2019-05-07T15:09:19,024186559+02:00
57.014025667
9.9872695
0.1008
nan
0.0
 
2019-05-07T15:09:19,231952040+02:00
57.014025
9.987268667
0.2412
nan
0.0
 
2019-05-07T15:09:19,441629647+02:00
57.014025
9.987268333
0.18
nan
0.0
 
2019-05-07T15:09:19,827148319+02:00
57.014024833
9.9872675
0.1656
nan
0.0
 
2019-05-07T15:09:20,230700371+02:00
57.014025
9.987266333
0.252
nan
0.0
 
2019-05-07T15:09:20,623663712+02:00
57.014024833
9.987265667
0.1116
nan
0.0
 
2019-05-07T15:09:20,819603451+02:00
57.014024667
9.987265167
0.3492
nan
0.0
 
2019-05-07T15:09:21,243715468+02:00
57.0140245
9.987264167
0.1476
nan
0.0
 
2019-05-07T15:09:21,442443733+02:00
57.014024333
9.9872635
0.0972
nan
0.0
 
2019-05-07T15:09:21,832516546+02:00
57.014024333
9.987262667
0.0936
nan
0.0
 
2019-05-07T15:09:22,428853764+02:00
57.014024333
9.987260833
0.2808
nan
0.0
 
2019-05-07T15:09:22,820260081+02:00
57.014024167
9.987259833
0.3384
nan
0.0
 
2019-05-07T15:09:23,061141695+02:00
57.014023833
9.987259
0.09
nan
0.0
 
2019-05-07T15:09:23,619773330+02:00
57.014024167
9.987258167
0.6048
nan
0.0
 
2019-05-07T15:09:24,026005461+02:00
57.014023833
9.987257167
0.0864
nan
0.0
 
2019-05-07T15:09:24,421759871+02:00
57.014023667
9.987256833
0.2304
nan
0.0
 
2019-05-07T15:09:24,672780802+02:00
57.014023667
9.987256333
0.3564
nan
0.0
 
2019-05-07T15:09:25,033938778+02:00
57.014023833
9.987256167
0.1188
nan
0.0
 
2019-05-07T15:09:25,427202891+02:00
57.014023667
9.987256
0.1656
nan
0.0
 
2019-05-07T15:09:25,837652045+02:00
57.014023833
9.987256167
0.1404
nan
0.0
 
2019-05-07T15:09:26,223626592+02:00
57.014023833
9.9872555
0.126
nan
0.0
 
2019-05-07T15:09:26,454330774+02:00
57.014023667
9.987255167
0.0828
nan
0.0
 
2019-05-07T15:09:26,833297881+02:00
57.014023667
9.987255167
0.1872
nan
0.0
 
2019-05-07T15:09:27,443266940+02:00
57.014023167
9.987254667
0.108
nan
0.0
 
2019-05-07T15:09:27,843963629+02:00
57.014023167
9.987254667
0.3348
nan
0.0
 
2019-05-07T15:09:28,247472799+02:00
57.014023333
9.987254333
0.3132
nan
0.0
 
2019-05-07T15:09:28,632123819+02:00
57.014023
9.987253833
0.3456
nan
0.0
 
2019-05-07T15:09:29,226867013+02:00
57.014022333
9.987252
0.1764
nan
0.0
 
2019-05-07T15:09:29,826597951+02:00
57.014021833
9.987250167
0.2268
nan
0.0
 
2019-05-07T15:09:30,232555102+02:00
57.014021333
9.9872495
0.1764
nan
0.0
 
2019-05-07T15:09:30,645520717+02:00
57.014020667
9.987248167
0.2808
nan
0.0
 
2019-05-07T15:09:31,037584623+02:00
57.014021333
9.987247
0.1512
nan
0.0
 
2019-05-07T15:09:31,437344561+02:00
57.014020833
9.987245667
0.1404
nan
0.0
 
2019-05-07T15:09:31,749059349+02:00

 
