
2019-05-11T17:42:59,338481514+02:00
57.013962667
9.987159333
0.8352
nan
0.0
 
2019-05-11T17:42:59,530900166+02:00
57.013963333
9.987159333
0.2268
nan
0.0
 
2019-05-11T17:42:59,725877751+02:00
57.013964167
9.987160667
0.3888
nan
0.0
 
2019-05-11T17:42:59,931926989+02:00
57.013966
9.9871635
0.9036
nan
0.0
 
2019-05-11T17:43:00,122947192+02:00
57.0139685
9.987168
1.9188
nan
0.0
 
2019-05-11T17:43:00,329771569+02:00
57.0139705
9.987172333
2.3184
nan
0.0
 
2019-05-11T17:43:00,526709005+02:00
57.013972
9.987176667
2.592
nan
0.0
 
2019-05-11T17:43:00,730105679+02:00
57.013973
9.9871835
3.3948
nan
0.0
 
2019-05-11T17:43:00,927442196+02:00
57.0139735
9.987191333
4.2372
nan
0.0
 
2019-05-11T17:43:01,131309604+02:00
57.013973667
9.987200167
5.3604
nan
78.34
 
2019-05-11T17:43:01,326748317+02:00
57.0139745
9.987207
5.2524
nan
84.25
 
2019-05-11T17:43:01,524287261+02:00
57.013975333
9.987212333
5.058
nan
85.8
 
2019-05-11T17:43:01,727870903+02:00
57.013976167
9.987217667
5.0904
nan
85.5
 
2019-05-11T17:43:01,929830539+02:00
57.013975667
9.987222167
5.022
nan
86.75
 
2019-05-11T17:43:02,126512784+02:00
57.013976833
9.987228333
5.4864
nan
85.99
 
2019-05-11T17:43:02,330652763+02:00
57.013980333
9.987235333
5.9976
nan
80.14
 
2019-05-11T17:43:02,525198820+02:00
57.013983167
9.987239833
5.8284
nan
74.11
 
2019-05-11T17:43:02,727542014+02:00
57.013985667
9.9872425
5.4144
nan
68.19
 
2019-05-11T17:43:02,924743139+02:00
57.013987167
9.987247
5.4648
nan
65.21
 
2019-05-11T17:43:03,127927223+02:00
57.013987167
9.987253
5.7132
nan
67.7
 
2019-05-11T17:43:03,324869174+02:00
57.013987333
9.9872585
5.8248
nan
71.48
 
2019-05-11T17:43:03,527474657+02:00
57.013987333
9.9872605
5.1696
nan
73.92
 
2019-05-11T17:43:03,724009840+02:00
57.013989
9.987260833
4.446
nan
72.54
 
2019-05-11T17:43:03,927299152+02:00
57.0139905
9.987263333
4.3992
nan
69.87
 
2019-05-11T17:43:04,122934548+02:00
57.013992333
9.9872655
4.4064
nan
66.71
 
2019-05-11T17:43:04,328678304+02:00
57.013994
9.987264
3.744
nan
0.0
 
2019-05-11T17:43:04,529727791+02:00
57.013995667
9.987262333
3.3516
nan
0.0
 
2019-05-11T17:43:04,727675530+02:00
57.013997667
9.987265167
3.3912
nan
0.0
 
2019-05-11T17:43:04,923184165+02:00
57.0139995
9.987264333
3.0888
nan
0.0
 
2019-05-11T17:43:05,126342567+02:00
57.014001333
9.987267167
3.1536
nan
0.0
 
2019-05-11T17:43:05,321798393+02:00
57.014001833
9.987268667
2.8656
nan
0.0
 
2019-05-11T17:43:05,524291485+02:00
57.014001667
9.987271
2.6784
nan
0.0
 
2019-05-11T17:43:05,726350449+02:00
57.014001667
9.9872745
2.8908
nan
0.0
 
2019-05-11T17:43:05,927108327+02:00
57.014001667
9.987276667
2.9232
nan
0.0
 
2019-05-11T17:43:06,124420855+02:00
57.0140025
9.987277333
2.6568
nan
0.0
 
2019-05-11T17:43:06,324110787+02:00
57.0140025
9.987275667
2.3004
nan
0.0
 
2019-05-11T17:43:06,526305571+02:00
57.014001833
9.987276167
2.6352
nan
0.0
 
2019-05-11T17:43:06,726316450+02:00
57.014000667
9.987271167
1.8504
nan
0.0
 
2019-05-11T17:43:06,921836810+02:00
57.0140005
9.987266333
0.9504
nan
0.0
 
2019-05-11T17:43:07,127622938+02:00
57.014001333
9.987261333
0.6228
nan
0.0
 
2019-05-11T17:43:07,323032967+02:00
57.014002333
9.9872595
0.8028
nan
0.0
 
2019-05-11T17:43:07,533226340+02:00
57.014002833
9.987256833
0.9936
nan
0.0
 
2019-05-11T17:43:07,727704676+02:00
57.0140025
9.987254667
0.8496
nan
0.0
 
2019-05-11T17:43:07,930061292+02:00
57.014000833
9.9872545
0.162
nan
0.0
 
2019-05-11T17:43:08,130708901+02:00
57.0139995
9.987255167
0.5148
nan
0.0
 
2019-05-11T17:43:08,321907279+02:00
57.014001667
9.9872575
0.8748
nan
0.0
 
2019-05-11T17:43:08,523910060+02:00
57.014007667
9.987259833
1.9584
nan
0.0
 
2019-05-11T17:43:08,730274504+02:00
57.014013167
9.987259
2.9196
nan
0.0
 
2019-05-11T17:43:08,930014432+02:00
57.014019167
9.987260333
3.9528
nan
0.0
 
2019-05-11T17:43:09,125761684+02:00
57.0140245
9.987262333
4.6116
nan
0.0
 
2019-05-11T17:43:09,326718204+02:00
57.014024667
9.987262833
3.942
nan
0.0
 
2019-05-11T17:43:09,527472122+02:00
57.0140245
9.9872635
3.3372
nan
0.0
 
2019-05-11T17:43:09,723922259+02:00
57.014023333
9.987256167
2.7828
nan
0.0
 
2019-05-11T17:43:09,927464692+02:00
57.014023333
9.9872515
2.7
nan
0.0
 
2019-05-11T17:43:10,127191716+02:00
57.014023
9.987245833
2.7648
nan
0.0
 
2019-05-11T17:43:10,330188103+02:00
57.01402
9.987242833
1.7892
nan
0.0
 
2019-05-11T17:43:10,527231137+02:00
57.014016333
9.987242167
0.558
nan
0.0
 
2019-05-11T17:43:10,727667159+02:00
57.014013167
9.987238667
0.7992
nan
0.0
 
2019-05-11T17:43:10,925564678+02:00
57.014012
9.987237167
0.918
nan
0.0
 
2019-05-11T17:43:11,124496541+02:00
57.014011667
9.987235167
1.0476
nan
0.0
 
2019-05-11T17:43:11,325950666+02:00
57.014011167
9.987229333
1.7172
nan
0.0
 
2019-05-11T17:43:11,527510411+02:00
57.01401
9.987227333
1.8396
nan
0.0
 
2019-05-11T17:43:11,724145628+02:00
57.014009333
9.9872265
1.6812
nan
0.0
 
2019-05-11T17:43:11,926171813+02:00
57.014010167
9.987224833
1.62
nan
0.0
 
2019-05-11T17:43:12,123034213+02:00
57.014008667
9.987221167
1.9548
nan
0.0
 
2019-05-11T17:43:12,323364906+02:00
57.014007833
9.987220667
1.494
nan
0.0
 
2019-05-11T17:43:12,520133817+02:00
57.014008833
9.987217167
1.386
nan
0.0
 
2019-05-11T17:43:12,725282344+02:00
57.014010667
9.987215
1.206
nan
0.0
 
2019-05-11T17:43:12,923944453+02:00
57.0140095
9.987206
2.1168
nan
0.0
 
2019-05-11T17:43:13,125395849+02:00
57.014007333
9.9872005
2.34
nan
0.0
 
2019-05-11T17:43:13,325602437+02:00
57.014008167
9.987205167
1.1772
nan
0.0
 
2019-05-11T17:43:13,526622924+02:00
57.014004667
9.987192667
2.3148
nan
0.0
 
2019-05-11T17:43:13,725249986+02:00
57.0139995
9.987174667
3.7872
nan
0.0
 
2019-05-11T17:43:13,923476054+02:00
57.013995167
9.9871645
4.4208
nan
0.0
 
2019-05-11T17:43:14,124178977+02:00
57.0139925
9.987151667
5.166
nan
164.93
 
2019-05-11T17:43:14,327872848+02:00
57.013990167
9.987138333
5.94
nan
209.22
 
2019-05-11T17:43:14,525263677+02:00
57.0139855
9.987123333
6.732
nan
226.25
 
2019-05-11T17:43:14,731846150+02:00
57.013981
9.98711
7.5276
nan
232.06
 
2019-05-11T17:43:14,936898007+02:00
57.013977333
9.987094833
8.208
nan
235.44
 
2019-05-11T17:43:15,133180059+02:00
57.013974833
9.987081667
8.3628
nan
238.31
 
2019-05-11T17:43:15,322134383+02:00
57.013973167
9.987072333
8.4996
nan
239.58
 
2019-05-11T17:43:15,533206712+02:00
57.013970833
9.987062667
8.4816
nan
239.54
 
2019-05-11T17:43:15,727424878+02:00
57.013969833
9.987053167
8.6724
nan
240.6
 
2019-05-11T17:43:15,927377888+02:00
57.013971167
9.9870495
8.1072
nan
242.11
 
2019-05-11T17:43:16,123645439+02:00
57.0139715
9.9870425
7.488
nan
243.98
 
2019-05-11T17:43:16,331613191+02:00
57.013970333
9.987034833
7.2432
nan
244.52
 
2019-05-11T17:43:16,524979346+02:00
57.013969
9.987027
7.2612
nan
244.0
 
2019-05-11T17:43:16,723417041+02:00
57.013966
9.987015167
7.7796
nan
242.76
 
2019-05-11T17:43:16,927755424+02:00
57.013963333
9.9870045
8.4132
nan
241.63
 
2019-05-11T17:43:17,128576629+02:00
57.013961833
9.987003167
7.7904
nan
238.21
 
2019-05-11T17:43:17,331312902+02:00
57.013957
9.986995667
7.9776
nan
232.28
 
2019-05-11T17:43:17,529730736+02:00
57.013951167
9.986986
8.5464
nan
226.29
 
2019-05-11T17:43:17,724366357+02:00
57.013945667
9.986974167
9.2016
nan
222.53
 
2019-05-11T17:43:17,941787702+02:00
57.013940833
9.986961167
9.9072
nan
221.74
 
2019-05-11T17:43:18,123478680+02:00
57.013939
9.9869515
10.098
nan
223.62
 
