
2019-03-12T09:57:14,300255920+01:00
57.018187667
9.977102667
0.1152
nan
0.0
 
2019-03-12T09:57:14,491624691+01:00
57.018187667
9.9771025
0.0432
nan
0.0
 
2019-03-12T09:57:14,696399352+01:00
57.018187833
9.977102333
0.0288
nan
0.0
 
2019-03-12T09:57:14,897219217+01:00
57.018188
9.977102167
0.036
nan
0.0
 
2019-03-12T09:57:15,100665605+01:00
57.018188
9.977102167
0.0756
nan
0.0
 
2019-03-12T09:57:15,297618065+01:00
57.018188167
9.977101833
0.1188
nan
0.0
 
2019-03-12T09:57:15,494479776+01:00
57.018188333
9.9771015
0.0648
nan
0.0
 
2019-03-12T09:57:15,694250494+01:00
57.018188333
9.9771015
0.0576
nan
0.0
 
2019-03-12T09:57:15,900065844+01:00
57.0181885
9.977101167
0.0288
nan
0.0
 
2019-03-12T09:57:16,108563604+01:00
57.018188667
9.977101
0.0072
nan
0.0
 
2019-03-12T09:57:16,296692317+01:00
57.018188833
9.977100833
0.054
nan
0.0
 
2019-03-12T09:57:16,494926550+01:00
57.018188833
9.977100667
0.0396
nan
0.0
 
2019-03-12T09:57:16,709962851+01:00
57.018188833
9.9771005
0.0576
nan
0.0
 
2019-03-12T09:57:16,898428183+01:00
57.018189
9.977100333
0.0216
nan
0.0
 
2019-03-12T09:57:17,104445142+01:00
57.018189167
9.977100167
0.0396
nan
0.0
 
2019-03-12T09:57:17,318321739+01:00
57.018189167
9.9771
0.0144
nan
0.0
 
2019-03-12T09:57:17,701715665+01:00
57.018189333
9.977099667
0.0864
nan
0.0
 
2019-03-12T09:57:17,924595532+01:00
57.0181895
9.9770995
0.0936
nan
0.0
 
2019-03-12T09:57:18,305485050+01:00
57.018189667
9.977099167
0.0684
nan
0.0
 
2019-03-12T09:57:18,500499720+01:00
57.018189667
9.977099
0.0504
nan
0.0
 
2019-03-12T09:57:18,696071515+01:00
57.018189833
9.977098667
0.0216
nan
0.0
 
2019-03-12T09:57:18,907296761+01:00
57.018189833
9.9770985
0.0216
nan
0.0
 
2019-03-12T09:57:19,316125526+01:00
57.01819
9.977098167
0.018
nan
0.0
 
2019-03-12T09:57:19,711412094+01:00
57.018190167
9.977097667
0.0576
nan
0.0
 
2019-03-12T09:57:19,937057039+01:00
57.018190333
9.9770975
0.1044
nan
0.0
 
2019-03-12T09:57:20,301018389+01:00
57.0181905
9.977097
0.0756
nan
0.0
 
2019-03-12T09:57:20,524877824+01:00
57.018190667
9.977096667
0.0432
nan
0.0
 
2019-03-12T09:57:20,731374941+01:00
57.018190833
9.9770965
0.0864
nan
0.0
 
2019-03-12T09:57:21,111059624+01:00
57.018191
9.977096
0.0324
nan
0.0
 
2019-03-12T09:57:21,499529773+01:00
57.018191333
9.9770955
0.0396
nan
0.0
 
2019-03-12T09:57:21,715841733+01:00
57.0181915
9.977095167
0.054
nan
0.0
 
2019-03-12T09:57:22,106023161+01:00
57.018191833
9.977094667
0.1044
nan
0.0
 
2019-03-12T09:57:22,329455256+01:00
57.018192167
9.9770945
0.0504
nan
0.0
 
2019-03-12T09:57:22,538662796+01:00
57.018192333
9.977094167
0.0684
nan
0.0
 
2019-03-12T09:57:22,736624617+01:00
57.0181925
9.977094
0.0864
nan
0.0
 
2019-03-12T09:57:22,899061634+01:00
57.018192667
9.977093667
0.072
nan
0.0
 
2019-03-12T09:57:23,112883295+01:00
57.018192833
9.977093333
0.0216
nan
0.0
 
2019-03-12T09:57:23,309601546+01:00
57.018193
9.977093167
0.036
nan
0.0
 
2019-03-12T09:57:23,701477384+01:00
57.0181935
9.9770925
0.0432
nan
0.0
 
2019-03-12T09:57:23,906588540+01:00
57.018193667
9.977092333
0.0684
nan
0.0
 
2019-03-12T09:57:24,305069905+01:00
57.018194167
9.977091833
0.0684
nan
0.0
 
2019-03-12T09:57:24,501036240+01:00
57.018194333
9.9770915
0.0648
nan
0.0
 
2019-03-12T09:57:24,705818935+01:00
57.018194667
9.977091167
0.0072
nan
0.0
 
2019-03-12T09:57:24,903831202+01:00
57.018194833
9.977091
0.0252
nan
0.0
 
2019-03-12T09:57:25,113373040+01:00
57.018195167
9.977090667
0.0432
nan
0.0
 
2019-03-12T09:57:25,311880743+01:00
57.0181955
9.977090333
0.0144
nan
0.0
 
2019-03-12T09:57:25,514510873+01:00
57.018195667
9.97709
0.0396
nan
0.0
 
2019-03-12T09:57:25,709639187+01:00
57.018196
9.977089833
0.0684
nan
0.0
 
2019-03-12T09:57:25,907694790+01:00
57.018196167
9.9770895
0.126
nan
0.0
 
2019-03-12T09:57:26,106379126+01:00
57.0181965
9.977089167
0.018
nan
0.0
 
2019-03-12T09:57:26,306054745+01:00
57.018196833
9.977088833
0.0324
nan
0.0
 
2019-03-12T09:57:26,503266290+01:00
57.018197
9.9770885
0.0468
nan
0.0
 
2019-03-12T09:57:26,705938027+01:00
57.018197167
9.977088333
0.0612
nan
0.0
 
2019-03-12T09:57:26,902306586+01:00
57.0181975
9.977088
0.0504
nan
0.0
 
2019-03-12T09:57:27,107270536+01:00
57.018197667
9.977087667
0.108
nan
0.0
 
2019-03-12T09:57:27,305489369+01:00
57.018197833
9.9770875
0.0252
nan
0.0
 
2019-03-12T09:57:27,506335055+01:00
57.018198
9.977087167
0.0252
nan
0.0
 
2019-03-12T09:57:27,734716795+01:00
57.018198167
9.977086833
0.0396
nan
0.0
 
2019-03-12T09:57:27,921606549+01:00
57.0181985
9.977086667
0.0504
nan
0.0
 
2019-03-12T09:57:28,109788148+01:00
57.018198667
9.977086333
0.0144
nan
0.0
 
2019-03-12T09:57:28,301499021+01:00
57.018198833
9.977086
0.0576
nan
0.0
 
2019-03-12T09:57:28,504404370+01:00
57.018199
9.977085833
0.0432
nan
0.0
 
2019-03-12T09:57:28,703464001+01:00
57.018199333
9.9770855
0.036
nan
0.0
 
2019-03-12T09:57:28,903125567+01:00
57.0181995
9.977085167
0.0792
nan
0.0
 
2019-03-12T09:57:29,104562424+01:00
57.018199667
9.977085
0.0036
nan
0.0
 
2019-03-12T09:57:29,303846467+01:00
57.018199833
9.977084667
0.0072
nan
0.0
 
2019-03-12T09:57:29,512263149+01:00
57.0182
9.9770845
0.0432
nan
0.0
 
2019-03-12T09:57:29,700220454+01:00
57.018200333
9.977084167
0.0828
nan
0.0
 
2019-03-12T09:57:29,908509529+01:00
57.0182005
9.977084
0.0324
nan
0.0
 
2019-03-12T09:57:30,122684134+01:00
57.018200667
9.977083667
0.0396
nan
0.0
 
2019-03-12T09:57:30,306742339+01:00
57.018201
9.977083333
0.0756
nan
0.0
 
2019-03-12T09:57:30,507665552+01:00
57.018201167
9.977083
0.0216
nan
0.0
 
2019-03-12T09:57:30,717799673+01:00
57.018201333
9.977082833
0.0252
nan
0.0
 
2019-03-12T09:57:30,904086759+01:00
57.0182015
9.9770825
0.0108
nan
0.0
 
2019-03-12T09:57:31,103322262+01:00
57.018201667
9.977082167
0.0216
nan
0.0
 
2019-03-12T09:57:31,305863595+01:00
57.018201833
9.977082
0.0108
nan
0.0
 
2019-03-12T09:57:31,509448275+01:00
57.018202167
9.977081667
0.0324
nan
0.0
 
2019-03-12T09:57:31,713856373+01:00
57.018202333
9.9770815
0.0396
nan
0.0
 
2019-03-12T09:57:31,907525010+01:00
57.0182025
9.977081167
0.0828
nan
0.0
 
2019-03-12T09:57:32,104524426+01:00
57.018202667
9.977080833
0.0216
nan
0.0
 
2019-03-12T09:57:32,312803576+01:00
57.018202833
9.977080667
0.018
nan
0.0
 
2019-03-12T09:57:32,707391619+01:00
57.018203167
9.977080167
0.0324
nan
0.0
 
2019-03-12T09:57:32,908099356+01:00
57.018203167
9.97708
0.0396
nan
0.0
 
2019-03-12T09:57:33,113563625+01:00
57.018203333
9.977079833
0.0432
nan
0.0
 
2019-03-12T09:57:33,304494422+01:00
57.018203333
9.977079667
0.0252
nan
0.0
 
2019-03-12T09:57:33,513187159+01:00
57.0182035
9.9770795
0.054
nan
0.0
 
2019-03-12T09:57:33,705785355+01:00
57.0182035
9.977079167
0.0216
nan
0.0
 
2019-03-12T09:57:33,905841333+01:00
57.018203667
9.977079
0.0288
nan
0.0
 
2019-03-12T09:57:34,124147217+01:00
57.018203667
9.977078833
0.0828
nan
0.0
 
2019-03-12T09:57:34,308722921+01:00
57.018203667
9.977078667
0.0252
nan
0.0
 
2019-03-12T09:57:34,504157019+01:00
57.018203833
9.9770785
0.036
nan
0.0
 
2019-03-12T09:57:34,708708645+01:00
57.018203833
9.977078333
0.0684
nan
0.0
 
2019-03-12T09:57:34,910869072+01:00
57.018203833
9.977078167
0.09
nan
0.0
 
2019-03-12T09:57:35,106662110+01:00
57.018203833
9.977078
0.0504
nan
0.0
 
2019-03-12T09:57:35,300641366+01:00
57.018204
9.977077833
0.0324
nan
0.0
 
2019-03-12T09:57:35,507249424+01:00
57.018204
9.977077667
0.0252
nan
0.0
 
2019-03-12T09:57:35,706306807+01:00
57.018204
9.9770775
0.0288
nan
0.0
 
2019-03-12T09:57:35,906599583+01:00
57.018204
9.977077333
0.0144
nan
0.0
 
2019-03-12T09:57:36,110141660+01:00
57.018204
9.977077333
0.0252
nan
0.0
 
2019-03-12T09:57:36,311077392+01:00
57.018204167
9.977077167
0.0144
nan
0.0
 
2019-03-12T09:57:36,508792274+01:00
57.018204167
9.977077
0.018
nan
0.0
 
2019-03-12T09:57:36,706199883+01:00
57.018204167
9.977076833
0.0288
nan
0.0
 
2019-03-12T09:57:36,909231142+01:00
57.018204167
9.977076667
0.0144
nan
0.0
 
2019-03-12T09:57:37,110617904+01:00
57.018204167
9.977076667
0.0792
nan
0.0
 
2019-03-12T09:57:37,307320386+01:00
57.018204167
9.977076333
0.1044
nan
0.0
 
2019-03-12T09:57:37,521415055+01:00
57.018204167
9.977076333
0.0216
nan
0.0
 
2019-03-12T09:57:37,742327653+01:00
57.018204167
9.977076167
0.0828
nan
0.0
 
2019-03-12T09:57:38,112253944+01:00
57.018204167
9.977075833
0.0252
nan
0.0
 
2019-03-12T09:57:38,316136401+01:00
57.018204
9.977075667
0.0468
nan
0.0
 
2019-03-12T09:57:38,511131739+01:00
57.018204
9.9770755
0.0576
nan
0.0
 
2019-03-12T09:57:38,751295000+01:00
57.018204
9.977075333
0.0504
nan
0.0
 
2019-03-12T09:57:39,113741397+01:00
57.018204
9.977075167
0.0756
nan
0.0
 
2019-03-12T09:57:39,308662775+01:00
57.018204
9.977075
0.0468
nan
0.0
 
2019-03-12T09:57:39,507276045+01:00
57.018204
9.977074833
0.0108
nan
0.0
 
2019-03-12T09:57:39,704206758+01:00
57.018204
9.977074667
0.0216
nan
0.0
 
2019-03-12T09:57:39,909346394+01:00
57.018203833
9.9770745
0.0504
nan
0.0
 
2019-03-12T09:57:40,107203853+01:00
57.018203833
9.9770745
0.0072
nan
0.0
 
2019-03-12T09:57:40,311824430+01:00
57.018204
9.977074333
0.0252
nan
0.0
 
2019-03-12T09:57:40,514716058+01:00
57.018204
9.977074
0.0576
nan
0.0
 
2019-03-12T09:57:40,740230229+01:00
57.018204
9.977073833
0.1224
nan
0.0
 
2019-03-12T09:57:40,942067234+01:00
57.018204
9.977073667
0.09
nan
0.0
 
2019-03-12T09:57:41,308634887+01:00
57.018204
9.9770735
0.0612
nan
0.0
 
2019-03-12T09:57:41,515860519+01:00
57.018204
9.9770735
0.0252
nan
0.0
 
2019-03-12T09:57:41,722400328+01:00
57.018204
9.977073333
0.0432
nan
0.0
 
2019-03-12T09:57:41,918290031+01:00
57.018204
9.977073333
0.0432
nan
0.0
 
2019-03-12T09:57:42,107677339+01:00
57.018204
9.977073167
0.0288
nan
0.0
 
2019-03-12T09:57:42,314612874+01:00
57.018204
9.977073
0.0288
nan
0.0
 
2019-03-12T09:57:42,511696947+01:00
57.018204
9.977072833
0.0468
nan
0.0
 
2019-03-12T09:57:42,712414383+01:00
57.018204
9.977072833
0.0468
nan
0.0
 
2019-03-12T09:57:42,937891248+01:00
57.018204
9.977072667
0.0144
nan
0.0
 
2019-03-12T09:57:43,119192155+01:00
57.018204
9.977072667
0.0252
nan
0.0
 
2019-03-12T09:57:43,312567471+01:00
57.018204
9.977072667
0.0072
nan
0.0
 
2019-03-12T09:57:43,716285512+01:00
57.018203833
9.9770725
0.018
nan
0.0
 
2019-03-12T09:57:43,915570188+01:00
57.018203833
9.977072667
0.0792
nan
0.0
 
2019-03-12T09:57:44,119570568+01:00
57.018203667
9.977072667
0.0144
nan
0.0
 
2019-03-12T09:57:44,312227420+01:00
57.018203667
9.977072667
0.0324
nan
0.0
 
2019-03-12T09:57:44,514174699+01:00
57.0182035
9.977072667
0.036
nan
0.0
 
2019-03-12T09:57:44,718478250+01:00
57.0182035
9.977072667
0.0324
nan
0.0
 
2019-03-12T09:57:44,910436795+01:00
57.0182035
9.977072667
0.036
nan
0.0
 
2019-03-12T09:57:45,114397923+01:00
57.0182035
9.977072667
0.0216
nan
0.0
 
2019-03-12T09:57:45,310788840+01:00
57.0182035
9.9770725
0.1296
nan
0.0
 
2019-03-12T09:57:45,515175765+01:00
57.018203333
9.977072667
0.072
nan
0.0
 
2019-03-12T09:57:45,721768722+01:00
57.018203333
9.977072667
0.0396
nan
0.0
 
2019-03-12T09:57:46,116025865+01:00
57.018203167
9.977072833
0.0432
nan
0.0
 
2019-03-12T09:57:46,323486576+01:00
57.018203167
9.977073
0.0108
nan
0.0
 
2019-03-12T09:57:46,717652399+01:00
57.018203
9.977073333
0.072
nan
0.0
 
2019-03-12T09:57:46,916250263+01:00
57.018203
9.9770735
0.0144
nan
0.0
 
2019-03-12T09:57:47,115653070+01:00
57.018202833
9.9770735
0.0252
nan
0.0
 
2019-03-12T09:57:47,328682796+01:00
57.018202833
9.9770735
0.0036
nan
0.0
 
2019-03-12T09:57:47,515972518+01:00
57.018202833
9.977073667
0.036
nan
0.0
 
2019-03-12T09:57:47,717182242+01:00
57.018202833
9.977073833
0.0144
nan
0.0
 
2019-03-12T09:57:47,928891732+01:00
57.018202833
9.977074
0.0288
nan
0.0
 
2019-03-12T09:57:48,117953452+01:00
57.018202833
9.977074
0.054
nan
0.0
 
2019-03-12T09:57:48,316930267+01:00
57.018202833
9.977074167
0.036
nan
0.0
 
2019-03-12T09:57:48,512912232+01:00
57.018202833
9.977074167
0.0468
nan
0.0
 
2019-03-12T09:57:48,721441691+01:00
57.018202833
9.977074167
0.036
nan
0.0
 
2019-03-12T09:57:48,934062512+01:00
57.018203
9.977074333
0.0468
nan
0.0
 
2019-03-12T09:57:49,314584079+01:00
57.018203
9.9770745
0.0216
nan
0.0
 
2019-03-12T09:57:49,536538891+01:00
57.018202833
9.977074667
0.0504
nan
0.0
 
2019-03-12T09:57:49,917955571+01:00
57.018203
9.977075
0.0432
nan
0.0
 
2019-03-12T09:57:50,118767329+01:00
57.018203
9.977075
0.0756
nan
0.0
 
2019-03-12T09:57:50,516403861+01:00
57.018203
9.977075333
0.0252
nan
0.0
 
2019-03-12T09:57:50,727253803+01:00
57.018203
9.977075333
0.0792
nan
0.0
 
2019-03-12T09:57:50,921516356+01:00
57.018203167
9.977075333
0.0288
nan
0.0
 
2019-03-12T09:57:51,131094495+01:00
57.018203167
9.977075333
0.018
nan
0.0
 
2019-03-12T09:57:51,518428481+01:00
57.018203167
9.9770755
0.0252
nan
0.0
 
2019-03-12T09:57:51,737179515+01:00
57.018203167
9.9770755
0.0504
nan
0.0
 
2019-03-12T09:57:51,930871073+01:00
57.018203167
9.977075667
0.0432
nan
0.0
 
2019-03-12T09:57:52,323015999+01:00
57.018203167
9.977075833
0.0612
nan
0.0
 
2019-03-12T09:57:52,529873813+01:00
57.018203167
9.977075833
0.0756
nan
0.0
 
2019-03-12T09:57:52,714888666+01:00
57.018203333
9.977076
0.0324
nan
0.0
 
2019-03-12T09:57:52,917084932+01:00
57.018203333
9.977076
0.0576
nan
0.0
 
2019-03-12T09:57:53,139339028+01:00
57.018203333
9.977076167
0.0576
nan
0.0
 
2019-03-12T09:57:53,322488832+01:00
57.018203333
9.977076333
0.036
nan
0.0
 
2019-03-12T09:57:53,542908924+01:00
57.018203333
9.977076333
0.0288
nan
0.0
 
2019-03-12T09:57:53,716375952+01:00
57.018203333
9.9770765
0.0144
nan
0.0
 
2019-03-12T09:57:53,928190136+01:00
57.0182035
9.9770765
0.0864
nan
0.0
 
2019-03-12T09:57:54,138492161+01:00
57.0182035
9.9770765
0.0504
nan
0.0
 
2019-03-12T09:57:54,337315503+01:00
57.0182035
9.9770765
0.1008
nan
0.0
 
2019-03-12T09:57:54,718969274+01:00
57.018203667
9.9770765
0.0936
nan
0.0
 
2019-03-12T09:57:54,930981499+01:00
57.018203667
9.9770765
0.0216
nan
0.0
 
2019-03-12T09:57:55,115290390+01:00
57.018203833
9.977076667
0.0468
nan
0.0
 
2019-03-12T09:57:55,314885755+01:00
57.018204
9.977076667
0.0252
nan
0.0
 
2019-03-12T09:57:55,518774263+01:00
57.018204
9.977076667
0.09
nan
0.0
 
2019-03-12T09:57:55,712670745+01:00
57.018204
9.977076667
0.072
nan
0.0
 
2019-03-12T09:57:55,914133743+01:00
57.018204167
9.9770765
0.036
nan
0.0
 
2019-03-12T09:57:56,118559522+01:00
57.018204167
9.9770765
0.0396
nan
0.0
 
2019-03-12T09:57:56,328637658+01:00
57.018204333
9.977076333
0.126
nan
0.0
 
2019-03-12T09:57:56,530350936+01:00
57.018204333
9.9770765
0.0792
nan
0.0
 
2019-03-12T09:57:56,723030320+01:00
57.018204333
9.9770765
0.0576
nan
0.0
 
2019-03-12T09:57:56,950083608+01:00
57.0182045
9.9770765
0.054
nan
0.0
 
2019-03-12T09:57:57,150869331+01:00
57.0182045
9.977076667
0.072
nan
0.0
 
2019-03-12T09:57:57,349905953+01:00
57.0182045
9.977076667
0.0684
nan
0.0
 
2019-03-12T09:57:57,542926379+01:00
57.018204667
9.977076667
0.0324
nan
0.0
 
2019-03-12T09:57:57,716204504+01:00
57.018204833
9.977076667
0.0576
nan
0.0
 
2019-03-12T09:57:57,922602233+01:00
57.018205
9.977076333
0.0612
nan
0.0
 
2019-03-12T09:57:58,118950667+01:00
57.018205167
9.977076167
0.0504
nan
0.0
 
2019-03-12T09:57:58,314189948+01:00
57.018205167
9.977076
0.0864
nan
0.0
 
2019-03-12T09:57:58,516456000+01:00
57.018205333
9.977076
0.0288
nan
0.0
 
2019-03-12T09:57:58,712848387+01:00
57.0182055
9.977076
0.0432
nan
0.0
 
2019-03-12T09:57:58,917950544+01:00
57.018205667
9.977075667
0.0576
nan
0.0
 
2019-03-12T09:57:59,120145847+01:00
57.018205833
9.977075667
0.0252
nan
0.0
 
2019-03-12T09:57:59,327068299+01:00
57.018206
9.9770755
0.0216
nan
0.0
 
2019-03-12T09:57:59,530317190+01:00
57.018206167
9.9770755
0.0576
nan
0.0
 
2019-03-12T09:57:59,716540765+01:00
57.018206167
9.977075333
0.0792
nan
0.0
 
2019-03-12T09:57:59,920371326+01:00
57.018206333
9.977075167
0.0108
nan
0.0
 
2019-03-12T09:58:00,114615277+01:00
57.0182065
9.977075167
0.054
nan
0.0
 
2019-03-12T09:58:00,317553044+01:00
57.0182065
9.977075
0.054
nan
0.0
 
2019-03-12T09:58:00,514912229+01:00
57.018206667
9.977074833
0.0684
nan
0.0
 
2019-03-12T09:58:00,718348408+01:00
57.018206833
9.977074667
0.0108
nan
0.0
 
2019-03-12T09:58:00,924727097+01:00
57.018206833
9.9770745
0.0252
nan
0.0
 
2019-03-12T09:58:01,118863245+01:00
57.018207
9.9770745
0.0756
nan
0.0
 
2019-03-12T09:58:01,322069142+01:00
57.018207167
9.977074333
0.0252
nan
0.0
 
2019-03-12T09:58:01,514603839+01:00
57.018207167
9.977074333
0.0828
nan
0.0
 
2019-03-12T09:58:01,715485767+01:00
57.018207333
9.977074167
0.0288
nan
0.0
 
2019-03-12T09:58:01,924368425+01:00
57.018207333
9.977074167
0.036
nan
0.0
 
2019-03-12T09:58:02,130209010+01:00
57.0182075
9.977074167
0.0252
nan
0.0
 
2019-03-12T09:58:02,320201375+01:00
57.018207667
9.977074
0.0684
nan
0.0
 
2019-03-12T09:58:02,519115902+01:00
57.018207667
9.977074
0.036
nan
0.0
 
2019-03-12T09:58:02,725910245+01:00
57.018207833
9.977074
0.0468
nan
0.0
 
2019-03-12T09:58:02,913920658+01:00
57.018207833
9.977073833
0.0756
nan
0.0
 
2019-03-12T09:58:03,119189437+01:00
57.018208
9.977073833
0.0864
nan
0.0
 
2019-03-12T09:58:03,316513484+01:00
57.018208167
9.977073667
0.054
nan
0.0
 
2019-03-12T09:58:03,524650488+01:00
57.018208167
9.977073667
0.0648
nan
0.0
 
2019-03-12T09:58:03,715524635+01:00
57.018208333
9.9770735
0.0612
nan
0.0
 
2019-03-12T09:58:03,917791116+01:00
57.0182085
9.9770735
0.054
nan
0.0
 
2019-03-12T09:58:04,118763802+01:00
57.0182085
9.977073333
0.0504
nan
0.0
 
2019-03-12T09:58:04,512848389+01:00
57.018208833
9.977073167
0.0216
nan
0.0
 
2019-03-12T09:58:04,719441128+01:00
57.018209
9.977073
0.0108
nan
0.0
 
2019-03-12T09:58:04,916916494+01:00
57.018209167
9.977072833
0.036
nan
0.0
 
2019-03-12T09:58:05,317541689+01:00
57.018209667
9.9770725
0.0288
nan
0.0
 
2019-03-12T09:58:05,516945945+01:00
57.018209667
9.9770725
0.0936
nan
0.0
 
2019-03-12T09:58:05,714404829+01:00
57.018209833
9.9770725
0.0396
nan
0.0
 
2019-03-12T09:58:05,922610444+01:00
57.01821
9.977072333
0.0864
nan
0.0
 
2019-03-12T09:58:06,129158416+01:00
57.018210167
9.977072333
0.018
nan
0.0
 
2019-03-12T09:58:06,319303113+01:00
57.018210167
9.977072333
0.0288
nan
0.0
 
2019-03-12T09:58:06,547948007+01:00
57.018210333
9.977072167
0.0252
nan
0.0
 
2019-03-12T09:58:06,721881956+01:00
57.0182105
9.977072167
0.0072
nan
0.0
 
2019-03-12T09:58:06,936949413+01:00
57.0182105
9.977072167
0.0468
nan
0.0
 
2019-03-12T09:58:07,135402645+01:00
57.018210667
9.977072167
0.0324
nan
0.0
 
2019-03-12T09:58:07,316984438+01:00
57.018210667
9.977072167
0.0108
nan
0.0
 
2019-03-12T09:58:07,521501239+01:00
57.018210833
9.977072167
0.072
nan
0.0
 
2019-03-12T09:58:07,753285783+01:00
57.018210833
9.977072167
0.072
nan
0.0
 
