
2019-03-12T09:11:39,278910409+01:00
57.020479979
9.967189544
0.0828
23.957
220.0553
 
2019-03-12T09:11:40,279094951+01:00
57.020479942
9.967189735
0.0288
23.935
11.832
 
2019-03-12T09:11:41,281064669+01:00
57.020480103
9.967189982
0.0504
23.912
7.1977
 
2019-03-12T09:11:42,280773151+01:00
57.020480079
9.967190011
0.0684
23.89
340.4384
 
2019-03-12T09:11:43,283387900+01:00
57.020480155
9.967190096
0.0432
23.848
17.3492
 
2019-03-12T09:11:44,289057158+01:00
57.02048014
9.967190202
0.0504
23.885
187.1977
 
2019-03-12T09:11:45,283458897+01:00
57.020480225
9.967190364
0.0504
23.903
226.2306
 
2019-03-12T09:11:46,284189545+01:00
57.020480126
9.967190307
0.0612
23.922
11.832
 
2019-03-12T09:11:47,286777028+01:00
57.020480136
9.96719044
0.0612
23.945
223.3811
 
2019-03-12T09:11:48,287467296+01:00
57.020480084
9.967190326
0.018
24.009
180.0
 
2019-03-12T09:11:49,291557618+01:00
57.020480178
9.967190212
0.0108
24.097
31.5527
 
2019-03-12T09:11:50,286430891+01:00
57.020480239
9.967190403
0.0396
24.093
180.0
 
2019-03-12T09:11:51,288280943+01:00
57.020480434
9.967190756
0.0432
24.114
263.2689
 
2019-03-12T09:11:52,283018123+01:00
57.020480555
9.96719108
0.0
24.141
0.0
 
2019-03-12T09:11:53,285573439+01:00
57.020480529
9.967191052
0.0504
24.155
226.2306
 
2019-03-12T09:11:54,280064964+01:00
57.020480614
9.967191214
0.0612
24.173
223.3811
 
2019-03-12T09:11:55,283407378+01:00
57.020480686
9.967191185
0.0576
24.203
321.4023
 
2019-03-12T09:11:56,281784592+01:00
57.020480908
9.967190861
0.0612
24.235
331.8267
 
2019-03-12T09:11:57,283562348+01:00
57.020481115
9.967190642
0.0108
24.304
211.5527
 
2019-03-12T09:11:58,278320556+01:00
57.02048116
9.967190528
0.0288
24.384
347.892
 
2019-03-12T09:11:59,302799696+01:00
57.020481342
9.96719028
0.0936
24.466
26.5844
 
2019-03-12T09:12:00,285342165+01:00
57.020481537
9.96719028
0.0432
24.5
197.3492
 
2019-03-12T09:12:01,305255417+01:00
57.020481574
9.96719009
0.036
24.521
278.3861
 
2019-03-12T09:12:02,287286109+01:00
57.020481696
9.967189708
0.0432
24.572
263.2689
 
2019-03-12T09:12:03,287339959+01:00
57.020481828
9.967189813
0.036
24.634
137.9812
 
2019-03-12T09:12:04,283265577+01:00
57.020482193
9.967190138
0.0684
24.703
73.964
 
2019-03-12T09:12:05,285929943+01:00
57.020482878
9.967190548
0.036
24.772
50.8207
 
2019-03-12T09:12:06,287950754+01:00
57.020483144
9.967190815
0.0396
24.86
67.9392
 
2019-03-12T09:12:07,289403043+01:00
57.020483093
9.967190758
0.0864
24.888
212.9761
 
2019-03-12T09:12:08,287807910+01:00
57.020483354
9.96719071
0.0612
24.857
331.8267
 
2019-03-12T09:12:09,295921500+01:00
57.020483969
9.967191205
0.1224
24.86
22.971
 
2019-03-12T09:12:10,301911386+01:00
57.020484177
9.967191805
0.09
24.833
184.0259
 
2019-03-12T09:12:11,290915681+01:00
57.020484092
9.967191996
0.0288
24.804
261.7797
 
2019-03-12T09:12:12,282682737+01:00
57.020484508
9.967192787
0.036
24.798
230.8207
 
2019-03-12T09:12:13,290931931+01:00
57.02048457
9.967192978
0.0792
24.793
158.4919
 
2019-03-12T09:12:14,286796741+01:00
57.02048488
9.967193339
0.0792
24.723
8.9552
 
2019-03-12T09:12:15,285528187+01:00
57.020485259
9.967193911
0.072
24.743
98.3861
 
2019-03-12T09:12:16,282250204+01:00
57.020485415
9.967194751
0.0576
24.768
141.4023
 
2019-03-12T09:12:17,287233350+01:00
57.020485352
9.967195266
0.0504
24.748
46.2306
 
2019-03-12T09:12:18,286437768+01:00
57.020485266
9.967195809
0.0396
24.707
0.0
 
2019-03-12T09:12:19,293785774+01:00
57.020485621
9.96719641
0.0108
24.705
31.5527
 
2019-03-12T09:12:20,296075655+01:00
57.020485773
9.96719658
0.0396
24.623
247.9392
 
2019-03-12T09:12:21,287679215+01:00
57.020485655
9.967196723
0.1008
24.512
187.1977
 
2019-03-12T09:12:22,293748898+01:00
57.020485746
9.967196703
0.0864
24.434
212.9761
 
2019-03-12T09:12:23,289460613+01:00
57.020484501
9.967201244
1.4976
24.309
124.3112
 
2019-03-12T09:12:24,286704446+01:00
57.020480458
9.967213999
3.7872
24.22
121.1698
 
2019-03-12T09:12:25,294371030+01:00
57.020472636
9.96723166
5.4396
24.082
132.1071
 
2019-03-12T09:12:26,300837237+01:00
57.02046117
9.967251251
6.678
23.897
138.8617
 
2019-03-12T09:12:27,286113087+01:00
57.020446174
9.96727258
7.9632
23.383
144.1104
 
2019-03-12T09:12:28,289393181+01:00
57.020426621
9.967295871
9.8748
23.282
148.5977
 
2019-03-12T09:12:29,290630192+01:00
57.020403612
9.967318994
10.8
23.014
152.2141
 
2019-03-12T09:12:30,290106931+01:00
57.020378336
9.967347389
11.5164
22.087
154.1086
 
2019-03-12T09:12:31,286885543+01:00
57.020350592
9.967369143
12.7044
21.874
157.051
 
2019-03-12T09:12:32,295914248+01:00
57.020320453
9.967387985
12.2616
22.145
159.0092
 
2019-03-12T09:12:33,290573130+01:00
57.020294206
9.967405219
11.214
22.194
159.3513
 
2019-03-12T09:12:34,288690311+01:00
57.020267396
9.967422979
11.574
22.343
158.6016
 
2019-03-12T09:12:35,298102227+01:00
57.020239658
9.967442818
12.0636
22.392
158.3805
 
2019-03-12T09:12:36,293456847+01:00
57.020210897
9.967459015
11.9304
22.456
162.2723
 
2019-03-12T09:12:37,295923362+01:00
57.020184965
9.967477689
11.1132
22.494
156.981
 
2019-03-12T09:12:38,285310255+01:00
57.020162024
9.967504915
11.4876
22.71
145.1704
 
2019-03-12T09:12:39,287089509+01:00
57.020144572
9.967549052
12.4596
22.576
119.6872
 
2019-03-12T09:12:40,290112708+01:00
57.020136825
9.967611059
14.5188
22.313
99.3056
 
2019-03-12T09:12:41,287108647+01:00
57.020136695
9.967682854
15.3792
22.132
90.9962
 
2019-03-12T09:12:42,309062993+01:00
57.02013874
9.967755647
15.462
22.008
88.8319
 
2019-03-12T09:12:43,293335516+01:00
57.020135802
9.967826694
16.254
22.244
95.2075
 
2019-03-12T09:12:44,293114356+01:00
57.02012355
9.9678996
16.5348
22.355
112.3136
 
2019-03-12T09:12:45,292231612+01:00
57.020100838
9.967959031
15.4332
22.327
129.0185
 
2019-03-12T09:12:46,291547443+01:00
57.020067886
9.96799918
15.84
22.384
152.0285
 
2019-03-12T09:12:47,292988842+01:00
57.020025777
9.968015763
17.7984
22.458
172.0738
 
2019-03-12T09:12:48,292903911+01:00
57.019980526
9.968016527
19.3464
22.486
181.7265
 
2019-03-12T09:12:49,303607190+01:00
57.0199288
9.968001275
21.5064
22.337
192.1467
 
2019-03-12T09:12:50,289493054+01:00
57.019879656
9.967967186
21.8736
22.599
203.4157
 
2019-03-12T09:12:51,290518350+01:00
57.019829522
9.967919775
23.0796
22.764
208.1563
 
2019-03-12T09:12:52,287753369+01:00
57.019774568
9.967866884
24.7572
22.611
206.9511
 
2019-03-12T09:12:53,290223123+01:00
57.019715503
9.967822018
26.1396
22.599
200.765
 
2019-03-12T09:12:54,298951777+01:00
57.019651091
9.967795631
26.8092
22.462
189.4673
 
2019-03-12T09:12:55,302915544+01:00
57.019585262
9.967800366
26.676
22.486
173.746
 
2019-03-12T09:12:56,287839762+01:00
57.01952331
9.967840562
26.3232
22.099
155.2985
 
2019-03-12T09:12:57,294825897+01:00
57.019473962
9.967912619
26.5572
22.113
138.2227
 
2019-03-12T09:12:58,295903987+01:00
57.019434976
9.968010175
26.7012
21.831
122.6766
 
2019-03-12T09:12:59,295286164+01:00
57.019411997
9.968124089
26.802
21.763
107.8988
 
2019-03-12T09:13:00,296716399+01:00
57.019403881
9.968251935
28.062
20.919
95.5186
 
2019-03-12T09:13:01,311947060+01:00
57.019408668
9.968382909
29.0808
20.728
82.9383
 
2019-03-12T09:13:02,295229809+01:00
57.019431611
9.968514074
30.1176
20.56
70.4837
 
2019-03-12T09:13:03,292622597+01:00
57.019470998
9.968638069
31.2984
20.444
58.6127
 
2019-03-12T09:13:04,295050283+01:00
57.019509753
9.96876836
32.886
20.361
63.0769
 
2019-03-12T09:13:05,291791552+01:00
57.019540911
9.968915892
34.452
20.339
71.9299
 
2019-03-12T09:13:06,292147301+01:00
57.019556719
9.969074971
35.4096
20.222
83.3734
 
2019-03-12T09:13:07,291092160+01:00
57.01956018
9.969241277
35.6796
19.34
91.128
 
2019-03-12T09:13:08,292467363+01:00
57.019554903
9.969409447
37.584
19.066
92.2962
 
2019-03-12T09:13:09,302200507+01:00
57.019552531
9.969589971
39.9564
18.451
92.0552
 
2019-03-12T09:13:10,297580154+01:00
57.019546255
9.969780589
42.1164
17.867
93.533
 
2019-03-12T09:13:11,293474479+01:00
57.019540547
9.969980229
44.2908
17.278
92.7259
 
2019-03-12T09:13:12,309122293+01:00
57.019533844
9.970189999
46.3176
16.773
93.1465
 
2019-03-12T09:13:13,297844739+01:00
57.019528696
9.97040629
47.3832
16.216
92.7017
 
2019-03-12T09:13:14,287679337+01:00
57.019523608
9.970626873
48.3372
15.809
92.9099
 
2019-03-12T09:13:15,297998742+01:00
57.019515769
9.97085213
49.5252
15.04
93.6743
 
2019-03-12T09:13:16,294468677+01:00
57.019508072
9.971082289
50.5548
14.261
93.1305
 
2019-03-12T09:13:17,293452816+01:00
57.019500676
9.971315367
51.0228
13.592
93.1009
 
2019-03-12T09:13:18,295864737+01:00
57.019492286
9.971550515
51.7104
12.923
93.494
 
2019-03-12T09:13:19,294867978+01:00
57.019484902
9.971786769
51.7608
12.467
92.7685
 
2019-03-12T09:13:20,293035839+01:00
57.019478282
9.972020791
51.228
11.968
92.6105
 
2019-03-12T09:13:21,294593853+01:00
57.019475362
9.972253521
50.976
11.332
92.8561
 
2019-03-12T09:13:22,292230297+01:00
57.019471285
9.972484613
50.4936
11.007
92.0215
 
2019-03-12T09:13:23,295843619+01:00
57.019465927
9.972716536
50.598
10.572
92.3775
 
2019-03-12T09:13:24,294674426+01:00
57.019462916
9.972946083
50.1372
10.456
91.794
 
2019-03-12T09:13:25,298760308+01:00
57.019448431
9.973175614
50.4576
10.609
92.8237
 
2019-03-12T09:13:26,303185720+01:00
57.019446492
9.973404494
49.9608
10.57
91.1011
 
2019-03-12T09:13:27,296329786+01:00
57.019442681
9.973632772
49.7772
10.273
91.3661
 
2019-03-12T09:13:28,305330299+01:00
57.019440779
9.973857352
48.8844
10.53
90.8245
 
2019-03-12T09:13:29,301936526+01:00
57.019436466
9.974077172
47.4156
10.317
91.7324
 
2019-03-12T09:13:30,298052666+01:00
57.019434805
9.974290448
46.2672
10.151
90.0272
 
2019-03-12T09:13:31,303443649+01:00
57.019433319
9.974497829
45.0828
9.937
90.4509
 
2019-03-12T09:13:32,299511296+01:00
57.019431559
9.97469513
42.3828
9.814
90.6873
 
2019-03-12T09:13:33,298296797+01:00
57.019423895
9.974880068
39.6036
9.629
94.4218
 
2019-03-12T09:13:34,301831184+01:00
57.019405963
9.975052529
37.7028
9.339
102.2847
 
2019-03-12T09:13:35,301216574+01:00
57.019380219
9.975206669
35.0532
9.364
109.3895
 
2019-03-12T09:13:36,296176893+01:00
57.019327751
9.975343559
35.0208
8.959
127.1424
 
2019-03-12T09:13:37,304581731+01:00
57.019273882
9.975469081
33.7536
8.632
127.9948
 
2019-03-12T09:13:38,300121336+01:00
57.019233596
9.975596511
32.382
8.789
118.441
 
2019-03-12T09:13:39,304249211+01:00
57.019212738
9.975735101
31.4064
8.807
102.595
 
2019-03-12T09:13:40,295670809+01:00
57.019213029
9.975877334
30.9132
8.869
87.4113
 
2019-03-12T09:13:41,306036769+01:00
57.019232092
9.976014278
30.9384
8.934
72.0862
 
2019-03-12T09:13:42,296558842+01:00
57.019273786
9.976138434
31.1544
9.331
56.2335
 
2019-03-12T09:13:43,315399633+01:00
57.019319346
9.976258674
32.2992
9.269
54.5514
 
2019-03-12T09:13:44,304764397+01:00
57.019361044
9.976392939
33.192
9.51
64.422
 
2019-03-12T09:13:45,319256340+01:00
57.019386341
9.976542467
34.6572
9.661
76.4344
 
2019-03-12T09:13:46,302059377+01:00
57.019395292
9.976703385
35.7912
9.431
85.078
 
2019-03-12T09:13:47,311863679+01:00
57.019400534
9.976872526
37.0476
8.969
89.6476
 
2019-03-12T09:13:48,308815162+01:00
57.019396992
9.977044548
38.3184
9.201
90.9451
 
2019-03-12T09:13:49,310285864+01:00
57.019391769
9.977218792
37.9476
9.114
91.3764
 
2019-03-12T09:13:50,300275545+01:00
57.019388772
9.977394157
38.1744
8.591
91.7938
 
2019-03-12T09:13:51,304491680+01:00
57.019384581
9.977569745
38.7468
8.465
91.9783
 
2019-03-12T09:13:52,307588387+01:00
57.019384367
9.97775027
39.8988
8.54
90.7344
 
2019-03-12T09:13:53,306414356+01:00
57.019382935
9.977936184
41.0148
8.382
90.5051
 
2019-03-12T09:13:54,302474351+01:00
57.019381355
9.978127315
41.9256
8.281
91.0165
 
2019-03-12T09:13:55,299788692+01:00
57.019379044
9.978320783
42.4152
8.27
91.817
 
2019-03-12T09:13:56,304865136+01:00
57.019375642
9.978515825
42.8796
8.027
91.9408
 
2019-03-12T09:13:57,305543301+01:00
57.019373628
9.97871017
42.5232
7.934
91.2155
 
2019-03-12T09:13:58,304131277+01:00
57.019373232
9.978899059
41.2524
7.975
91.2597
 
2019-03-12T09:13:59,307435835+01:00
57.019371154
9.979087882
41.2884
7.874
91.2389
 
2019-03-12T09:14:00,322628066+01:00
57.019367501
9.979277889
41.4324
7.602
91.8029
 
2019-03-12T09:14:01,327054103+01:00
57.019363067
9.979468096
41.49
7.386
92.4227
 
2019-03-12T09:14:02,304765886+01:00
57.019360766
9.979659675
41.8968
7.302
91.7551
 
2019-03-12T09:14:03,303117583+01:00
57.019357544
9.979850922
41.7528
7.165
91.8542
 
2019-03-12T09:14:04,300886968+01:00
57.019355224
9.980042845
41.814
7.178
91.4261
 
2019-03-12T09:14:05,303886200+01:00
57.019353338
9.980233899
41.6448
6.969
90.9805
 
2019-03-12T09:14:06,309091423+01:00
57.019351304
9.980423018
41.166
6.901
91.4279
 
2019-03-12T09:14:07,304669207+01:00
57.019349911
9.980613624
41.634
6.954
90.9012
 
2019-03-12T09:14:08,309290844+01:00
57.019349701
9.980808531
42.786
6.922
90.2537
 
2019-03-12T09:14:09,324632406+01:00
57.019348547
9.981005974
43.5312
6.815
90.8681
 
2019-03-12T09:14:10,314515435+01:00
57.019346609
9.981207873
44.3556
6.716
91.4223
 
2019-03-12T09:14:11,313226652+01:00
57.019344544
9.981413175
45.0216
6.663
91.307
 
2019-03-12T09:14:12,307626988+01:00
57.019342473
9.981622675
45.9612
6.598
91.0366
 
2019-03-12T09:14:13,304069569+01:00
57.019340052
9.981836256
46.7028
6.535
91.3119
 
2019-03-12T09:14:14,310280493+01:00
57.019337954
9.982052059
47.4156
6.496
91.4426
 
2019-03-12T09:14:15,311211490+01:00
57.019335564
9.982271315
48.1248
6.549
91.3275
 
2019-03-12T09:14:16,300311158+01:00
57.019333131
9.982493585
48.6252
6.487
91.5389
 
2019-03-12T09:14:17,311598472+01:00
57.019330116
9.982717342
48.9636
6.335
91.5022
 
2019-03-12T09:14:18,303468264+01:00
57.019327491
9.982942768
49.302
6.358
90.8643
 
2019-03-12T09:14:19,307471485+01:00
57.019323834
9.983167469
49.2804
6.134
91.4565
 
2019-03-12T09:14:20,312358530+01:00
57.019320167
9.9833915
48.8916
6.7
91.47
 
2019-03-12T09:14:21,313745684+01:00
57.01931721
9.983614402
48.6108
5.886
91.5411
 
2019-03-12T09:14:22,308029555+01:00
57.019316159
9.983835861
48.4956
6.045
91.2519
 
2019-03-12T09:14:23,304560585+01:00
57.019313989
9.984056728
48.2328
5.963
91.368
 
2019-03-12T09:14:24,309884697+01:00
57.019311492
9.984276374
47.9772
5.858
91.3906
 
2019-03-12T09:14:25,307659858+01:00
57.019308597
9.984496202
47.7684
5.781
91.2059
 
2019-03-12T09:14:26,310715848+01:00
57.019305736
9.984714055
47.5308
5.69
91.7404
 
2019-03-12T09:14:27,304074015+01:00
57.019302636
9.984929849
47.0628
5.592
91.6873
 
2019-03-12T09:14:28,308703077+01:00
57.019300233
9.985144164
46.908
5.492
91.4679
 
2019-03-12T09:14:29,306964300+01:00
57.019297108
9.985359577
46.854
5.42
91.1676
 
2019-03-12T09:14:30,309091559+01:00
57.019294495
9.985570802
45.8244
5.334
91.4426
 
2019-03-12T09:14:31,312437710+01:00
57.019292007
9.98577537
44.2656
5.252
91.3438
 
2019-03-12T09:14:32,309589380+01:00
57.019289924
9.985976229
43.4592
5.259
91.1317
 
2019-03-12T09:14:33,311307663+01:00
57.019288724
9.986175122
43.4592
5.287
91.3999
 
2019-03-12T09:14:34,302365591+01:00
57.019287296
9.986375284
43.812
5.318
91.0376
 
2019-03-12T09:14:35,308569301+01:00
57.019284016
9.986574646
43.5708
5.222
91.3266
 
2019-03-12T09:14:36,307458590+01:00
57.01927934
9.986770374
42.7608
4.964
91.9855
 
2019-03-12T09:14:37,315330174+01:00
57.019275283
9.986960876
41.2992
4.84
91.8496
 
2019-03-12T09:14:38,309418321+01:00
57.019272017
9.987145626
40.3308
4.682
91.1815
 
2019-03-12T09:14:39,313156471+01:00
57.019269717
9.987328164
39.816
4.61
90.9555
 
2019-03-12T09:14:40,313968164+01:00
57.019267812
9.987509348
39.2148
4.617
91.1373
 
2019-03-12T09:14:41,310304069+01:00
57.019266176
9.987685991
38.2104
4.58
90.8744
 
2019-03-12T09:14:42,315019417+01:00
57.019264426
9.987857466
37.116
4.516
90.7966
 
2019-03-12T09:14:43,313581990+01:00
57.019261311
9.988023162
35.7552
4.383
91.5226
 
2019-03-12T09:14:44,308838784+01:00
57.019258601
9.988185558
35.658
4.293
91.4059
 
2019-03-12T09:14:45,310485346+01:00
57.019255331
9.988350824
36.5076
4.089
91.4829
 
2019-03-12T09:14:46,308947969+01:00
57.01925285
9.98852124
37.6416
3.934
91.3542
 
2019-03-12T09:14:47,313029400+01:00
57.019250539
9.988696549
38.6208
3.887
91.2079
 
2019-03-12T09:14:48,320885281+01:00
57.019248726
9.988875892
39.51
3.91
91.0476
 
2019-03-12T09:14:49,313780790+01:00
57.019246354
9.989059479
40.5252
3.903
91.501
 
2019-03-12T09:14:50,316196786+01:00
57.019243558
9.989247529
41.3604
3.855
91.5685
 
2019-03-12T09:14:51,310454916+01:00
57.019241147
9.989440128
42.21
3.85
91.4051
 
2019-03-12T09:14:52,313370100+01:00
57.01923862
9.989635769
43.11
3.699
91.2008
 
2019-03-12T09:14:53,310764301+01:00
57.019235863
9.9898345
43.8948
3.457
91.4324
 
2019-03-12T09:14:54,342867824+01:00
57.019233318
9.990036932
44.4492
3.343
91.7641
 
2019-03-12T09:14:55,318721574+01:00
57.019230525
9.990241738
44.8848
3.271
91.6013
 
2019-03-12T09:14:56,322171362+01:00
57.019227113
9.990447403
44.9928
3.184
91.6926
 
2019-03-12T09:14:57,314579285+01:00
57.019224442
9.990653354
45.0648
3.043
91.3073
 
2019-03-12T09:14:58,316700594+01:00
57.019223191
9.990860534
45.288
3.003
90.6979
 
2019-03-12T09:14:59,316931327+01:00
57.019222101
9.99106761
45.3528
2.95
90.4911
 
2019-03-12T09:15:00,318541984+01:00
57.019220469
9.991274017
45.3312
2.699
90.84
 
2019-03-12T09:15:01,334708375+01:00
57.019218459
9.991481169
45.3456
2.546
91.5143
 
2019-03-12T09:15:02,315572693+01:00
57.019216723
9.991688311
45.252
2.553
91.6302
 
2019-03-12T09:15:03,320063262+01:00
57.019213729
9.991894939
45.1944
2.352
91.4314
 
2019-03-12T09:15:04,321901861+01:00
57.019211745
9.992100097
44.928
2.09
90.8756
 
2019-03-12T09:15:05,312213506+01:00
57.019210246
9.992304788
44.6256
1.996
90.6311
 
2019-03-12T09:15:06,312999959+01:00
57.019208738
9.992507525
44.1936
1.974
90.858
 
2019-03-12T09:15:07,319242512+01:00
57.019206617
9.99270698
43.5204
1.912
91.0596
 
2019-03-12T09:15:08,320627141+01:00
57.019205097
9.992903489
42.5952
1.915
91.2658
 
2019-03-12T09:15:09,335258026+01:00
57.019203601
9.993093026
41.076
1.785
90.3038
 
2019-03-12T09:15:10,320173679+01:00
57.019203262
9.993275667
39.5316
1.773
90.3848
 
2019-03-12T09:15:11,322572835+01:00
57.019200362
9.993451644
38.2644
1.733
91.9895
 
2019-03-12T09:15:12,314795797+01:00
57.019188244
9.993619774
36.72
1.691
99.5479
 
2019-03-12T09:15:13,316210304+01:00
57.019163734
9.993774826
34.6068
1.876
108.5423
 
2019-03-12T09:15:14,314372514+01:00
57.019122817
9.993912
34.02
1.674
120.4261
 
2019-03-12T09:15:15,322141210+01:00
57.019075146
9.994036532
32.418
1.65
125.2973
 
2019-03-12T09:15:16,318972502+01:00
57.019035828
9.994161794
31.5576
1.75
117.7789
 
2019-03-12T09:15:17,318460141+01:00
57.0190109
9.994298448
31.608
1.763
105.2575
 
2019-03-12T09:15:18,315862518+01:00
57.019006652
9.994444506
32.3532
1.593
88.2993
 
2019-03-12T09:15:19,319450874+01:00
57.019024141
9.994586513
31.5612
1.474
72.8874
 
2019-03-12T09:15:20,324332580+01:00
57.019064516
9.994712424
32.4
1.608
55.659
 
2019-03-12T09:15:21,323599080+01:00
57.01911675
9.994840353
34.0848
1.97
53.1948
 
2019-03-12T09:15:22,334896957+01:00
57.019162468
9.994980796
35.6976
2.076
60.8405
 
2019-03-12T09:15:23,323185286+01:00
57.019198882
9.995136207
37.17
2.222
69.7693
 
2019-03-12T09:15:24,319337430+01:00
57.019219823
9.995301922
37.314
2.08
79.5504
 
2019-03-12T09:15:25,319403629+01:00
57.019232481
9.995472238
38.0844
2.154
83.4556
 
2019-03-12T09:15:26,319999896+01:00
57.019242745
9.995652806
39.3372
1.89
85.0488
 
2019-03-12T09:15:27,328905597+01:00
57.01925203
9.995836503
40.8492
1.91
85.1994
 
2019-03-12T09:15:28,325811136+01:00
57.019259673
9.99602803
42.3864
1.56
85.8057
 
2019-03-12T09:15:29,317714970+01:00
57.019268277
9.996226405
43.6392
1.38
85.4567
 
2019-03-12T09:15:30,331942442+01:00
57.01927683
9.996427917
44.6904
1.215
84.9637
 
2019-03-12T09:15:31,329939068+01:00
57.019287092
9.996633597
45.2952
1.034
84.3022
 
2019-03-12T09:15:32,320474255+01:00
57.019297767
9.996840716
45.54
0.858
84.2471
 
2019-03-12T09:15:33,319302186+01:00
57.019308413
9.997048809
45.738
0.697
84.4812
 
2019-03-12T09:15:34,320752985+01:00
57.019319941
9.997253821
44.7048
0.627
83.7173
 
2019-03-12T09:15:35,325974322+01:00
57.019333033
9.997456201
44.5248
0.587
83.0759
 
2019-03-12T09:15:36,326813607+01:00
57.019348249
9.997658914
44.982
0.489
82.0072
 
2019-03-12T09:15:37,350916335+01:00
57.019363475
9.997865012
45.5688
0.366
82.1161
 
2019-03-12T09:15:38,314540168+01:00
57.01937917
9.998073333
46.0764
0.293
82.3152
 
2019-03-12T09:15:39,325072912+01:00
57.019394769
9.998283791
46.5228
0.227
82.1906
 
2019-03-12T09:15:40,331184836+01:00
57.019412187
9.998495764
46.9548
0.148
81.3039
 
2019-03-12T09:15:41,325842479+01:00
57.019430838
9.998709397
47.2032
0.184
80.7744
 
2019-03-12T09:15:42,327290853+01:00
57.019449971
9.998922659
47.1348
0.22
80.4554
 
2019-03-12T09:15:43,325498281+01:00
57.019468396
9.999136502
47.1276
0.295
80.912
 
2019-03-12T09:15:44,331401491+01:00
57.019487886
9.999349306
46.9404
0.365
79.9292
 
2019-03-12T09:15:45,332520949+01:00
57.019509304
9.999561327
47.0448
0.414
79.0446
 
2019-03-12T09:15:46,326310920+01:00
57.019531399
9.999774093
47.2824
0.427
78.9004
 
2019-03-12T09:15:47,323352702+01:00
57.019554351
9.99998806
47.5704
0.461
78.5283
 
2019-03-12T09:15:48,322404574+01:00
57.019578355
10.000201913
47.718
0.432
78.1955
 
2019-03-12T09:15:49,325116194+01:00
57.0196016
10.000415327
47.682
0.338
78.296
 
2019-03-12T09:15:50,322355438+01:00
57.019626284
10.000628512
47.6424
0.319
77.5723
 
2019-03-12T09:15:51,330767214+01:00
57.019652994
10.000840506
47.4804
0.344
76.9946
 
2019-03-12T09:15:52,323674162+01:00
57.019679096
10.001052433
47.3832
0.413
76.8883
 
2019-03-12T09:15:53,323013870+01:00
57.019707564
10.001261384
46.9584
0.55
76.1605
 
2019-03-12T09:15:54,320066715+01:00
57.0197345
10.001469268
46.6164
0.571
76.8728
 
2019-03-12T09:15:55,321867458+01:00
57.019760053
10.001675378
46.1736
0.524
77.2708
 
2019-03-12T09:15:56,325819573+01:00
57.019786776
10.001879152
45.828
0.465
76.2975
 
2019-03-12T09:15:57,331419782+01:00
57.019814206
10.002081582
45.3672
0.426
75.9247
 
2019-03-12T09:15:58,326184064+01:00
57.019841006
10.002281131
44.802
0.409
76.1223
 
2019-03-12T09:15:59,330803775+01:00
57.019866841
10.00247823
44.0352
0.402
76.4944
 
2019-03-12T09:16:00,324658367+01:00
57.019892835
10.002673994
43.6572
0.527
76.0832
 
2019-03-12T09:16:01,343475404+01:00
57.019918249
10.002867346
43.3368
0.598
76.6215
 
2019-03-12T09:16:02,326960428+01:00
57.019943474
10.00305899
42.9912
0.659
76.2227
 
2019-03-12T09:16:03,328022440+01:00
57.019969489
10.003248842
42.5772
0.615
75.9236
 
2019-03-12T09:16:04,334513162+01:00
57.019994792
10.00343424
41.4072
0.623
76.0344
 
2019-03-12T09:16:05,327180255+01:00
57.020019694
10.003612706
39.726
0.612
75.5348
 
2019-03-12T09:16:06,332254873+01:00
57.020044282
10.003784457
38.3184
0.564
74.8879
 
2019-03-12T09:16:07,342854212+01:00
57.020067054
10.00394897
36.5868
0.659
75.8708
 
2019-03-12T09:16:08,325418019+01:00
57.020081898
10.004110222
35.3844
0.505
81.325
 
2019-03-12T09:16:09,331613616+01:00
57.02008448
10.004269959
35.118
0.473
90.0146
 
2019-03-12T09:16:10,327114303+01:00
57.020072956
10.0044274
34.614
0.532
100.2834
 
2019-03-12T09:16:11,327423784+01:00
57.02004327
10.004570869
33.894
0.388
113.3247
 
2019-03-12T09:16:12,339766743+01:00
57.020007197
10.004706738
33.0768
0.361
116.5746
 
2019-03-12T09:16:13,328286313+01:00
57.019979287
10.004844066
31.95
0.494
108.255
 
2019-03-12T09:16:14,335130829+01:00
57.019972045
10.004987562
31.7844
0.696
91.9183
 
2019-03-12T09:16:15,327682645+01:00
57.019985617
10.005130436
31.9608
0.633
76.0009
 
2019-03-12T09:16:16,331676639+01:00
57.020017189
10.005263944
31.9248
0.808
63.375
 
2019-03-12T09:16:17,328032872+01:00
57.020066568
10.005377394
32.0688
0.864
48.3778
 
2019-03-12T09:16:18,332380136+01:00
57.020125258
10.005472447
31.356
0.831
39.1903
 
2019-03-12T09:16:19,329194663+01:00
57.020190255
10.005559517
32.2524
0.902
35.7682
 
2019-03-12T09:16:20,328687991+01:00
57.020252288
10.005661294
33.8436
0.997
43.2637
 
2019-03-12T09:16:21,332071671+01:00
57.020295029
10.005793181
34.0272
0.52
61.4715
 
2019-03-12T09:16:22,329558396+01:00
57.020325436
10.005940977
35.064
0.552
71.9196
 
2019-03-12T09:16:23,327412892+01:00
57.020350949
10.006097204
36.2952
0.544
74.083
 
2019-03-12T09:16:24,330569819+01:00
57.020376031
10.006260156
37.5912
0.651
74.4038
 
2019-03-12T09:16:25,332118493+01:00
57.020401758
10.006431367
39.0384
0.509
74.695
 
2019-03-12T09:16:26,329082014+01:00
57.020428183
10.006606632
40.2012
0.567
74.571
 
2019-03-12T09:16:27,330505435+01:00
57.020454924
10.006787905
41.2812
0.685
74.9121
 
2019-03-12T09:16:28,335160175+01:00
57.020482389
10.00697347
42.0876
0.751
74.8812
 
2019-03-12T09:16:29,333221772+01:00
57.020509669
10.007162011
42.6636
0.807
75.3435
 
2019-03-12T09:16:30,331029738+01:00
57.020536933
10.007351773
42.894
0.828
75.2019
 
2019-03-12T09:16:31,332658547+01:00
57.020563599
10.007542518
43.1136
0.654
75.5394
 
2019-03-12T09:16:32,335800584+01:00
57.020591558
10.007733997
43.3656
0.66
74.7741
 
2019-03-12T09:16:33,335462333+01:00
57.020618627
10.007926459
43.434
0.421
75.3658
 
2019-03-12T09:16:34,329800386+01:00
57.020646308
10.008118798
43.578
0.471
75.4268
 
2019-03-12T09:16:35,335837726+01:00
57.020673577
10.008309696
42.9876
0.516
75.4405
 
2019-03-12T09:16:36,331120397+01:00
57.020700215
10.008500557
43.1676
0.582
75.5739
 
2019-03-12T09:16:37,334508303+01:00
57.020727589
10.008693058
43.6392
0.583
74.952
 
2019-03-12T09:16:38,338504798+01:00
57.020755909
10.008887038
44.1288
0.552
74.8149
 
2019-03-12T09:16:39,329832197+01:00
57.020785079
10.009082401
44.3736
0.638
74.533
 
2019-03-12T09:16:40,342300834+01:00
57.020814296
10.009278118
44.3124
0.72
74.9615
 
2019-03-12T09:16:41,331829807+01:00
57.020841568
10.009474874
44.4276
0.657
75.7953
 
2019-03-12T09:16:42,337109626+01:00
57.020869488
10.009671058
44.244
0.75
75.7277
 
2019-03-12T09:16:43,338308693+01:00
57.020895482
10.009864391
43.3656
0.624
76.0568
 
2019-03-12T09:16:44,344646871+01:00
57.020921539
10.010057209
43.4196
0.518
75.9126
 
2019-03-12T09:16:45,341924144+01:00
57.0209476
10.010251105
43.6896
0.471
76.4004
 
2019-03-12T09:16:46,335027142+01:00
57.020971683
10.010447099
43.956
0.555
77.7256
 
2019-03-12T09:16:47,339412085+01:00
57.02099559
10.010644476
44.1216
0.58
77.2938
 
2019-03-12T09:16:48,333465878+01:00
57.021020688
10.010840901
44.298
0.567
76.3147
 
2019-03-12T09:16:49,336153945+01:00
57.021048182
10.011036276
44.2548
0.571
75.3541
 
2019-03-12T09:16:50,345696076+01:00
57.021077873
10.011231251
44.2296
0.572
74.141
 
2019-03-12T09:16:51,340512677+01:00
57.021108423
10.01142637
44.298
0.629
74.3809
 
2019-03-12T09:16:52,328401955+01:00
57.021138042
10.011622138
44.4672
0.54
74.4286
 
2019-03-12T09:16:53,335760161+01:00
57.021166738
10.011818478
44.4528
0.565
75.4411
 
2019-03-12T09:16:54,337149053+01:00
57.021194392
10.012017002
44.6652
0.51
75.9487
 
2019-03-12T09:16:55,334986334+01:00
57.021221462
10.0122169
45.2448
0.437
76.015
 
2019-03-12T09:16:56,336190977+01:00
57.021249295
10.012419488
45.864
0.381
76.4107
 
2019-03-12T09:16:57,340513726+01:00
57.021275853
10.012624394
46.3248
0.227
76.3325
 
2019-03-12T09:16:58,335322013+01:00
57.021305015
10.012829758
46.6884
0.23
75.6941
 
2019-03-12T09:16:59,337203854+01:00
57.021333659
10.013037268
47.0412
0.056
75.8558
 
2019-03-12T09:17:00,338590183+01:00
57.021361651
10.013246553
47.1492
-0.083
76.2948
 
2019-03-12T09:17:01,355387840+01:00
57.02138946
10.013455265
46.8396
-0.208
76.5237
 
2019-03-12T09:17:02,342125236+01:00
57.021416737
10.013659429
45.702
-0.403
76.2447
 
2019-03-12T09:17:03,333683614+01:00
57.021444404
10.013861866
45.702
-0.602
75.7963
 
2019-03-12T09:17:04,344918949+01:00
57.021472411
10.01406501
45.9036
-0.766
76.155
 
2019-03-12T09:17:05,302130689+01:00
57.021499676
10.014269394
46.188
-0.995
75.992
 
2019-03-12T09:17:06,268185640+01:00
57.021527123
10.014474703
46.44
-1.249
76.1976
 
2019-03-12T09:17:07,250473692+01:00
57.021555325
10.014680337
46.4112
-1.368
76.1575
 
2019-03-12T09:17:08,235581167+01:00
57.021583505
10.014885647
46.314
-1.496
76.455
 
2019-03-12T09:17:09,218735564+01:00
57.02161011
10.015090261
45.9108
-1.666
76.5415
 
2019-03-12T09:17:10,196588388+01:00
57.02163656
10.015293273
45.6876
-1.801
76.4139
 
2019-03-12T09:17:11,188033699+01:00
57.021663685
10.015495445
45.6264
-1.817
76.2228
 
2019-03-12T09:17:12,169909267+01:00
57.021691085
10.015696293
45.1404
-1.794
76.125
 
2019-03-12T09:17:13,164736576+01:00
57.021717985
10.015891675
43.5996
-1.89
76.0638
 
2019-03-12T09:17:14,146256083+01:00
57.021742587
10.016080543
42.0336
-1.855
77.1786
 
2019-03-12T09:17:15,142208789+01:00
57.021765449
10.016262821
40.6656
-1.969
76.6865
 
2019-03-12T09:17:16,134907466+01:00
57.021788534
10.016443106
40.482
-2.159
76.7006
 
2019-03-12T09:17:17,142240506+01:00
57.021810982
10.016623533
40.5684
-2.231
77.4364
 
2019-03-12T09:17:18,127072972+01:00
57.021833
10.016806527
41.0724
-2.308
77.4083
 
2019-03-12T09:17:19,129900394+01:00
57.021855704
10.016990341
41.382
-2.363
77.1559
 
2019-03-12T09:17:20,118992650+01:00
57.0218775
10.017176701
41.8068
-2.28
78.26
 
2019-03-12T09:17:21,109972057+01:00
57.021897246
10.017364282
41.7888
-2.264
79.0516
 
2019-03-12T09:17:22,106227013+01:00
57.021915781
10.01755255
41.6448
-2.256
79.7544
 
2019-03-12T09:17:23,102414579+01:00
57.021934211
10.017739272
41.31
-2.241
79.5686
 
2019-03-12T09:17:24,099932522+01:00
57.021952473
10.017922886
40.8456
-2.296
79.3019
 
2019-03-12T09:17:25,107241061+01:00
57.021971343
10.018104688
40.3524
-2.265
79.0787
 
2019-03-12T09:17:26,101413037+01:00
57.02198891
10.018285116
39.888
-2.223
79.8924
 
2019-03-12T09:17:27,097426608+01:00
57.02200301
10.018463302
39.4128
-2.204
82.1249
 
2019-03-12T09:17:28,097308196+01:00
57.022011581
10.018641448
39.0888
-2.37
84.9685
 
2019-03-12T09:17:29,092798912+01:00
57.022018175
10.018816008
38.214
-2.405
85.913
 
2019-03-12T09:17:30,094524103+01:00
57.02202453
10.018985255
36.648
-2.399
86.6276
 
2019-03-12T09:17:31,092826305+01:00
57.022029182
10.019138584
31.9464
-2.664
87.0397
 
2019-03-12T09:17:32,086750842+01:00
57.0220325
10.01926784
26.9712
-2.736
87.5001
 
2019-03-12T09:17:33,093093242+01:00
57.022036973
10.019376637
22.6224
-2.678
86.0647
 
2019-03-12T09:17:34,103566918+01:00
57.022040645
10.019465624
18.4752
-2.812
86.181
 
2019-03-12T09:17:35,088248323+01:00
57.022043695
10.019536423
14.4108
-2.758
85.8798
 
2019-03-12T09:17:36,081681717+01:00
57.022045226
10.01958994
10.7136
-2.821
86.3927
 
2019-03-12T09:17:37,087022252+01:00
57.022046638
10.019630647
8.2836
-2.839
86.4929
 
2019-03-12T09:17:38,094241043+01:00
57.022047806
10.019664143
6.768
-2.781
86.4835
 
2019-03-12T09:17:39,090815388+01:00
57.022048885
10.019691479
5.508
-2.859
84.8989
 
2019-03-12T09:17:40,083212425+01:00
57.02205016
10.019710993
3.7908
-2.927
82.8954
 
2019-03-12T09:17:41,087231666+01:00
57.022050572
10.019718881
0.8748
-2.98
89.1858
 
2019-03-12T09:17:42,086466766+01:00
57.022050203
10.019719205
0.0576
-3.037
234.1799
 
2019-03-12T09:17:43,085121545+01:00
57.022049785
10.019719119
0.0612
-3.055
151.8676
 
2019-03-12T09:17:44,086030318+01:00
57.022049458
10.019719014
0.0612
-3.15
11.8936
 
2019-03-12T09:17:45,087288127+01:00
57.022048713
10.019718471
0.0648
-3.251
244.3828
 
2019-03-12T09:17:46,084333966+01:00
57.022048599
10.019717755
0.0792
-3.136
9.0022
 
2019-03-12T09:17:47,091003946+01:00
57.022047672
10.019717049
0.198
-3.272
187.2356
 
2019-03-12T09:17:48,096950245+01:00
57.022046545
10.019716935
0.0288
-3.393
167.8314
 
2019-03-12T09:17:49,099872136+01:00
57.022046291
10.019717001
0.0468
-3.267
140.1691
 
2019-03-12T09:17:50,090951470+01:00
57.022046157
10.019716839
0.1584
-3.293
9.0022
 
2019-03-12T09:17:51,089880947+01:00
57.022045627
10.019716858
0.0396
-3.291
247.9751
 
2019-03-12T09:17:52,093353179+01:00
57.022045304
10.019716715
0.0504
-3.255
187.2356
 
2019-03-12T09:17:53,094072710+01:00
57.022044787
10.019716572
0.072
-3.254
262.6969
 
2019-03-12T09:17:54,084572056+01:00
57.022043976
10.019716981
0.09
-3.124
191.8936
 
2019-03-12T09:17:55,091207313+01:00
57.02204295
10.019717534
0.2772
-3.121
174.4305
 
2019-03-12T09:17:56,089452044+01:00
57.022042195
10.019718173
0.1404
-3.126
190.25
 
2019-03-12T09:17:57,095490812+01:00
57.022041758
10.01971884
0.1296
-3.095
336.4076
 
2019-03-12T09:17:58,090189716+01:00
57.022041174
10.019719097
0.0432
-3.04
289.4196
 
2019-03-12T09:17:59,092946271+01:00
57.022041221
10.019719393
0.1476
-3.008
7.2356
 
2019-03-12T09:18:00,097041167+01:00
57.022040519
10.019719794
0.1548
-3.065
233.3676
 
2019-03-12T09:18:01,108891244+01:00
57.022040266
10.01972027
0.162
-2.987
325.0061
 
2019-03-12T09:18:02,096269979+01:00
57.022040164
10.019720919
0.1548
-2.991
353.7959
 
2019-03-12T09:18:03,090690086+01:00
57.022039727
10.019721176
0.2664
-2.912
198.7359
 
2019-03-12T09:18:04,089460017+01:00
57.022039524
10.0197213
0.0576
-2.814
81.8166
 
2019-03-12T09:18:05,091476277+01:00
57.022039138
10.019722024
0.1296
-2.81
2.8077
 
2019-03-12T09:18:06,089265954+01:00
57.022039159
10.019722291
0.0252
-2.764
104.5417
 
2019-03-12T09:18:07,091523602+01:00
57.022038921
10.01972211
0.0576
-2.901
0.0
 
2019-03-12T09:18:08,086550439+01:00
57.022038405
10.019722024
0.036
-2.936
138.0918
 
2019-03-12T09:18:09,091615532+01:00
57.02203816
10.019722024
0.1692
-2.978
6.3971
 
2019-03-12T09:18:10,088808006+01:00
57.022037682
10.019722158
0.1368
-3.038
160.4993
 
2019-03-12T09:18:11,091606803+01:00
57.022037192
10.019722101
0.1296
-3.086
208.0191
 
2019-03-12T09:18:12,085167785+01:00
57.02203637
10.019721824
0.3816
-3.158
194.8276
 
2019-03-12T09:18:13,087603716+01:00
57.022035252
10.019721433
0.3744
-3.209
196.1195
 
2019-03-12T09:18:14,084027866+01:00
57.022034995
10.019721595
0.0648
-3.25
64.3828
 
2019-03-12T09:18:15,087959945+01:00
57.022035278
10.019721461
0.1188
-3.222
339.6858
 
2019-03-12T09:18:16,091078032+01:00
57.022035024
10.019721738
0.0648
-3.335
64.3828
 
2019-03-12T09:18:17,095736176+01:00
57.022034472
10.01972149
0.1908
-3.379
189.4633
 
2019-03-12T09:18:18,084658580+01:00
57.022034066
10.019721595
0.0252
-3.409
211.6946
 
2019-03-12T09:18:19,085282545+01:00
57.022034227
10.019721843
0.1224
-3.433
23.0035
 
