
2019-05-11T17:44:16,720166136+02:00
57.014020667
9.987033167
1.1376
nan
0.0
 
2019-05-11T17:44:16,921849944+02:00
57.014022333
9.9870335
0.99
nan
0.0
 
2019-05-11T17:44:17,119173140+02:00
57.014023833
9.987032667
1.1016
nan
0.0
 
2019-05-11T17:44:17,324321193+02:00
57.014029667
9.987031
3.8484
nan
0.0
 
2019-05-11T17:44:17,523117031+02:00
57.014034167
9.987028
5.184
nan
21.63
 
2019-05-11T17:44:17,722122012+02:00
57.014040833
9.987022333
7.2324
nan
357.83
 
2019-05-11T17:44:17,920490241+02:00
57.014047333
9.987016833
8.6868
nan
348.53
 
2019-05-11T17:44:18,122537549+02:00
57.014053333
9.987012
9.4824
nan
344.35
 
2019-05-11T17:44:18,324956020+02:00
57.014058333
9.987006167
9.8892
nan
341.31
 
2019-05-11T17:44:18,523094178+02:00
57.014062167
9.987
9.8532
nan
338.69
 
2019-05-11T17:44:18,722152542+02:00
57.014063833
9.9869895
9.6984
nan
334.68
 
2019-05-11T17:44:18,924561113+02:00
57.0140655
9.986978167
9.7488
nan
329.61
 
2019-05-11T17:44:19,921281089+02:00
57.014072833
9.9869525
7.1496
nan
0.0
 
2019-05-11T17:44:20,122510334+02:00
57.0140695
9.986945833
6.4368
nan
0.0
 
2019-05-11T17:44:20,320776951+02:00
57.014068833
9.986939
6.336
nan
0.0
 
2019-05-11T17:44:20,521602242+02:00
57.014067333
9.986930667
6.3936
nan
0.0
 
2019-05-11T17:44:20,720331256+02:00
57.014069333
9.986918667
7.3188
nan
313.86
 
2019-05-11T17:44:20,922576247+02:00
57.0140695
9.986912333
7.1136
nan
0.0
 
2019-05-11T17:44:21,119808072+02:00
57.014065
9.986903333
7.0776
nan
294.2
 
2019-05-11T17:44:21,320425117+02:00
57.014063
9.986895167
7.236
nan
282.23
 
2019-05-11T17:44:21,518154449+02:00
57.014059833
9.986887
7.1352
nan
274.32
 
2019-05-11T17:44:21,731002109+02:00
57.014057
9.986878167
7.3584
nan
267.72
 
2019-05-11T17:44:21,919769288+02:00
57.014052
9.986871667
7.5996
nan
259.05
 
2019-05-11T17:44:22,127424700+02:00
57.0140485
9.9868675
7.2972
nan
253.46
 
2019-05-11T17:44:22,325693748+02:00
57.014047667
9.986864667
6.8976
nan
250.3
 
2019-05-11T17:44:22,523246283+02:00
57.0140485
9.986859833
6.5844
nan
250.86
 
2019-05-11T17:44:22,724422093+02:00
57.014046833
9.986853
6.3828
nan
251.94
 
2019-05-11T17:44:22,925082721+02:00
57.014044167
9.986845833
6.1992
nan
0.0
 
2019-05-11T17:44:23,122019562+02:00
57.0140425
9.986839333
6.2316
nan
0.0
 
2019-05-11T17:44:23,325724953+02:00
57.014040167
9.986840167
5.4576
nan
0.0
 
2019-05-11T17:44:23,517139753+02:00
57.0140375
9.986842667
4.7448
nan
0.0
 
2019-05-11T17:44:23,722384154+02:00
57.014036667
9.986848167
3.8268
nan
0.0
 
2019-05-11T17:44:23,922949789+02:00
57.014048667
9.986857333
2.8116
nan
0.0
 
2019-05-11T17:44:24,126191843+02:00
57.0140585
9.986865
2.4372
nan
0.0
 
2019-05-11T17:44:24,325635815+02:00
57.014070667
9.986876833
2.1384
nan
0.0
 
2019-05-11T17:44:24,520878804+02:00
57.014071833
9.986874167
2.2752
nan
0.0
 
2019-05-11T17:44:24,719079443+02:00
57.014074333
9.986872667
2.5416
nan
0.0
 
2019-05-11T17:44:24,917724566+02:00
57.014075667
9.986872333
2.5164
nan
0.0
 
2019-05-11T17:44:25,117083925+02:00
57.0140745
9.9868705
2.196
nan
0.0
 
2019-05-11T17:44:25,323628297+02:00
57.014074833
9.986868667
2.1672
nan
0.0
 
2019-05-11T17:44:25,522714572+02:00
57.014070333
9.9868555
2.3328
nan
0.0
 
2019-05-11T17:44:25,722340642+02:00
57.014063
9.986843667
2.2968
nan
0.0
 
2019-05-11T17:44:25,929553091+02:00
57.014056833
9.986834167
2.448
nan
0.0
 
2019-05-11T17:44:26,129216893+02:00
57.014052333
9.9868205
3.4596
nan
0.0
 
2019-05-11T17:44:26,330475829+02:00
57.014046833
9.986812333
3.762
nan
0.0
 
2019-05-11T17:44:26,528017966+02:00
57.014039833
9.986802667
3.8484
nan
0.0
 
2019-05-11T17:44:26,733101960+02:00
57.014033167
9.986793333
3.6072
nan
0.0
 
2019-05-11T17:44:26,931983027+02:00
57.014027
9.986784833
3.5316
nan
0.0
 
2019-05-11T17:44:27,125471949+02:00
57.014023833
9.986779
3.2544
nan
0.0
 
2019-05-11T17:44:27,324249036+02:00
57.014023167
9.986781333
2.6208
nan
0.0
 
2019-05-11T17:44:27,525618998+02:00
57.014021
9.986779
2.934
nan
0.0
 
2019-05-11T17:44:27,728742026+02:00
57.014018
9.986774833
3.4488
nan
0.0
 
2019-05-11T17:44:27,926975832+02:00
57.014011333
9.9867685
4.176
nan
0.0
 
2019-05-11T17:44:28,122940335+02:00
57.014007333
9.986764667
4.5612
nan
0.0
 
2019-05-11T17:44:28,323195919+02:00
57.0140015
9.9867605
4.9428
nan
0.0
 
2019-05-11T17:44:28,527755746+02:00
57.0139955
9.986756167
5.328
nan
0.0
 
2019-05-11T17:44:28,722622349+02:00
57.0139945
9.986753667
5.0868
nan
0.0
 
2019-05-11T17:44:28,924012945+02:00
57.013993833
9.986754667
4.4352
nan
0.0
 
2019-05-11T17:44:29,126912574+02:00
57.013994333
9.986756333
3.6252
nan
0.0
 
2019-05-11T17:44:29,326365319+02:00
57.013993
9.986758167
3.1608
nan
0.0
 
2019-05-11T17:44:29,532253650+02:00
57.01399
9.986758167
3.6576
nan
0.0
 
2019-05-11T17:44:29,723074796+02:00
57.013985
9.9867565
4.1184
nan
0.0
 
2019-05-11T17:44:29,929049411+02:00
57.0139805
9.9867555
4.3344
nan
0.0
 
2019-05-11T17:44:30,124315444+02:00
57.013979
9.9867565
4.2012
nan
0.0
 
2019-05-11T17:44:30,322091375+02:00
57.013974333
9.986758333
4.2624
nan
0.0
 
2019-05-11T17:44:30,530946874+02:00
57.013969833
9.9867595
4.6872
nan
0.0
 
2019-05-11T17:44:30,722977946+02:00
57.013967333
9.986758333
4.4532
nan
0.0
 
2019-05-11T17:44:30,927573900+02:00
57.0139645
9.986757333
4.0212
nan
0.0
 
2019-05-11T17:44:31,123660708+02:00
57.0139615
9.9867555
3.5712
nan
0.0
 
2019-05-11T17:44:31,326223151+02:00
57.013955667
9.986752167
3.6216
nan
0.0
 
2019-05-11T17:44:31,531839719+02:00
57.013948667
9.986749167
4.1292
nan
0.0
 
2019-05-11T17:44:31,720329291+02:00
57.013939833
9.986751333
5.0184
nan
0.0
 
2019-05-11T17:44:31,921329049+02:00
57.0139315
9.986751167
5.796
nan
0.0
 
2019-05-11T17:44:32,127047111+02:00
57.013924167
9.986748667
6.372
nan
0.0
 
2019-05-11T17:44:32,321911365+02:00
57.013917833
9.986730833
6.7248
nan
0.0
 
2019-05-11T17:44:32,523530082+02:00
57.013911
9.9867195
7.2648
nan
0.0
 
2019-05-11T17:44:32,723909090+02:00
57.013905
9.986709333
7.8552
nan
225.51
 
2019-05-11T17:44:32,926568410+02:00
57.0138985
9.986706
8.2764
nan
214.55
 
2019-05-11T17:44:33,122704692+02:00
57.013890667
9.986702667
8.4744
nan
208.16
 
2019-05-11T17:44:33,330129103+02:00
57.013943667
9.986761333
5.0832
nan
0.0
 
2019-05-11T17:44:33,530773399+02:00
57.0139935
9.986815
2.4732
nan
0.0
 
2019-05-11T17:44:33,729622492+02:00
57.014039667
9.986867
1.26
nan
0.0
 
2019-05-11T17:44:33,923100837+02:00
57.014083167
9.9869185
2.7432
nan
0.0
 
2019-05-11T17:44:34,127996641+02:00
57.014122
9.986967167
4.3848
nan
0.0
 
2019-05-11T17:44:34,322344099+02:00
57.014156833
9.987016833
5.094
nan
0.0
 
2019-05-11T17:44:34,521384878+02:00
57.014192333
9.987068667
6.0084
nan
0.0
 
2019-05-11T17:44:34,723282863+02:00
57.014226833
9.987119333
6.8832
nan
287.58
 
2019-05-11T17:44:34,923583275+02:00
57.014259
9.9871645
7.7724
nan
344.9
 
2019-05-11T17:44:35,126410065+02:00
57.014290333
9.987208167
8.5572
nan
9.17
 
2019-05-11T17:44:35,332046770+02:00
57.014320333
9.987243667
9.63
nan
19.63
 
2019-05-11T17:44:35,527028061+02:00
57.014352667
9.987290167
11.0232
nan
25.95
 
2019-05-11T17:44:35,725105951+02:00
57.0143865
9.987345
12.4992
nan
30.56
 
2019-05-11T17:44:35,921332189+02:00
57.0144165
9.9873855
13.6944
nan
32.34
 
2019-05-11T17:44:36,315504212+02:00
57.014453333
9.987448167
15.4836
nan
36.16
 
2019-05-11T17:44:36,518288908+02:00
57.0144595
9.987456667
15.8508
nan
36.83
 
2019-05-11T17:44:36,718724042+02:00
57.014463333
9.987465
15.6708
nan
37.57
 
2019-05-11T17:44:36,925866733+02:00
57.0144655
9.987469833
15.5736
nan
38.57
 
2019-05-11T17:44:37,120048319+02:00
57.014467333
9.987472
15.1776
nan
38.96
 
2019-05-11T17:44:37,320284178+02:00
57.0144715
9.987485167
15.3252
nan
40.13
 
2019-05-11T17:44:37,522726914+02:00
57.014474833
9.9874925
15.21
nan
40.84
 
2019-05-11T17:44:37,725539051+02:00
57.014478167
9.987495
14.994
nan
40.37
 
2019-05-11T17:44:37,922257599+02:00
57.0144825
9.987502833
14.9184
nan
39.93
 
2019-05-11T17:44:38,128550244+02:00
57.014484333
9.987510167
14.652
nan
40.33
 
2019-05-11T17:44:38,322037155+02:00
57.014484
9.987516167
14.2128
nan
41.6
 
2019-05-11T17:44:38,521028075+02:00
57.014482167
9.987521667
13.8204
nan
43.7
 
2019-05-11T17:44:38,722349233+02:00
57.014481167
9.987530667
13.5648
nan
46.41
 
2019-05-11T17:44:38,927302448+02:00
57.014482333
9.987538167
13.284
nan
48.04
 
2019-05-11T17:44:39,119281118+02:00
57.014486
9.987545833
13.2768
nan
48.1
 
2019-05-11T17:44:39,325702590+02:00
57.014490167
9.987555667
13.3776
nan
47.69
 
2019-05-11T17:44:39,524194769+02:00
57.014494
9.987564833
13.5036
nan
47.12
 
2019-05-11T17:44:39,731244272+02:00
57.014495333
9.987571
13.1292
nan
46.95
 
2019-05-11T17:44:39,931287713+02:00
57.014500167
9.9875755
12.942
nan
45.13
 
2019-05-11T17:44:40,122744289+02:00
57.014502667
9.987581333
13.1004
nan
44.14
 
2019-05-11T17:44:40,322398239+02:00
57.014503167
9.987586667
13.1256
nan
44.44
 
2019-05-11T17:44:40,525999988+02:00
57.014502
9.987585333
12.8484
nan
44.58
 
2019-05-11T17:44:40,723321000+02:00
57.014503
9.987588
12.3696
nan
44.12
 
2019-05-11T17:44:40,930136996+02:00
57.014500167
9.987585
11.9988
nan
44.22
 
2019-05-11T17:44:41,130049962+02:00
57.014497667
9.987584
11.6064
nan
44.8
 
2019-05-11T17:44:41,325495964+02:00
57.0145025
9.987595667
11.5812
nan
44.8
 
2019-05-11T17:44:41,526744030+02:00
57.014503833
9.987596
11.304
nan
43.92
 
2019-05-11T17:44:41,922489204+02:00
57.0145105
9.987617
11.5056
nan
43.95
 
2019-05-11T17:44:42,120308590+02:00
57.014510333
9.9876215
11.4444
nan
44.62
 
2019-05-11T17:44:42,331139918+02:00
57.014487333
9.987585667
10.8216
nan
44.73
 
2019-05-11T17:44:42,720894029+02:00
57.014495833
9.987602667
11.142
nan
44.08
 
2019-05-11T17:44:42,919312478+02:00
57.014498167
9.987612167
11.0592
nan
44.38
 
2019-05-11T17:44:43,119751833+02:00
57.014499333
9.987621833
11.052
nan
45.24
 
2019-05-11T17:44:43,327376512+02:00
57.014497833
9.987624167
10.8684
nan
46.12
 
2019-05-11T17:44:43,520574885+02:00
57.014492667
9.987615833
10.17
nan
46.38
 
2019-05-11T17:44:43,723096976+02:00
57.014494167
9.987625333
10.0476
nan
46.88
 
2019-05-11T17:44:43,923539420+02:00
57.0144985
9.987639
10.2744
nan
47.43
 
2019-05-11T17:44:44,117182802+02:00
57.014503167
9.9876505
10.4724
nan
47.5
 
2019-05-11T17:44:44,330381422+02:00
57.0145085
9.9876625
10.5948
nan
47.32
 
2019-05-11T17:44:44,522220942+02:00
57.014508333
9.987669333
10.4616
nan
47.63
 
2019-05-11T17:44:44,719769545+02:00
57.014503
9.987660167
10.0476
nan
47.73
 
2019-05-11T17:44:44,923870240+02:00
57.014505667
9.987674
10.1736
nan
48.34
 
2019-05-11T17:44:45,117809915+02:00
57.014501833
9.987671333
9.7884
nan
48.81
 
2019-05-11T17:44:45,322755106+02:00
57.014498333
9.987666
9.3996
nan
48.83
 
2019-05-11T17:44:45,523862293+02:00
57.0145
9.987672667
9.4068
nan
48.75
 
2019-05-11T17:44:45,917710818+02:00
57.014502333
9.987685167
9.3096
nan
48.55
 
2019-05-11T17:44:46,126583921+02:00
57.014502
9.987688167
9.234
nan
48.53
 
2019-05-11T17:44:46,324728618+02:00
57.014505
9.987698833
9.4392
nan
48.68
 
2019-05-11T17:44:46,522452429+02:00
57.014507833
9.987707
9.4932
nan
48.63
 
2019-05-11T17:44:46,916270138+02:00
57.0145075
9.9877215
9.4716
nan
50.01
 
2019-05-11T17:44:47,124093505+02:00
57.0145065
9.9877245
9.2808
nan
50.44
 
2019-05-11T17:44:47,525450925+02:00
57.014498
9.987716833
8.8056
nan
51.48
 
2019-05-11T17:44:47,721590439+02:00
57.014496333
9.987712833
8.5284
nan
51.19
 
2019-05-11T17:44:48,120800960+02:00
57.0144905
9.9877115
8.172
nan
51.78
 
2019-05-11T17:44:48,320690804+02:00
57.014493167
9.987718333
8.2224
nan
51.57
 
2019-05-11T17:44:48,520478051+02:00
57.014491167
9.987719167
8.1432
nan
51.67
 
2019-05-11T17:44:48,719048861+02:00
57.014487667
9.987713667
7.9308
nan
51.51
 
2019-05-11T17:44:48,925665895+02:00
57.014488833
9.987713
7.8804
nan
50.56
 
2019-05-11T17:44:49,118810934+02:00
57.014490833
9.987713333
7.8552
nan
49.21
 
2019-05-11T17:44:49,320395718+02:00
57.014489667
9.987706167
7.6572
nan
47.59
 
2019-05-11T17:44:49,522405826+02:00
57.014429667
9.9876
5.652
nan
47.62
 
2019-05-11T17:44:49,716895642+02:00
57.0143805
9.987509667
3.9888
nan
47.89
 
2019-05-11T17:44:49,918506487+02:00
57.014342833
9.987449167
2.8656
nan
0.0
 
2019-05-11T17:44:50,126046084+02:00
57.014307833
9.987391333
1.6884
nan
0.0
 
2019-05-11T17:44:50,323101213+02:00
57.014276333
9.987339833
0.9108
nan
0.0
 
2019-05-11T17:44:50,526522344+02:00
57.014248
9.987299333
1.0656
nan
0.0
 
2019-05-11T17:44:50,723815428+02:00
57.0142245
9.987263667
1.3968
nan
0.0
 
2019-05-11T17:44:50,923250033+02:00
57.014205
9.987231333
1.674
nan
0.0
 
2019-05-11T17:44:51,327340934+02:00
57.014172
9.9871785
2.3328
nan
0.0
 
2019-05-11T17:44:51,518888187+02:00
57.014157667
9.987154167
2.628
nan
0.0
 
2019-05-11T17:44:51,726945093+02:00
57.014145833
9.98713
2.7864
nan
0.0
 
2019-05-11T17:44:51,919658359+02:00
57.014133333
9.987108167
3.0924
nan
0.0
 
2019-05-11T17:44:52,122680392+02:00
57.014124833
9.987095167
3.1284
nan
0.0
 
2019-05-11T17:44:52,318442473+02:00
57.014118
9.9870845
3.06
nan
0.0
 
2019-05-11T17:44:52,519588277+02:00
57.0141085
9.98707
3.1788
nan
0.0
 
2019-05-11T17:44:52,919850909+02:00
57.014089833
9.987032
3.5568
nan
0.0
 
2019-05-11T17:44:53,117209314+02:00
57.0140855
9.987027167
3.3732
nan
0.0
 
2019-05-11T17:44:53,321834491+02:00
57.014079
9.987021167
3.4452
nan
0.0
 
2019-05-11T17:44:53,720846383+02:00
57.014061333
9.986993167
3.9312
nan
121.95
 
2019-05-11T17:44:53,919234638+02:00
57.014056
9.98698
3.8808
nan
171.64
 
2019-05-11T17:44:54,122718836+02:00
57.014048667
9.9869695
3.9528
nan
196.15
 
2019-05-11T17:44:54,318736356+02:00
57.014041333
9.9869515
4.1616
nan
210.59
 
2019-05-11T17:44:54,523740151+02:00
57.014037667
9.986941167
4.1652
nan
218.38
 
2019-05-11T17:44:54,728690473+02:00
57.014034333
9.986931833
4.1184
nan
223.22
 
2019-05-11T17:44:54,930773058+02:00
57.014031333
9.986924
4.068
nan
226.65
 
2019-05-11T17:44:55,118324496+02:00
57.014029
9.986912667
4.0212
nan
230.16
 
2019-05-11T17:44:55,325609840+02:00
57.014027
9.986904833
3.9708
nan
233.23
 
2019-05-11T17:44:55,521377971+02:00
57.014026333
9.9869045
3.7044
nan
235.1
 
2019-05-11T17:44:55,727332118+02:00
57.014024
9.9869035
3.5892
nan
235.86
 
2019-05-11T17:44:55,920125428+02:00
57.014021333
9.9869015
3.4344
nan
0.0
 
2019-05-11T17:44:56,122906942+02:00
57.014017667
9.9868945
3.402
nan
0.0
 
2019-05-11T17:44:56,320183462+02:00
57.014013667
9.9868885
3.4668
nan
0.0
 
2019-05-11T17:44:56,521899909+02:00
57.014012167
9.986894333
3.2688
nan
0.0
 
2019-05-11T17:44:56,724392696+02:00
57.0140095
9.986888833
3.2832
nan
0.0
 
2019-05-11T17:44:56,937033888+02:00
57.014005333
9.986875333
3.492
nan
235.94
 
2019-05-11T17:44:57,127494913+02:00
57.014004833
9.986881333
3.2832
nan
0.0
 
2019-05-11T17:44:57,331659291+02:00
57.014002833
9.986883
3.1608
nan
0.0
 
2019-05-11T17:44:57,524771166+02:00
57.014
9.986878833
3.1788
nan
0.0
 
2019-05-11T17:44:57,724715772+02:00
57.0139985
9.986881333
3.0672
nan
0.0
 
2019-05-11T17:44:57,926750128+02:00
57.013996167
9.986878167
3.0456
nan
0.0
 
2019-05-11T17:44:58,332539878+02:00
57.013989833
9.986859333
3.4596
nan
231.26
 
2019-05-11T17:44:58,525575984+02:00
57.013987167
9.986853333
3.474
nan
230.9
 
2019-05-11T17:44:58,927369760+02:00
57.013978167
9.986836
3.9204
nan
229.98
 
2019-05-11T17:44:59,121297400+02:00
57.013975333
9.986827667
4.1292
nan
230.67
 
2019-05-11T17:44:59,344233376+02:00
57.013971833
9.986822
4.302
nan
230.61
 
2019-05-11T17:44:59,524813184+02:00
57.0139675
9.986808333
4.4496
nan
231.22
 
2019-05-11T17:44:59,730428855+02:00
57.013965167
9.986800667
4.5072
nan
231.85
 
2019-05-11T17:44:59,927497106+02:00
57.0139625
9.986795667
4.5864
nan
231.77
 
2019-05-11T17:45:00,124541880+02:00
57.013959167
9.9867905
4.6764
nan
231.1
 
2019-05-11T17:45:00,321078294+02:00
57.013954833
9.986781833
4.896
nan
230.45
 
2019-05-11T17:45:00,524549201+02:00
57.013954
9.986784333
4.842
nan
229.52
 
2019-05-11T17:45:00,720304325+02:00
57.013953667
9.986786833
4.716
nan
228.59
 
2019-05-11T17:45:00,924369377+02:00
57.0139535
9.986793
4.4892
nan
226.91
 
2019-05-11T17:45:01,123256744+02:00
57.013953
9.986794833
4.3812
nan
225.68
 
2019-05-11T17:45:01,332045810+02:00
57.013952833
9.986793833
4.2948
nan
225.5
 
2019-05-11T17:45:01,524686894+02:00
57.013952
9.986790833
4.1976
nan
225.95
 
2019-05-11T17:45:01,926109670+02:00
57.013954
9.986800167
3.8484
nan
226.34
 
2019-05-11T17:45:02,124295875+02:00
57.013955667
9.986813
3.744
nan
225.42
 
2019-05-11T17:45:02,333011936+02:00
57.013957167
9.986827667
3.5532
nan
223.26
 
2019-05-11T17:45:02,529559608+02:00
57.013959167
9.986844833
3.3084
nan
219.75
 
2019-05-11T17:45:02,730391353+02:00
57.0139595
9.986853167
3.222
nan
0.0
 
2019-05-11T17:45:02,941745224+02:00
57.013958833
9.986854667
3.2616
nan
217.17
 
2019-05-11T17:45:03,123928883+02:00
57.013957167
9.9868485
3.3804
nan
218.07
 
2019-05-11T17:45:03,323554193+02:00
57.013955667
9.986847167
3.3264
nan
219.15
 
2019-05-11T17:45:03,727088001+02:00
57.013952167
9.986841833
3.3696
nan
222.49
 
2019-05-11T17:45:03,925054385+02:00
57.013952333
9.986847667
3.2832
nan
222.87
 
2019-05-11T17:45:04,324988927+02:00
57.013953667
9.986863333
2.934
nan
0.0
 
2019-05-11T17:45:04,526558985+02:00
57.013952333
9.986868
3.0528
nan
0.0
 
2019-05-11T17:45:04,723156827+02:00
57.013950167
9.986870833
3.1356
nan
0.0
 
2019-05-11T17:45:04,926825285+02:00
57.013948833
9.986873167
3.1788
nan
218.72
 
2019-05-11T17:45:05,124444795+02:00
57.013948833
9.986879167
3.0888
nan
0.0
 
2019-05-11T17:45:05,325973722+02:00
57.013947833
9.986878667
3.0528
nan
0.0
 
2019-05-11T17:45:05,528364123+02:00
57.013945667
9.986878167
3.1932
nan
216.22
 
2019-05-11T17:45:05,731148400+02:00
57.013943167
9.986871667
3.3372
nan
216.79
 
2019-05-11T17:45:05,926808561+02:00
57.013942333
9.986868667
3.348
nan
218.42
 
2019-05-11T17:45:06,122294973+02:00
57.013941
9.986865
3.384
nan
220.53
 
2019-05-11T17:45:06,318506515+02:00
57.013939333
9.986858833
3.4596
nan
223.01
 
2019-05-11T17:45:06,522266286+02:00
57.013938333
9.986858
3.474
nan
224.4
 
2019-05-11T17:45:06,723508055+02:00
57.013933667
9.986856167
3.5028
nan
223.07
 
2019-05-11T17:45:06,926122922+02:00
57.013929833
9.986847667
3.6864
nan
223.19
 
2019-05-11T17:45:07,322350896+02:00
57.013944167
9.986864
2.9268
nan
0.0
 
2019-05-11T17:45:07,531601500+02:00
57.013941333
9.986858
3.0348
nan
232.72
 
2019-05-11T17:45:07,722726106+02:00
57.0139385
9.9868565
3.0312
nan
234.59
 
2019-05-11T17:45:07,918950364+02:00
57.013941
9.9868595
2.8908
nan
237.38
 
2019-05-11T17:45:08,129912054+02:00
57.013945333
9.986862667
2.718
nan
0.0
 
2019-05-11T17:45:08,322335839+02:00
57.013944833
9.986861
2.6748
nan
0.0
 
2019-05-11T17:45:08,526704727+02:00
57.013938167
9.986850167
2.9376
nan
240.78
 
2019-05-11T17:45:08,726240130+02:00
57.013933833
9.986844667
3.15
nan
240.98
 
2019-05-11T17:45:09,126935014+02:00
57.013931667
9.986835833
3.42
nan
244.5
 
2019-05-11T17:45:09,332826863+02:00
57.013930667
9.986840167
3.2436
nan
244.98
 
2019-05-11T17:45:09,727405172+02:00
57.013922667
9.986839167
3.3372
nan
239.7
 
2019-05-11T17:45:09,934814539+02:00
57.0139235
9.986851167
3.1032
nan
235.76
 
2019-05-11T17:45:10,140548217+02:00
57.013927667
9.98686
2.7612
nan
235.31
 
2019-05-11T17:45:10,321189788+02:00
57.013926
9.986858333
2.8008
nan
234.2
 
2019-05-11T17:45:10,528012341+02:00
57.013926667
9.986854
2.844
nan
235.98
 
2019-05-11T17:45:10,723921871+02:00
57.013930333
9.986857
2.664
nan
0.0
 
2019-05-11T17:45:10,924229124+02:00
57.013933167
9.986859333
2.5632
nan
0.0
 
2019-05-11T17:45:11,124102825+02:00
57.013934833
9.986860167
2.6136
nan
0.0
 
2019-05-11T17:45:11,327706188+02:00
57.013936
9.986860667
2.6424
nan
0.0
 
2019-05-11T17:45:11,523066338+02:00
57.0139365
9.986859833
2.646
nan
0.0
 
2019-05-11T17:45:11,723325597+02:00
57.013936
9.9868635
2.5092
nan
0.0
 
2019-05-11T17:45:11,927117192+02:00
57.013937167
9.9868695
2.3544
nan
0.0
 
2019-05-11T17:45:12,126401315+02:00
57.013939333
9.986876667
2.1204
nan
0.0
 
2019-05-11T17:45:12,328439077+02:00
57.013939
9.986879
2.0016
nan
0.0
 
2019-05-11T17:45:12,725442556+02:00
57.0139395
9.986891
1.9152
nan
0.0
 
2019-05-11T17:45:12,927200551+02:00
57.013937833
9.986892
2.034
nan
0.0
 
2019-05-11T17:45:13,122636090+02:00
57.013937667
9.986888667
2.106
nan
0.0
 
2019-05-11T17:45:13,327647797+02:00
57.013940333
9.9868945
1.8828
nan
0.0
 
2019-05-11T17:45:13,525160644+02:00
57.013941
9.986889833
1.98
nan
0.0
 
2019-05-11T17:45:13,732490998+02:00
57.013942667
9.9868895
2.0592
nan
0.0
 
2019-05-11T17:45:13,932414238+02:00
57.013945
9.986891667
1.9296
nan
0.0
 
2019-05-11T17:45:14,125580507+02:00
57.013946333
9.986899
1.782
nan
0.0
 
2019-05-11T17:45:14,323558374+02:00
57.01395
9.986907667
1.5228
nan
0.0
 
2019-05-11T17:45:14,526608398+02:00
57.013949667
9.986908667
1.5084
nan
0.0
 
2019-05-11T17:45:14,728375320+02:00
57.0139485
9.9869065
1.6272
nan
0.0
 
2019-05-11T17:45:15,122407621+02:00
57.013951167
9.9869105
1.5336
nan
0.0
 
2019-05-11T17:45:15,327179426+02:00
57.013951667
9.986912667
1.4904
nan
0.0
 
2019-05-11T17:45:15,529712594+02:00
57.013951833
9.986914
1.494
nan
0.0
 
2019-05-11T17:45:15,730078261+02:00
57.013953
9.986913667
1.494
nan
0.0
 
2019-05-11T17:45:15,920057335+02:00
57.013951167
9.986915667
1.5048
nan
0.0
 
2019-05-11T17:45:16,130172150+02:00
57.0139525
9.986919333
1.368
nan
0.0
 
2019-05-11T17:45:16,338622118+02:00
57.013956333
9.9869265
1.1232
nan
0.0
 
2019-05-11T17:45:16,526845370+02:00
57.013956333
9.986931833
0.9828
nan
0.0
 
2019-05-11T17:45:16,724655527+02:00
57.013955333
9.986932
1.0836
nan
0.0
 
2019-05-11T17:45:16,925957022+02:00
57.013955667
9.986932167
1.134
nan
0.0
 
