
2019-05-08T08:42:55,355327706+02:00
57.01379
9.987949333
0.1872
nan
0.0
 
2019-05-08T08:42:55,563130156+02:00
57.013789833
9.987949667
0.3276
nan
0.0
 
2019-05-08T08:42:55,759806967+02:00
57.013789667
9.98795
0.4824
nan
0.0
 
2019-05-08T08:42:55,956756100+02:00
57.013789667
9.987949833
0.3708
nan
0.0
 
2019-05-08T08:42:56,159991801+02:00
57.013789
9.987949833
0.7668
nan
0.0
 
2019-05-08T08:42:56,357978493+02:00
57.013788833
9.987949833
0.6732
nan
0.0
 
2019-05-08T08:42:56,561329459+02:00
57.013788667
9.987950333
0.8568
nan
0.0
 
2019-05-08T08:42:56,757194744+02:00
57.013788667
9.98795
0.5004
nan
0.0
 
2019-05-08T08:42:56,959796287+02:00
57.013788833
9.987949833
0.6588
nan
0.0
 
2019-05-08T08:42:57,156355369+02:00
57.013788667
9.98795
0.6876
nan
0.0
 
2019-05-08T08:42:57,359669910+02:00
57.013788667
9.987949833
0.4608
nan
0.0
 
2019-05-08T08:42:57,556789248+02:00
57.013788333
9.987950167
0.6012
nan
0.0
 
2019-05-08T08:42:57,758495799+02:00
57.013788333
9.98795
0.5256
nan
0.0
 
2019-05-08T08:42:57,967234255+02:00
57.013788667
9.987949667
0.4284
nan
0.0
 
2019-05-08T08:42:58,155710198+02:00
57.013789
9.987950167
0.5112
nan
0.0
 
2019-05-08T08:42:58,356800741+02:00
57.013789
9.987950333
0.3132
nan
0.0
 
2019-05-08T08:42:58,561244731+02:00
57.0137895
9.987950333
0.486
nan
0.0
 
2019-05-08T08:42:58,758836735+02:00
57.013789833
9.987951
0.2952
nan
0.0
 
2019-05-08T08:42:58,962761921+02:00
57.0137895
9.987951833
0.3132
nan
0.0
 
2019-05-08T08:42:59,157442079+02:00
57.01379
9.987952333
0.396
nan
0.0
 
2019-05-08T08:42:59,361882557+02:00
57.0137895
9.987953167
0.5544
nan
0.0
 
2019-05-08T08:42:59,554355281+02:00
57.013789167
9.987953833
0.4896
nan
0.0
 
2019-05-08T08:42:59,758478211+02:00
57.013789
9.987954333
0.4464
nan
0.0
 
2019-05-08T08:42:59,958181833+02:00
57.013789
9.987954833
0.6552
nan
0.0
 
2019-05-08T08:43:00,164712904+02:00
57.013788833
9.987955167
0.4788
nan
0.0
 
2019-05-08T08:43:00,572048634+02:00
57.013789
9.987955167
0.6552
nan
0.0
 
2019-05-08T08:43:00,962534538+02:00
57.013789667
9.987952667
1.0008
nan
0.0
 
2019-05-08T08:43:01,177344804+02:00
57.013789667
9.987952667
0.8568
nan
0.0
 
2019-05-08T08:43:01,566690283+02:00
57.013789833
9.987951833
0.036
nan
0.0
 
2019-05-08T08:43:02,165905068+02:00
57.0137895
9.987951
0.3744
nan
0.0
 
2019-05-08T08:43:02,376921547+02:00
57.0137895
9.987950667
0.2268
nan
0.0
 
2019-05-08T08:43:02,765925628+02:00
57.013789167
9.9879515
0.3168
nan
0.0
 
2019-05-08T08:43:03,174687006+02:00
57.013788
9.987952667
0.2988
nan
0.0
 
2019-05-08T08:43:03,388629536+02:00
57.0137875
9.987953
0.2916
nan
0.0
 
2019-05-08T08:43:03,741234031+02:00
57.013786333
9.987954667
0.3888
nan
0.0
 
2019-05-08T08:43:03,952725663+02:00
57.013785667
9.987955333
0.5292
nan
0.0
 
2019-05-08T08:43:04,155110914+02:00
57.0137855
9.987955667
0.2592
nan
0.0
 
2019-05-08T08:43:04,519635353+02:00
57.013784333
9.9879565
0.3924
nan
0.0
 
2019-05-08T08:43:04,715182495+02:00
57.013784167
9.9879565
0.4068
nan
0.0
 
2019-05-08T08:43:04,919339856+02:00
57.013784
9.987956167
0.6732
nan
0.0
 
2019-05-08T08:43:05,502349606+02:00
57.013783667
9.987955167
0.4248
nan
0.0
 
2019-05-08T08:43:05,885865136+02:00
57.013783333
9.987955
0.432
nan
0.0
 
2019-05-08T08:43:06,121439258+02:00
57.013783333
9.987954667
0.414
nan
0.0
 
2019-05-08T08:43:06,469261938+02:00
57.013783833
9.987953667
0.234
nan
0.0
 
2019-05-08T08:43:06,665649117+02:00
57.013783833
9.987953833
0.6156
nan
0.0
 
2019-05-08T08:43:07,057073946+02:00
57.013783833
9.987954333
0.162
nan
0.0
 
2019-05-08T08:43:07,445005189+02:00
57.013783667
9.9879545
0.1728
nan
0.0
 
2019-05-08T08:43:07,677997128+02:00
57.013783667
9.987954833
0.0828
nan
0.0
 
2019-05-08T08:43:08,036629659+02:00
57.013784
9.9879545
0.2196
nan
0.0
 
2019-05-08T08:43:08,273260199+02:00
57.013784167
9.987954333
0.18
nan
0.0
 
2019-05-08T08:43:08,632579780+02:00
57.013784667
9.987953833
0.0792
nan
0.0
 
2019-05-08T08:43:09,013349416+02:00
57.013785
9.987953333
0.1332
nan
0.0
 
2019-05-08T08:43:09,220543370+02:00
57.013785167
9.987953167
0.2232
nan
0.0
 
2019-05-08T08:43:09,434989665+02:00
57.0137855
9.9879525
0.162
nan
0.0
 
2019-05-08T08:43:09,806521355+02:00
57.013786
9.987951833
0.2052
nan
0.0
 
2019-05-08T08:43:10,027206241+02:00
57.013786333
9.9879515
0.2556
nan
0.0
 
2019-05-08T08:43:10,402803046+02:00
57.013786667
9.987950667
0.234
nan
0.0
 
2019-05-08T08:43:10,604311952+02:00
57.013787
9.987950333
0.2484
nan
0.0
 
2019-05-08T08:43:10,818192120+02:00
57.013787333
9.987949833
0.1368
nan
0.0
 
2019-05-08T08:43:11,190658530+02:00
57.013787667
9.987948833
0.252
nan
0.0
 
2019-05-08T08:43:11,397155875+02:00
57.013787667
9.987948667
0.1908
nan
0.0
 
2019-05-08T08:43:11,778520169+02:00
57.013788
9.987948667
0.0756
nan
0.0
 
2019-05-08T08:43:11,983767597+02:00
57.013788167
9.987948667
0.072
nan
0.0
 
2019-05-08T08:43:12,389157443+02:00
57.013788333
9.987948833
0.1476
nan
0.0
 
2019-05-08T08:43:12,579093724+02:00
57.0137885
9.987948667
0.1944
nan
0.0
 
2019-05-08T08:43:12,971124959+02:00
57.013789167
9.987948167
0.0432
nan
0.0
 
2019-05-08T08:43:13,179689009+02:00
57.0137895
9.987948
0.18
nan
0.0
 
2019-05-08T08:43:13,575908075+02:00
57.01379
9.987947333
0.1656
nan
0.0
 
2019-05-08T08:43:13,965695093+02:00
57.013790667
9.987946833
0.2268
nan
0.0
 
2019-05-08T08:43:14,188427738+02:00
57.013790833
9.9879465
0.3276
nan
0.0
 
2019-05-08T08:43:14,557384479+02:00
57.0137915
9.987946167
0.36
nan
0.0
 
2019-05-08T08:43:14,769585163+02:00
57.013792
9.987945667
0.1584
nan
0.0
 
2019-05-08T08:43:15,159713739+02:00
57.013792667
9.9879455
0.3456
nan
0.0
 
2019-05-08T08:43:15,354218745+02:00
57.013793167
9.987945167
0.2376
nan
0.0
 
2019-05-08T08:43:15,560414822+02:00
57.0137935
9.987944833
0.1872
nan
0.0
 
2019-05-08T08:43:15,783429439+02:00
57.013793833
9.987944667
0.3276
nan
0.0
 
2019-05-08T08:43:16,144900214+02:00
57.013794667
9.987944
0.1116
nan
0.0
 
2019-05-08T08:43:16,398581600+02:00
57.013795
9.987943667
0.1008
nan
0.0
 
2019-05-08T08:43:16,749299448+02:00
57.013795667
9.987943
0.3024
nan
0.0
 
2019-05-08T08:43:17,343045316+02:00
57.0137965
9.987942
0.0936
nan
0.0
 
2019-05-08T08:43:17,538777146+02:00
57.013796833
9.9879415
0.216
nan
0.0
 
2019-05-08T08:43:17,938341995+02:00
57.0137975
9.987940333
0.2736
nan
0.0
 
2019-05-08T08:43:18,140432364+02:00
57.013797667
9.987939833
0.432
nan
0.0
 
2019-05-08T08:43:18,543497903+02:00
57.013798667
9.9879385
0.1692
nan
0.0
 
2019-05-08T08:43:18,767921175+02:00
57.013799
9.987938167
0.036
nan
0.0
 
2019-05-08T08:43:19,130604535+02:00
57.013799167
9.987938167
0.108
nan
0.0
 
2019-05-08T08:43:19,537821383+02:00
57.0137995
9.987938
0.1116
nan
0.0
 
2019-05-08T08:43:19,929364814+02:00
57.0138
9.987937167
0.2268
nan
0.0
 
2019-05-08T08:43:20,142699553+02:00
57.013800667
9.987936667
0.0108
nan
0.0
 
2019-05-08T08:43:20,336766574+02:00
57.013800667
9.987936333
0.1008
nan
0.0
 
2019-05-08T08:43:20,741633107+02:00
57.013801333
9.987935333
0.1044
nan
0.0
 
2019-05-08T08:43:20,955135348+02:00
57.013801667
9.987934833
0.0144
nan
0.0
 
2019-05-08T08:43:21,325494251+02:00
57.013802333
9.987933667
0.09
nan
0.0
 
2019-05-08T08:43:21,723502883+02:00
57.013803
9.987932167
0.072
nan
0.0
 
2019-05-08T08:43:21,953285961+02:00
57.013803333
9.987931333
0.1692
nan
0.0
 
2019-05-08T08:43:22,327835871+02:00
57.013803833
9.987929833
0.2268
nan
0.0
 
2019-05-08T08:43:22,718518460+02:00
57.013804333
9.987928167
0.1548
nan
0.0
 
2019-05-08T08:43:23,129964841+02:00
57.0138045
9.987927333
0.1368
nan
0.0
 
2019-05-08T08:43:23,518825442+02:00
57.013804167
9.987927167
0.1836
nan
0.0
 
2019-05-08T08:43:23,746493773+02:00
57.013804333
9.987927167
0.1872
nan
0.0
 
2019-05-08T08:43:24,115866977+02:00
57.013804333
9.987927167
0.2556
nan
0.0
 
2019-05-08T08:43:24,358632942+02:00
57.013804333
9.987926833
0.2124
nan
0.0
 
2019-05-08T08:43:24,719085600+02:00
57.013804833
9.987926
0.0324
nan
0.0
 
2019-05-08T08:43:24,929278341+02:00
57.013805
9.987925333
0.1476
nan
0.0
 
2019-05-08T08:43:25,127297184+02:00
57.013805167
9.987925
0.036
nan
0.0
 
2019-05-08T08:43:25,515454147+02:00
57.013805333
9.987923833
0.0936
nan
0.0
 
2019-05-08T08:43:25,732095540+02:00
57.0138055
9.987923333
0.1368
nan
0.0
 
2019-05-08T08:43:26,117716079+02:00
57.013805833
9.987922167
0.0936
nan
0.0
 
2019-05-08T08:43:26,526726200+02:00
57.013806167
9.987920667
0.0756
nan
0.0
 
2019-05-08T08:43:26,909457805+02:00
57.0138065
9.987919333
0.2268
nan
0.0
 
2019-05-08T08:43:27,134087642+02:00
57.013806833
9.9879185
0.27
nan
0.0
 
2019-05-08T08:43:27,342685746+02:00
57.013806833
9.987918333
0.2232
nan
0.0
 
2019-05-08T08:43:27,512008695+02:00
57.013806667
9.987918167
0.342
nan
0.0
 
2019-05-08T08:43:27,734884432+02:00
57.013806667
9.987918
0.2124
nan
0.0
 
2019-05-08T08:43:28,121454740+02:00
57.0138065
9.987917667
0.2196
nan
0.0
 
2019-05-08T08:43:28,510636171+02:00
57.013806333
9.987917
0.3888
nan
0.0
 
2019-05-08T08:43:28,723118948+02:00
57.013806333
9.9879165
0.198
nan
0.0
 
2019-05-08T08:43:29,115259017+02:00
57.0138065
9.987915167
0.1692
nan
0.0
 
2019-05-08T08:43:29,511532430+02:00
57.013806333
9.987914167
0.0576
nan
0.0
 
2019-05-08T08:43:29,917342648+02:00
57.013806
9.987913333
0.18
nan
0.0
 
2019-05-08T08:43:30,320937739+02:00
57.013806167
9.987912
0.072
nan
0.0
 
2019-05-08T08:43:30,714890768+02:00
57.013806
9.987910833
0.1836
nan
0.0
 
2019-05-08T08:43:31,109890301+02:00
57.013806333
9.987909167
0.2628
nan
0.0
 
2019-05-08T08:43:31,519701477+02:00
57.0138065
9.987907333
0.2412
nan
0.0
 
2019-05-08T08:43:31,931730458+02:00
57.013806
9.987907
0.3492
nan
0.0
 
2019-05-08T08:43:32,312059354+02:00
57.0138055
9.987906833
0.3276
nan
0.0
 
2019-05-08T08:43:32,709190423+02:00
57.013805167
9.987906667
0.198
nan
0.0
 
2019-05-08T08:43:33,118747246+02:00
57.013804833
9.987906
0.2412
nan
0.0
 
2019-05-08T08:43:33,514240703+02:00
57.013804667
9.987905167
0.2952
nan
0.0
 
2019-05-08T08:43:33,926874522+02:00
57.013804667
9.987904
0.1404
nan
0.0
 
2019-05-08T08:43:34,341483945+02:00
57.013804333
9.987903333
0.2664
nan
0.0
 
2019-05-08T08:43:34,715850066+02:00
57.013804333
9.987902167
0.0684
nan
0.0
 
2019-05-08T08:43:35,113473146+02:00
57.013804333
9.987900667
0.1152
nan
0.0
 
2019-05-08T08:43:35,514042543+02:00
57.0138045
9.987899
0.2592
nan
0.0
 
2019-05-08T08:43:35,917531599+02:00
57.013804667
9.987896833
0.3132
nan
0.0
 
2019-05-08T08:43:36,116820052+02:00
57.0138045
9.987896833
0.4176
nan
0.0
 
2019-05-08T08:43:36,506964638+02:00
57.013804333
9.987896833
0.2772
nan
0.0
 
2019-05-08T08:43:36,712310519+02:00
57.013804333
9.987896833
0.2772
nan
0.0
 
2019-05-08T08:43:36,918522488+02:00
57.013804167
9.987896833
0.1944
nan
0.0
 
2019-05-08T08:43:37,315400552+02:00
57.013804167
9.987896667
0.126
nan
0.0
 
2019-05-08T08:43:37,720215133+02:00
57.0138045
9.9878965
0.2556
nan
0.0
 
2019-05-08T08:43:38,107851036+02:00
57.013804667
9.987896
0.0756
nan
0.0
 
2019-05-08T08:43:38,315140618+02:00
57.013804833
9.987895667
0.2124
nan
0.0
 
2019-05-08T08:43:38,520296706+02:00
57.013804833
9.987895833
0.0504
nan
0.0
 
2019-05-08T08:43:38,919225344+02:00
57.013805167
9.987895
0.0936
nan
0.0
 
2019-05-08T08:43:39,115764129+02:00
57.013805333
9.987894667
0.144
nan
0.0
 
2019-05-08T08:43:39,325966293+02:00
57.013805333
9.987894667
0.1728
nan
0.0
 
2019-05-08T08:43:39,711185732+02:00
57.013805667
9.9878935
0.0756
nan
0.0
 
2019-05-08T08:43:39,918044736+02:00
57.013805833
9.987893
0.126
nan
0.0
 
2019-05-08T08:43:40,314054926+02:00
57.013806167
9.987891833
0.3024
nan
0.0
 
2019-05-08T08:43:40,540931610+02:00
57.013806167
9.987892167
0.2088
nan
0.0
 
2019-05-08T08:43:40,919194385+02:00
57.013805833
9.9878925
0.1332
nan
0.0
 
2019-05-08T08:43:41,312135829+02:00
57.0138055
9.987893
0.162
nan
0.0
 
2019-05-08T08:43:41,710002326+02:00
57.013805333
9.987893
0.1188
nan
0.0
 
2019-05-08T08:43:41,927925902+02:00
57.013805167
9.987893
0.1692
nan
0.0
 
2019-05-08T08:43:42,313889589+02:00
57.013805
9.987892833
0.09
nan
0.0
 
2019-05-08T08:43:42,508214577+02:00
57.013805
9.987892833
0.0684
nan
0.0
 
2019-05-08T08:43:42,718448311+02:00
57.013805
9.987892667
0.054
nan
0.0
 
2019-05-08T08:43:43,111655685+02:00
57.013804833
9.987892667
0.0576
nan
0.0
 
2019-05-08T08:43:43,334796720+02:00
57.013804833
9.9878925
0.0684
nan
0.0
 
2019-05-08T08:43:43,533382725+02:00
57.013804833
9.987892333
0.126
nan
0.0
 
2019-05-08T08:43:43,912066208+02:00
57.013804667
9.987891667
0.1404
nan
0.0
 
2019-05-08T08:43:44,109064746+02:00
57.0138045
9.9878915
0.0864
nan
0.0
 
2019-05-08T08:43:44,507660380+02:00
57.0138045
9.9878905
0.0432
nan
0.0
 
2019-05-08T08:43:44,717250254+02:00
57.013804333
9.987890167
0.162
nan
0.0
 
2019-05-08T08:43:44,925418131+02:00
57.013804167
9.987889333
0.1368
nan
0.0
 
2019-05-08T08:43:45,314757241+02:00
57.013803667
9.987889333
0.1332
nan
0.0
 
2019-05-08T08:43:45,513039469+02:00
57.0138035
9.9878895
0.1404
nan
0.0
 
2019-05-08T08:43:45,721470258+02:00
57.013803167
9.987889833
0.2772
nan
0.0
 
2019-05-08T08:43:46,108834246+02:00
57.013802667
9.98789
0.2052
nan
0.0
 
2019-05-08T08:43:46,306745333+02:00
57.0138025
9.987890167
0.1476
nan
0.0
 
2019-05-08T08:43:46,710748912+02:00
57.013802167
9.98789
0.0864
nan
0.0
 
2019-05-08T08:43:46,921933496+02:00
57.013802167
9.98789
0.1656
nan
0.0
 
2019-05-08T08:43:47,313601716+02:00
57.013801833
9.987889667
0.072
nan
0.0
 
2019-05-08T08:43:47,719468787+02:00
57.0138015
9.987889167
0.054
nan
0.0
 
2019-05-08T08:43:47,917186134+02:00
57.013801667
9.987889
0.1152
nan
0.0
 
2019-05-08T08:43:48,320547700+02:00
57.013801333
9.9878885
0.2304
nan
0.0
 
2019-05-08T08:43:48,717906029+02:00
57.013801167
9.9878875
0.126
nan
0.0
 
2019-05-08T08:43:48,910983186+02:00
57.013801167
9.987887
0.0072
nan
0.0
 
2019-05-08T08:43:49,119046678+02:00
57.013801333
9.9878865
0.0468
nan
0.0
 
2019-05-08T08:43:49,512125957+02:00
57.013801333
9.987885667
0.3312
nan
0.0
 
2019-05-08T08:43:49,717179283+02:00
57.013801333
9.987885167
0.882
nan
0.0
 
2019-05-08T08:43:50,112532460+02:00
57.013801333
9.987885
0.4788
nan
0.0
 
2019-05-08T08:43:50,308824031+02:00
57.013801
9.9878855
0.342
nan
0.0
 
2019-05-08T08:43:50,511198232+02:00
57.013801
9.987886
0.0648
nan
0.0
 
2019-05-08T08:43:50,731757845+02:00
57.013800667
9.987886333
0.1332
nan
0.0
 
2019-05-08T08:43:51,119797143+02:00
57.013800667
9.987886833
0.1692
nan
0.0
 
2019-05-08T08:43:51,515262851+02:00
57.013800333
9.987886833
0.1008
nan
0.0
 
2019-05-08T08:43:51,716708172+02:00
57.013800167
9.987886667
0.0288
nan
0.0
 
2019-05-08T08:43:51,916364917+02:00
57.0138
9.987886667
0.0324
nan
0.0
 
2019-05-08T08:43:52,312658082+02:00
57.013799667
9.987886333
0.126
nan
0.0
 
2019-05-08T08:43:52,515215796+02:00
57.0137995
9.987886333
0.0504
nan
0.0
 
2019-05-08T08:43:52,921903354+02:00
57.013799167
9.987886
0.2016
nan
0.0
 
2019-05-08T08:43:53,117122673+02:00
57.013799
9.987885667
0.2268
nan
0.0
 
2019-05-08T08:43:53,515410941+02:00
57.013798833
9.987885
0.0792
nan
0.0
 
2019-05-08T08:43:53,720527092+02:00
57.013798833
9.987884667
0.1044
nan
0.0
 
2019-05-08T08:43:53,932829478+02:00
57.013798667
9.987884333
0.2232
nan
0.0
 
2019-05-08T08:43:54,321379543+02:00
57.013798667
9.987883333
0.054
nan
0.0
 
2019-05-08T08:43:54,713853527+02:00
57.0137985
9.987881833
0.0864
nan
0.0
 
2019-05-08T08:43:55,123619710+02:00
57.013798167
9.987882
0.036
nan
0.0
 
2019-05-08T08:43:56,317390765+02:00
57.013796667
9.987882167
0.414
nan
0.0
 
2019-05-08T08:43:56,517791437+02:00
57.013796167
9.987882167
0.4788
nan
0.0
 
2019-05-08T08:43:56,721119533+02:00
57.013796167
9.987881667
0.4716
nan
0.0
 
2019-05-08T08:43:57,116210308+02:00
57.013795833
9.987881333
0.072
nan
0.0
 
2019-05-08T08:43:57,318269081+02:00
57.013795667
9.987881333
0.126
nan
0.0
 
2019-05-08T08:43:57,715463504+02:00
57.013795167
9.987880833
0.1044
nan
0.0
 
2019-05-08T08:43:57,917505250+02:00
57.013795
9.987880667
0.0252
nan
0.0
 
2019-05-08T08:43:58,116683661+02:00
57.013794833
9.987880333
0.0828
nan
0.0
 
2019-05-08T08:43:58,522885436+02:00
57.0137945
9.987879667
0.0684
nan
0.0
 
2019-05-08T08:43:58,733429095+02:00
57.013794333
9.987879333
0.0468
nan
0.0
 
2019-05-08T08:43:58,945046423+02:00
57.013794167
9.987879
0.0684
nan
0.0
 
2019-05-08T08:43:59,316490311+02:00
57.013793667
9.987878
0.0756
nan
0.0
 
2019-05-08T08:43:59,526241360+02:00
57.0137935
9.987877667
0.54
nan
0.0
 
2019-05-08T08:43:59,916148938+02:00
57.013793167
9.987876667
0.1476
nan
0.0
 
2019-05-08T08:44:00,133513939+02:00
57.013793167
9.987876667
0.2628
nan
0.0
 
2019-05-08T08:44:00,520338368+02:00
57.013792833
9.987877
0.0504
nan
0.0
 
2019-05-08T08:44:00,731594222+02:00
57.013792667
9.987877167
0.0072
nan
0.0
 
2019-05-08T08:44:01,117709518+02:00
57.013792333
9.987877167
0.1476
nan
0.0
 
2019-05-08T08:44:01,517546592+02:00
57.013792167
9.987877
0.0828
nan
0.0
 
2019-05-08T08:44:01,924333004+02:00
57.013791833
9.987877
0.108
nan
0.0
 
2019-05-08T08:44:02,118019871+02:00
57.013791667
9.987877
0.072
nan
0.0
 
2019-05-08T08:44:02,347487387+02:00
57.0137915
9.987876833
0.0504
nan
0.0
 
2019-05-08T08:44:02,711949807+02:00
57.013791167
9.9878765
0.108
nan
0.0
 
2019-05-08T08:44:02,920321866+02:00
57.013791
9.987876333
0.0684
nan
0.0
 
2019-05-08T08:44:03,329588483+02:00
57.0137905
9.987876
0.1656
nan
0.0
 
2019-05-08T08:44:03,538031806+02:00
57.013790333
9.987875667
0.144
nan
0.0
 
2019-05-08T08:44:03,914724825+02:00
57.013790167
9.987875167
0.1404
nan
0.0
 
2019-05-08T08:44:04,115423919+02:00
57.01379
9.987874833
0.2196
nan
0.0
 
2019-05-08T08:44:04,314849921+02:00
57.013790167
9.9878745
0.1548
nan
0.0
 
2019-05-08T08:44:04,725424507+02:00
57.01379
9.987873833
0.054
nan
0.0
 
2019-05-08T08:44:05,122006210+02:00
57.013789833
9.987872667
0.0936
nan
0.0
 
2019-05-08T08:44:05,511761812+02:00
57.0137895
9.987872167
0.1224
nan
0.0
 
2019-05-08T08:44:05,723527938+02:00
57.013789167
9.987872333
0.09
nan
0.0
 
2019-05-08T08:44:05,923881609+02:00
57.013789
9.987872667
0.072
nan
0.0
 
2019-05-08T08:44:06,121445416+02:00
57.013788667
9.987872833
0.1656
nan
0.0
 
2019-05-08T08:44:06,543126075+02:00
57.013788167
9.987873333
0.1728
nan
0.0
 
2019-05-08T08:44:06,738824936+02:00
57.013787833
9.9878735
0.09
nan
0.0
 
2019-05-08T08:44:07,126708648+02:00
57.013787167
9.9878735
0.0756
nan
0.0
 
2019-05-08T08:44:07,521017505+02:00
57.0137865
9.987873333
0.2124
nan
0.0
 
2019-05-08T08:44:07,920938125+02:00
57.013786
9.987873667
0.1584
nan
0.0
 
2019-05-08T08:44:08,316085039+02:00
57.013785333
9.987873667
0.1692
nan
0.0
 
2019-05-08T08:44:08,716784514+02:00
57.013784833
9.987873667
0.1152
nan
0.0
 
2019-05-08T08:44:08,927289355+02:00
57.013784667
9.9878735
0.0972
nan
0.0
 
2019-05-08T08:44:09,314712435+02:00
57.013784
9.987873167
0.1368
nan
0.0
 
2019-05-08T08:44:09,519435555+02:00
57.013783667
9.987872833
0.1368
nan
0.0
 
2019-05-08T08:44:09,919332274+02:00
57.013782833
9.987872333
0.2088
nan
0.0
 
2019-05-08T08:44:10,148573126+02:00
57.0137825
9.987871833
0.1008
nan
0.0
 
2019-05-08T08:44:10,518218647+02:00
57.013781833
9.987871
0.1656
nan
0.0
 
2019-05-08T08:44:10,715749164+02:00
57.013781333
9.987870333
0.1476
nan
0.0
 
2019-05-08T08:44:10,933228803+02:00
57.013781167
9.987869833
0.036
nan
0.0
 
2019-05-08T08:44:11,320438013+02:00
57.0137805
9.987869167
0.1944
nan
0.0
 
2019-05-08T08:44:11,715750549+02:00
57.013779833
9.9878695
0.2052
nan
0.0
 
2019-05-08T08:44:12,112856886+02:00
57.013779
9.987869667
0.18
nan
0.0
 
2019-05-08T08:44:12,511135588+02:00
57.013778167
9.987869833
0.1188
nan
0.0
 
2019-05-08T08:44:12,718984652+02:00
57.013777667
9.987869833
0.2412
nan
0.0
 
2019-05-08T08:44:13,128077945+02:00
57.013777
9.987870167
0.1404
nan
0.0
 
2019-05-08T08:44:13,515049715+02:00
57.013776167
9.987870333
0.2016
nan
0.0
 
2019-05-08T08:44:13,916828668+02:00
57.0137755
9.987870333
0.2196
nan
0.0
 
2019-05-08T08:44:14,123420898+02:00
57.013775167
9.987870333
0.0864
nan
0.0
 
2019-05-08T08:44:14,329119688+02:00
57.013774833
9.987870333
0.108
nan
0.0
 
2019-05-08T08:44:14,727143991+02:00
57.013774333
9.987870333
0.1008
nan
0.0
 
2019-05-08T08:44:14,922275324+02:00
57.013774
9.987870333
0.1728
nan
0.0
 
2019-05-08T08:44:15,315786495+02:00
57.013773667
9.987870167
0.1656
nan
0.0
 
2019-05-08T08:44:15,519274891+02:00
57.0137735
9.987870167
0.072
nan
0.0
 
2019-05-08T08:44:15,918651108+02:00
57.013773
9.98787
0.1116
nan
0.0
 
2019-05-08T08:44:16,124721758+02:00
57.013773
9.987869667
0.1512
nan
0.0
 
2019-05-08T08:44:16,354659367+02:00
57.013772833
9.987869333
0.1476
nan
0.0
 
2019-05-08T08:44:16,720241778+02:00
57.013772667
9.987868333
0.1872
nan
0.0
 
2019-05-08T08:44:17,117676686+02:00
57.0137725
9.987867333
0.1476
nan
0.0
 
2019-05-08T08:44:17,337149165+02:00
57.013772333
9.987866833
0.162
nan
0.0
 
2019-05-08T08:44:17,728465157+02:00
57.013772167
9.987865667
0.0576
nan
0.0
 
2019-05-08T08:44:18,115835037+02:00
57.013772167
9.987864333
0.126
nan
0.0
 
2019-05-08T08:44:18,322206020+02:00
57.013772
9.987863833
0.1476
nan
0.0
 
2019-05-08T08:44:18,719201951+02:00
57.013771833
9.987862667
0.1008
nan
0.0
 
2019-05-08T08:44:18,919083360+02:00
57.013772
9.987862167
0.0324
nan
0.0
 
2019-05-08T08:44:19,140696630+02:00
57.013772
9.987861833
0.0432
nan
0.0
 
2019-05-08T08:44:19,516285703+02:00
57.013771833
9.987861
0.126
nan
0.0
 
2019-05-08T08:44:19,714179996+02:00
57.013771833
9.987860667
0.0288
nan
0.0
 
2019-05-08T08:44:20,124698892+02:00
57.013771667
9.987859833
0.0756
nan
0.0
 
2019-05-08T08:44:20,513101554+02:00
57.013771667
9.987859333
0.0432
nan
0.0
 
2019-05-08T08:44:20,714615031+02:00
57.0137715
9.987858833
0.1584
nan
0.0
 
2019-05-08T08:44:21,133559410+02:00
57.013771667
9.987858167
0.0468
nan
0.0
 
2019-05-08T08:44:21,350179418+02:00
57.0137715
9.987857667
0.1836
nan
0.0
 
2019-05-08T08:44:21,720096619+02:00
57.013771667
9.987856833
0.234
nan
0.0
 
2019-05-08T08:44:22,116193756+02:00
57.013771667
9.987855833
0.1008
nan
0.0
 
2019-05-08T08:44:22,318085005+02:00
57.013771833
9.987855667
0.1008
nan
0.0
 
2019-05-08T08:44:22,723551649+02:00
57.013771833
9.987854833
0.108
nan
0.0
 
2019-05-08T08:44:22,915036369+02:00
57.013771833
9.9878545
0.1188
nan
0.0
 
2019-05-08T08:44:23,116078148+02:00
57.013771833
9.987854167
0.09
nan
0.0
 
2019-05-08T08:44:23,522619126+02:00
57.013772
9.9878535
0.1188
nan
0.0
 
2019-05-08T08:44:23,726978156+02:00
57.013772167
9.987852833
0.1152
nan
0.0
 
2019-05-08T08:44:23,943909830+02:00
57.013772167
9.987852833
0.0684
nan
0.0
 
2019-05-08T08:44:24,324096503+02:00
57.013772333
9.987852333
0.1404
nan
0.0
 
2019-05-08T08:44:24,729202996+02:00
57.013772667
9.987851833
0.0468
nan
0.0
 
2019-05-08T08:44:24,944369304+02:00
57.013772833
9.987851667
0.1188
nan
0.0
 
2019-05-08T08:44:25,315001923+02:00
57.013773167
9.987851333
0.0432
nan
0.0
 
2019-05-08T08:44:25,725963878+02:00
57.013773333
9.987850667
0.108
nan
0.0
 
2019-05-08T08:44:25,930573014+02:00
57.013773167
9.987850333
0.1728
nan
0.0
 
2019-05-08T08:44:26,313781976+02:00
57.013773333
9.987849833
0.0936
nan
0.0
 
2019-05-08T08:44:26,520365354+02:00
57.0137735
9.9878495
0.1692
nan
0.0
 
2019-05-08T08:44:26,922144180+02:00
57.0137735
9.987849
0.1404
nan
0.0
 
2019-05-08T08:44:27,126261093+02:00
57.0137735
9.9878485
0.0792
nan
0.0
 
2019-05-08T08:44:27,331806473+02:00
57.013773333
9.987848167
0.2196
nan
0.0
 
2019-05-08T08:44:27,714608019+02:00
57.0137735
9.9878475
0.2556
nan
0.0
 
2019-05-08T08:44:28,114459369+02:00
57.0137735
9.987846833
0.036
nan
0.0
 
2019-05-08T08:44:28,349998145+02:00
57.0137735
9.987846667
0.0288
nan
0.0
 
2019-05-08T08:44:28,715543868+02:00
57.0137735
9.987846333
0.1188
nan
0.0
 
2019-05-08T08:44:29,117165744+02:00
57.013773667
9.987845833
0.0252
nan
0.0
 
2019-05-08T08:44:29,326027242+02:00
57.013773833
9.987845667
0.054
nan
0.0
 
2019-05-08T08:44:29,720167006+02:00
57.013774167
9.987845167
0.1368
nan
0.0
 
2019-05-08T08:44:29,917944358+02:00
57.013774333
9.987845
0.0972
nan
0.0
 
2019-05-08T08:44:30,325554686+02:00
57.0137745
9.9878445
0.1548
nan
0.0
 
2019-05-08T08:44:30,724685390+02:00
57.013774667
9.987844167
0.162
nan
0.0
 
2019-05-08T08:44:31,130332827+02:00
57.013775
9.987843667
0.0972
nan
0.0
 
2019-05-08T08:44:31,350943137+02:00
57.013775333
9.9878435
0.0216
nan
0.0
 
2019-05-08T08:44:31,709725407+02:00
57.0137755
9.987843333
0.1476
nan
0.0
 
2019-05-08T08:44:31,927439082+02:00
57.0137755
9.987843333
0.0936
nan
0.0
 
2019-05-08T08:44:32,121088954+02:00
57.0137755
9.987843
0.108
nan
0.0
 
2019-05-08T08:44:32,352473026+02:00
57.013775667
9.987843
0.0684
nan
0.0
 
2019-05-08T08:44:32,721092103+02:00
57.013776
9.9878425
0.0792
nan
0.0
 
2019-05-08T08:44:32,947412628+02:00
57.013776
9.987842333
0.1404
nan
0.0
 
2019-05-08T08:44:33,318636649+02:00
57.013776167
9.9878415
0.1584
nan
0.0
 
2019-05-08T08:44:33,528653224+02:00
57.013776333
9.987840833
0.0432
nan
0.0
 
2019-05-08T08:44:33,731801556+02:00
57.013776167
9.987841
0.0396
nan
0.0
 
2019-05-08T08:44:34,113728336+02:00
57.0137765
9.987840833
0.0504
nan
0.0
 
2019-05-08T08:44:34,341107052+02:00
57.0137765
9.987840833
0.3744
nan
0.0
 
2019-05-08T08:44:34,722438807+02:00
57.013777
9.987840167
0.2016
nan
0.0
 
2019-05-08T08:44:35,130101530+02:00
57.013777
9.987839167
0.1368
nan
0.0
 
2019-05-08T08:44:35,518536230+02:00
57.013777167
9.987840167
0.1188
nan
0.0
 
2019-05-08T08:44:35,923718464+02:00
57.0137775
9.987841
0.0468
nan
0.0
 
2019-05-08T08:44:36,160089072+02:00
57.0137775
9.9878415
0.0972
nan
0.0
 
2019-05-08T08:44:36,522229736+02:00
57.013777667
9.987842167
0.1584
nan
0.0
 
2019-05-08T08:44:36,919107932+02:00
57.013777667
9.987842667
0.0144
nan
0.0
 
2019-05-08T08:44:37,129152321+02:00
57.0137775
9.987843
0.27
nan
0.0
 
2019-05-08T08:44:37,524569903+02:00
57.013777833
9.987844
0.1512
nan
0.0
 
2019-05-08T08:44:37,918508555+02:00
57.013778333
9.987844333
0.0864
nan
0.0
 
2019-05-08T08:44:38,136209751+02:00
57.013778667
9.987844833
0.1152
nan
0.0
 
2019-05-08T08:44:38,359049761+02:00
57.013779167
9.987845
0.108
nan
0.0
 
2019-05-08T08:44:38,731691406+02:00
57.013780167
9.987845667
0.0576
nan
0.0
 
2019-05-08T08:44:39,127979396+02:00
57.0137805
9.9878465
0.0864
nan
0.0
 
2019-05-08T08:44:39,520106645+02:00
57.013780833
9.987847333
0.1404
nan
0.0
 
2019-05-08T08:44:39,734360441+02:00
57.013781333
9.9878475
0.0648
nan
0.0
 
2019-05-08T08:44:40,120676747+02:00
57.013781833
9.987848167
0.0828
nan
0.0
 
2019-05-08T08:44:40,338686344+02:00
57.013782167
9.987848667
0.1224
nan
0.0
 
2019-05-08T08:44:40,721272893+02:00
57.013782667
9.987849333
0.072
nan
0.0
 
2019-05-08T08:44:40,942093992+02:00
57.013783
9.987849667
0.0828
nan
0.0
 
2019-05-08T08:44:41,326257016+02:00
57.013783667
9.987850333
0.1224
nan
0.0
 
2019-05-08T08:44:41,544293529+02:00
57.013784
9.987850667
0.0216
nan
0.0
 
2019-05-08T08:44:41,729561708+02:00
57.013784167
9.987850833
0.1044
nan
0.0
 
2019-05-08T08:44:42,138916523+02:00
57.013784833
9.987851333
0.1368
nan
0.0
 
2019-05-08T08:44:42,348761306+02:00
57.013785333
9.9878515
0.036
nan
0.0
 
2019-05-08T08:44:42,723062971+02:00
57.013786
9.987851833
0.1224
nan
0.0
 
2019-05-08T08:44:42,930194880+02:00
57.013786333
9.987851833
0.1224
nan
0.0
 
2019-05-08T08:44:43,319453587+02:00
57.013787
9.987852167
0.108
nan
0.0
 
2019-05-08T08:44:43,528869144+02:00
57.013787333
9.987852333
0.0936
nan
0.0
 
2019-05-08T08:44:43,749838215+02:00
57.013787667
9.9878525
0.0684
nan
0.0
 
2019-05-08T08:44:44,129953986+02:00
57.013788167
9.987852667
0.108
nan
0.0
 
2019-05-08T08:44:44,330547359+02:00
57.0137885
9.987852833
0.0288
nan
0.0
 
2019-05-08T08:44:44,727480476+02:00
57.013789
9.987853
0.1008
nan
0.0
 
2019-05-08T08:44:44,923536952+02:00
57.013789167
9.987853167
0.1476
nan
0.0
 
2019-05-08T08:44:45,322897382+02:00
57.013789667
9.9878535
0.036
nan
0.0
 
2019-05-08T08:44:45,554120954+02:00
57.013789833
9.987853667
0.0432
nan
0.0
 
2019-05-08T08:44:45,935559817+02:00
57.013790333
9.987853833
0.0612
nan
0.0
 
2019-05-08T08:44:46,155245733+02:00
57.0137905
9.987854
0.1224
nan
0.0
 
2019-05-08T08:44:46,523943301+02:00
57.013791
9.987854
0.0396
nan
0.0
 
2019-05-08T08:44:46,729266043+02:00
57.013791167
9.987854167
0.0792
nan
0.0
 
2019-05-08T08:44:46,921049524+02:00
57.013791333
9.987854333
0.018
nan
0.0
 
2019-05-08T08:44:47,139636181+02:00
57.0137915
9.987854333
0.072
nan
0.0
 
2019-05-08T08:44:47,351583930+02:00
57.0137915
9.987854333
0.1224
nan
0.0
 
2019-05-08T08:44:47,563551125+02:00
57.013791833
9.987854333
0.072
nan
0.0
 
2019-05-08T08:44:47,936871708+02:00
57.013792167
9.987854167
0.2016
nan
0.0
 
2019-05-08T08:44:48,175997400+02:00
57.0137925
9.987854167
0.0864
nan
0.0
 
2019-05-08T08:44:48,529182994+02:00
57.013792833
9.987853833
0.0972
nan
0.0
 
2019-05-08T08:44:48,732009481+02:00
57.013793
9.987854
0.1836
nan
0.0
 
2019-05-08T08:44:48,937676510+02:00
57.013793333
9.987853833
0.1044
nan
0.0
 
2019-05-08T08:44:49,339937349+02:00
57.013793833
9.987853833
0.1476
nan
0.0
 
2019-05-08T08:44:49,740959252+02:00
57.013794333
9.987853833
0.1728
nan
0.0
 
2019-05-08T08:44:50,132003028+02:00
57.013794833
9.987853833
0.1728
nan
0.0
 
2019-05-08T08:44:50,532066161+02:00
57.0137955
9.987853667
0.0648
nan
0.0
 
2019-05-08T08:44:50,739348366+02:00
57.013795667
9.987853667
0.1512
nan
0.0
 
2019-05-08T08:44:50,966681848+02:00
57.013796
9.987853667
0.1152
nan
0.0
 
2019-05-08T08:44:51,331680721+02:00
57.0137965
9.987853667
0.1188
nan
0.0
 
2019-05-08T08:44:51,532315907+02:00
57.013796833
9.987853667
0.0144
nan
0.0
 
2019-05-08T08:44:51,737919076+02:00
57.013797
9.987853667
0.198
nan
0.0
 
2019-05-08T08:44:51,960403336+02:00
57.013797333
9.987853667
0.1008
nan
0.0
 
2019-05-08T08:44:52,347605502+02:00
57.013798
9.987853667
0.144
nan
0.0
 
2019-05-08T08:44:52,745437260+02:00
57.013798667
9.987853667
0.1548
nan
0.0
 
2019-05-08T08:44:52,951223429+02:00
57.013799
9.9878535
0.1224
nan
0.0
 
2019-05-08T08:44:53,339338840+02:00
57.013799667
9.9878535
0.0756
nan
0.0
 
2019-05-08T08:44:53,736541351+02:00
57.013800167
9.9878535
0.2232
nan
0.0
 
2019-05-08T08:44:54,137329049+02:00
57.013801
9.9878535
0.0504
nan
0.0
 
2019-05-08T08:44:54,338004888+02:00
57.013801167
9.9878535
0.0828
nan
0.0
 
2019-05-08T08:44:54,550287697+02:00
57.0138015
9.9878535
0.09
nan
0.0
 
2019-05-08T08:44:54,935647506+02:00
57.013802167
9.9878535
0.0864
nan
0.0
 
2019-05-08T08:44:55,345106773+02:00
57.0138025
9.987853333
0.0828
nan
0.0
 
2019-05-08T08:44:55,555313052+02:00
57.013802833
9.987853167
0.0324
nan
0.0
 
2019-05-08T08:44:55,746943132+02:00
57.013803
9.987853167
0.1332
nan
0.0
 
2019-05-08T08:44:56,135439050+02:00
57.0138035
9.987852833
0.0468
nan
0.0
 
2019-05-08T08:44:56,362762534+02:00
57.013803667
9.9878525
0.1584
nan
0.0
 
2019-05-08T08:44:56,744299752+02:00
57.013804
9.987852
0.1188
nan
0.0
 
2019-05-08T08:44:56,944458915+02:00
57.013804167
9.987851833
0.108
nan
0.0
 
2019-05-08T08:44:57,935752964+02:00
57.013804833
9.987851
0.126
nan
0.0
 
2019-05-08T08:44:58,340061726+02:00
57.013805167
9.987850667
0.1296
nan
0.0
 
2019-05-08T08:44:58,565361486+02:00
57.013805167
9.987850333
0.1872
nan
0.0
 
2019-05-08T08:44:58,947634892+02:00
57.0138055
9.98785
0.0288
nan
0.0
 
2019-05-08T08:44:59,167306911+02:00
57.0138055
9.987849667
0.0864
nan
0.0
 
2019-05-08T08:44:59,550541270+02:00
57.013806
9.987849167
0.0504
nan
0.0
 
2019-05-08T08:44:59,739305741+02:00
57.013806167
9.987849
0.0972
nan
0.0
 
2019-05-08T08:45:00,143682112+02:00
57.013806667
9.9878485
0.1044
nan
0.0
 
2019-05-08T08:45:00,343842947+02:00
57.013806833
9.987848167
0.1512
nan
0.0
 
2019-05-08T08:45:00,567032532+02:00
57.013806833
9.987847833
0.2376
nan
0.0
 
2019-05-08T08:45:00,943821434+02:00
57.013807333
9.9878475
0.1944
nan
0.0
 
2019-05-08T08:45:01,160799631+02:00
57.0138075
9.987847167
0.108
nan
0.0
 
2019-05-08T08:45:01,541221848+02:00
57.013807833
9.987846667
0.1188
nan
0.0
 
2019-05-08T08:45:01,747531786+02:00
57.013808
9.987846333
0.0972
nan
0.0
 
2019-05-08T08:45:02,147625969+02:00
57.0138085
9.987845667
0.108
nan
0.0
 
2019-05-08T08:45:02,542387447+02:00
57.013808833
9.987845333
0.1728
nan
0.0
 
2019-05-08T08:45:02,754486577+02:00
57.013809
9.987845
0.1404
nan
0.0
 
2019-05-08T08:45:03,142019218+02:00
57.0138095
9.9878445
0.1008
nan
0.0
 
2019-05-08T08:45:03,384667095+02:00
57.013809833
9.987844167
0.1008
nan
0.0
 
2019-05-08T08:45:03,547177736+02:00
57.01381
9.987843833
0.0468
nan
0.0
 
2019-05-08T08:45:03,942976928+02:00
57.013810333
9.987843167
0.1656
nan
0.0
 
2019-05-08T08:45:04,146984127+02:00
57.013810667
9.987843
0.1548
nan
0.0
 
2019-05-08T08:45:04,543237504+02:00
57.013811167
9.987842333
0.1584
nan
0.0
 
2019-05-08T08:45:04,778123337+02:00
57.013811333
9.987842167
0.1224
nan
0.0
 
2019-05-08T08:45:05,151200148+02:00
57.013811667
9.9878415
0.1512
nan
0.0
 
2019-05-08T08:45:05,344097442+02:00
57.013812
9.987841333
0.1548
nan
0.0
 
2019-05-08T08:45:05,580563768+02:00
57.013812167
9.987841167
0.2448
nan
0.0
 
2019-05-08T08:45:05,948610683+02:00
57.013812667
9.987840667
0.1548
nan
0.0
 
2019-05-08T08:45:06,154994949+02:00
57.013812667
9.987840333
0.3168
nan
0.0
 
2019-05-08T08:45:06,541745822+02:00
57.013813167
9.98784
0.1224
nan
0.0
 
2019-05-08T08:45:06,745496493+02:00
57.013813333
9.987839667
0.1728
nan
0.0
 
2019-05-08T08:45:06,957529124+02:00
57.0138135
9.9878395
0.0972
nan
0.0
 
2019-05-08T08:45:07,358660017+02:00
57.013813833
9.987839167
0.1404
nan
0.0
 
2019-05-08T08:45:07,569572272+02:00
57.013814
9.987838833
0.1332
nan
0.0
 
2019-05-08T08:45:07,952342776+02:00
57.013814
9.987838333
0.0504
nan
0.0
 
2019-05-08T08:45:08,345199326+02:00
57.013813833
9.987838167
0.144
nan
0.0
 
2019-05-08T08:45:08,557683944+02:00
57.013814
9.987837833
0.1764
nan
0.0
 
2019-05-08T08:45:08,949535481+02:00
57.013814167
9.987837333
0.0936
nan
0.0
 
2019-05-08T08:45:09,177781896+02:00
57.013814333
9.987837333
0.0936
nan
0.0
 
2019-05-08T08:45:09,556737190+02:00
57.0138145
9.987837
0.1116
nan
0.0
 
2019-05-08T08:45:09,751415760+02:00
57.0138145
9.987837
0.2232
nan
0.0
 
2019-05-08T08:45:10,143839037+02:00
57.013814667
9.987836667
0.1332
nan
0.0
 
2019-05-08T08:45:10,346755547+02:00
57.013815
9.987836333
0.2088
nan
0.0
 
2019-05-08T08:45:10,576589660+02:00
57.013815
9.987836167
0.2052
nan
0.0
 
2019-05-08T08:45:10,944596720+02:00
57.013815
9.987835667
0.1656
nan
0.0
 
2019-05-08T08:45:11,151034574+02:00
57.013814833
9.9878355
0.1296
nan
0.0
 
2019-05-08T08:45:11,554747623+02:00
57.013815
9.987835
0.1728
nan
0.0
 
2019-05-08T08:45:11,775282625+02:00
57.013814833
9.987834833
0.162
nan
0.0
 
2019-05-08T08:45:12,149883893+02:00
57.013815
9.987834333
0.09
nan
0.0
 
2019-05-08T08:45:12,377431972+02:00
57.013814833
9.987834167
0.054
nan
0.0
 
2019-05-08T08:45:12,756292338+02:00
57.013814667
9.987833667
0.0792
nan
0.0
 
2019-05-08T08:45:12,948556345+02:00
57.013814667
9.9878335
0.0936
nan
0.0
 
2019-05-08T08:45:13,164926409+02:00
57.013814667
9.9878335
0.0972
nan
0.0
 
2019-05-08T08:45:13,557499354+02:00
57.0138145
9.987833333
0.0432
nan
0.0
 
2019-05-08T08:45:13,775593403+02:00
57.013814333
9.987833333
0.0144
nan
0.0
 
2019-05-08T08:45:14,149829192+02:00
57.013814167
9.987833333
0.216
nan
0.0
 
2019-05-08T08:45:14,545743400+02:00
57.013814167
9.987833167
0.1188
nan
0.0
 
2019-05-08T08:45:14,974917581+02:00
57.013814167
9.987833333
0.1548
nan
0.0
 
2019-05-08T08:45:15,353727518+02:00
57.013814167
9.9878335
0.1548
nan
0.0
 
2019-05-08T08:45:15,560955795+02:00
57.013814
9.9878335
0.1152
nan
0.0
 
2019-05-08T08:45:15,952476658+02:00
57.013814
9.9878335
0.2016
nan
0.0
 
2019-05-08T08:45:16,355330277+02:00
57.013814
9.987833667
0.2808
nan
0.0
 
2019-05-08T08:45:16,763382740+02:00
57.013813833
9.987834
0.2088
nan
0.0
 
2019-05-08T08:45:16,974998290+02:00
57.013813833
9.987834
0.1188
nan
0.0
 
2019-05-08T08:45:17,173591753+02:00
57.013813833
9.987833833
0.0792
nan
0.0
 
2019-05-08T08:45:17,382347898+02:00
57.013813667
9.987833667
0.2088
nan
0.0
 
2019-05-08T08:45:17,749290416+02:00
57.013814
9.987833667
0.2412
nan
0.0
 
2019-05-08T08:45:18,156732900+02:00
57.013814167
9.987833667
0.6588
nan
0.0
 
2019-05-08T08:45:18,367569290+02:00
57.013814167
9.9878335
0.7812
nan
0.0
 
2019-05-08T08:45:18,759470909+02:00
57.013814167
9.9878335
0.378
nan
0.0
 
2019-05-08T08:45:18,951465012+02:00
57.013814333
9.9878335
0.5076
nan
0.0
 
2019-05-08T08:45:19,168474408+02:00
57.013814333
9.9878335
0.2016
nan
0.0
 
2019-05-08T08:45:19,456576383+02:00
57.013814333
9.987833333
0.126
nan
0.0
 
2019-05-08T08:45:19,754685133+02:00
57.0138145
9.987833
0.1656
nan
0.0
 
2019-05-08T08:45:19,955910866+02:00
57.0138145
9.987832833
0.144
nan
0.0
 
2019-05-08T08:45:20,191624630+02:00
57.013814667
9.987832833
0.1872
nan
0.0
 
2019-05-08T08:45:20,554195264+02:00
57.013814
9.987833167
0.0972
nan
0.0
 
2019-05-08T08:45:20,768516855+02:00
57.013814
9.987833167
0.1116
nan
0.0
 
2019-05-08T08:45:21,157598220+02:00
57.013814
9.987833167
0.1656
nan
0.0
 
2019-05-08T08:45:21,355224340+02:00
57.013814
9.987833167
0.1584
nan
0.0
 
2019-05-08T08:45:21,767757331+02:00
57.013813667
9.9878335
0.0576
nan
0.0
 
2019-05-08T08:45:21,952062506+02:00
57.013813667
9.987833833
0.1584
nan
0.0
 
2019-05-08T08:45:22,174790021+02:00
57.0138135
9.987833833
0.1764
nan
0.0
 
2019-05-08T08:45:22,552794096+02:00
57.013813333
9.987833833
0.1224
nan
0.0
 
2019-05-08T08:45:22,756698682+02:00
57.013813333
9.987833833
0.0216
nan
0.0
 
2019-05-08T08:45:23,165197320+02:00
57.013813
9.987833833
0.1692
nan
0.0
 
2019-05-08T08:45:23,563449554+02:00
57.013812667
9.987834167
0.2232
nan
0.0
 
2019-05-08T08:45:23,955612675+02:00
57.013812333
9.9878345
0.1872
nan
0.0
 
2019-05-08T08:45:24,160887545+02:00
57.013812
9.987834333
0.2448
nan
0.0
 
2019-05-08T08:45:24,770087671+02:00
57.013811167
9.987835
0.144
nan
0.0
 
2019-05-08T08:45:25,164369592+02:00
57.013810833
9.987835333
0.1152
nan
0.0
 
2019-05-08T08:45:25,564963696+02:00
57.0138105
9.987835167
0.1728
nan
0.0
 
2019-05-08T08:45:25,956805689+02:00
57.013810167
9.987834667
0.1008
nan
0.0
 
2019-05-08T08:45:26,157052947+02:00
57.013810167
9.9878345
0.126
nan
0.0
 
2019-05-08T08:45:26,561574655+02:00
57.01381
9.987834
0.054
nan
0.0
 
2019-05-08T08:45:26,967221946+02:00
57.013809667
9.987833667
0.0756
nan
0.0
 
2019-05-08T08:45:27,355907652+02:00
57.013809333
9.987833333
0.2268
nan
0.0
 
2019-05-08T08:45:27,568719956+02:00
57.013809333
9.987833333
0.1872
nan
0.0
 
2019-05-08T08:45:27,775222492+02:00
57.013809167
9.987833333
0.1152
nan
0.0
 
2019-05-08T08:45:28,160541899+02:00
57.013809
9.987833
0.18
nan
0.0
 
2019-05-08T08:45:28,396844243+02:00
57.013809
9.987832833
0.1332
nan
0.0
 
2019-05-08T08:45:28,758888622+02:00
57.013808333
9.987832667
0.3924
nan
0.0
 
2019-05-08T08:45:28,960325768+02:00
57.013807833
9.987832833
0.3816
nan
0.0
 
2019-05-08T08:45:29,184355538+02:00
57.013807667
9.987832833
0.2124
nan
0.0
 
2019-05-08T08:45:29,559359783+02:00
57.013807333
9.987833
0.2772
nan
0.0
 
2019-05-08T08:45:29,766953718+02:00
57.013807167
9.987832833
0.3168
nan
0.0
 
2019-05-08T08:45:30,155004408+02:00
57.013807
9.987832833
0.162
nan
0.0
 
2019-05-08T08:45:30,362549996+02:00
57.013806833
9.987832833
0.0864
nan
0.0
 
2019-05-08T08:45:30,760347224+02:00
57.013806833
9.987832667
0.1332
nan
0.0
 
2019-05-08T08:45:31,159995180+02:00
57.013807
9.987832333
0.2484
nan
0.0
 
2019-05-08T08:45:31,369119413+02:00
57.013807
9.987832333
0.1584
nan
0.0
 
2019-05-08T08:45:31,767260334+02:00
57.013807
9.987832333
0.1152
nan
0.0
 
2019-05-08T08:45:31,999163508+02:00
57.013807
9.987832167
0.2988
nan
0.0
 
2019-05-08T08:45:32,368158133+02:00
57.013807
9.987831833
0.2268
nan
0.0
 
2019-05-08T08:45:32,588014820+02:00
57.013807167
9.987831833
0.252
nan
0.0
 
2019-05-08T08:45:33,158204192+02:00
57.013807167
9.987831167
0.1908
nan
0.0
 
2019-05-08T08:45:33,374217503+02:00
57.013807167
9.987830833
0.216
nan
0.0
 
2019-05-08T08:45:33,964417786+02:00
57.013806833
9.987829833
0.1692
nan
0.0
 
2019-05-08T08:45:34,360604739+02:00
57.013806833
9.987829167
0.234
nan
0.0
 
2019-05-08T08:45:34,556487385+02:00
57.013806667
9.987828833
0.1836
nan
0.0
 
2019-05-08T08:45:34,801179729+02:00
57.013806667
9.9878285
0.09
nan
0.0
 
2019-05-08T08:45:35,165446623+02:00
57.0138065
9.987827833
0.1332
nan
0.0
 
2019-05-08T08:45:35,391664288+02:00
57.013806333
9.987827833
0.1476
nan
0.0
 
2019-05-08T08:45:35,758956618+02:00
57.013805667
9.987828667
0.1764
nan
0.0
 
2019-05-08T08:45:35,968617226+02:00
57.013805333
9.987829167
0.18
nan
0.0
 
2019-05-08T08:45:36,366596200+02:00
57.013804667
9.987830167
0.1872
nan
0.0
 
2019-05-08T08:45:36,775002710+02:00
57.013804167
9.987830833
0.2628
nan
0.0
 
2019-05-08T08:45:36,985691748+02:00
57.013803833
9.987831333
0.1944
nan
0.0
 
2019-05-08T08:45:37,359232498+02:00
57.013803333
9.987831833
0.2952
nan
0.0
 
2019-05-08T08:45:37,569085009+02:00
57.013803167
9.987832
0.1836
nan
0.0
 
2019-05-08T08:45:37,779331985+02:00
57.013803
9.987832333
0.2088
nan
0.0
 
2019-05-08T08:45:38,367277522+02:00
57.013801667
9.987833167
0.2448
nan
0.0
 
2019-05-08T08:45:38,766071381+02:00
57.013801
9.987833833
0.2592
nan
0.0
 
2019-05-08T08:45:39,164518949+02:00
57.013800167
9.987834333
0.2664
nan
0.0
 
2019-05-08T08:45:39,563595072+02:00
57.013799833
9.987834667
0.2484
nan
0.0
 
2019-05-08T08:45:39,792138998+02:00
57.0137995
9.987835
0.216
nan
0.0
 
2019-05-08T08:45:40,167801525+02:00
57.0137995
9.987834667
0.7524
nan
0.0
 
2019-05-08T08:45:40,594948738+02:00
57.013799
9.987835667
0.1908
nan
0.0
 
2019-05-08T08:45:40,969481016+02:00
57.013798167
9.987836667
0.1872
nan
0.0
 
2019-05-08T08:45:41,224625947+02:00
57.013798
9.987837167
0.0684
nan
0.0
 
2019-05-08T08:45:41,562931175+02:00
57.013797667
9.987837833
0.126
nan
0.0
 
2019-05-08T08:45:41,772057521+02:00
57.0137975
9.987838333
0.234
nan
0.0
 
2019-05-08T08:45:42,159980689+02:00
57.013797167
9.987839333
0.0936
nan
0.0
 
2019-05-08T08:45:42,366490839+02:00
57.013796667
9.98784
0.1044
nan
0.0
 
2019-05-08T08:45:42,600648800+02:00
57.0137965
9.987840667
0.1404
nan
0.0
 
2019-05-08T08:45:42,967999858+02:00
57.013796167
9.987841667
0.1296
nan
0.0
 
2019-05-08T08:45:43,181348981+02:00
57.013796
9.9878425
0.2232
nan
0.0
 
2019-05-08T08:45:43,563383477+02:00
57.013795833
9.987843333
0.1872
nan
0.0
 
2019-05-08T08:45:43,762249965+02:00
57.0137955
9.987844167
0.1584
nan
0.0
 
2019-05-08T08:45:43,970641281+02:00
57.013795333
9.987844667
0.0756
nan
0.0
 
2019-05-08T08:45:44,363655091+02:00
57.013795
9.987845833
0.0108
nan
0.0
 
2019-05-08T08:45:44,775189024+02:00
57.0137945
9.987846333
0.054
nan
0.0
 
2019-05-08T08:45:45,177785485+02:00
57.013794167
9.987847333
0.0576
nan
0.0
 
2019-05-08T08:45:45,564077808+02:00
57.0137935
9.987848667
0.1332
nan
0.0
 
2019-05-08T08:45:45,976540387+02:00
57.013792667
9.987849833
0.1368
nan
0.0
 
2019-05-08T08:45:46,366501948+02:00
57.013792
9.987850833
0.126
nan
0.0
 
2019-05-08T08:45:46,585579144+02:00
57.013791667
9.987851167
0.1332
nan
0.0
 
2019-05-08T08:45:46,783167716+02:00
57.0137915
9.987851667
0.09
nan
0.0
 
2019-05-08T08:45:47,171749394+02:00
57.013790833
9.9878525
0.1872
nan
0.0
 
2019-05-08T08:45:47,575510959+02:00
57.013790667
9.987853167
0.1476
nan
0.0
 
2019-05-08T08:45:47,782019293+02:00
57.0137905
9.9878535
0.1188
nan
0.0
 
2019-05-08T08:45:48,174811328+02:00
57.013789833
9.987854
0.1116
nan
0.0
 
2019-05-08T08:45:48,405437226+02:00
57.013789667
9.987854167
0.1224
nan
0.0
 
2019-05-08T08:45:48,968394891+02:00
57.013789167
9.987854833
0.1872
nan
0.0
 
2019-05-08T08:45:49,174979322+02:00
57.013789
9.987854833
0.0972
nan
0.0
 
2019-05-08T08:45:49,568071383+02:00
57.013788667
9.987855333
0.1296
nan
0.0
 
2019-05-08T08:45:49,764688566+02:00
57.0137885
9.987855667
0.072
nan
0.0
 
2019-05-08T08:45:49,979867815+02:00
57.013788167
9.987856
0.1044
nan
0.0
 
2019-05-08T08:45:50,368893374+02:00
57.013787667
9.987856833
0.0432
nan
0.0
 
2019-05-08T08:45:50,771411824+02:00
57.013787167
9.9878575
0.1224
nan
0.0
 
2019-05-08T08:45:51,171143761+02:00
57.013786667
9.9878585
0.162
nan
0.0
 
2019-05-08T08:45:51,401844601+02:00
57.0137865
9.987858833
0.1368
nan
0.0
 
2019-05-08T08:45:51,763159141+02:00
57.013786167
9.98786
0.09
nan
0.0
 
2019-05-08T08:45:51,972016908+02:00
57.013785833
9.9878605
0.1116
nan
0.0
 
2019-05-08T08:45:52,369156540+02:00
57.0137855
9.987861333
0.1764
nan
0.0
 
2019-05-08T08:45:52,591823128+02:00
57.013785333
9.987861667
0.1044
nan
0.0
 
2019-05-08T08:45:52,780734961+02:00
57.013785167
9.987862
0.0936
nan
0.0
 
2019-05-08T08:45:53,162427635+02:00
57.013784833
9.987862667
0.0936
nan
0.0
 
2019-05-08T08:45:53,571177213+02:00
57.0137845
9.987863
0.1584
nan
0.0
 
2019-05-08T08:45:53,966177712+02:00
57.013784333
9.987863333
0.054
nan
0.0
 
2019-05-08T08:45:54,371429175+02:00
57.013784
9.987864167
0.0828
nan
0.0
 
2019-05-08T08:45:54,971206408+02:00
57.0137835
9.987865667
0.1044
nan
0.0
 
2019-05-08T08:45:55,364467962+02:00
57.0137835
9.987866667
0.0576
nan
0.0
 
2019-05-08T08:45:55,767539807+02:00
57.013783167
9.987867333
0.162
nan
0.0
 
2019-05-08T08:45:56,184274079+02:00
57.013783167
9.987868
0.1152
nan
0.0
 
2019-05-08T08:45:56,566691162+02:00
57.013783167
9.987868667
0.09
nan
0.0
 
2019-05-08T08:45:56,777516557+02:00
57.013783167
9.987869
0.0324
nan
0.0
 
2019-05-08T08:45:57,179012322+02:00
57.013783
9.9878695
0.0648
nan
0.0
 
2019-05-08T08:45:57,396265033+02:00
57.013783
9.987869833
0.0756
nan
0.0
 
2019-05-08T08:45:57,599955903+02:00
57.013783167
9.987870167
0.0288
nan
0.0
 
2019-05-08T08:45:57,972532060+02:00
57.013783333
9.9878705
0.0468
nan
0.0
 
2019-05-08T08:45:59,377081477+02:00
57.013783333
9.9878735
0.1368
nan
0.0
 
2019-05-08T08:45:59,767780970+02:00
57.0137835
9.987874167
0.1044
nan
0.0
 
2019-05-08T08:46:00,386150208+02:00
57.0137835
9.987875333
0.0468
nan
0.0
 
2019-05-08T08:46:00,774427965+02:00
57.0137835
9.987876
0.1152
nan
0.0
 
2019-05-08T08:46:00,984215300+02:00
57.0137835
9.987876333
0.0396
nan
0.0
 
2019-05-08T08:46:01,581342141+02:00
57.013783
9.987876833
0.1008
nan
0.0
 
2019-05-08T08:46:01,973199600+02:00
57.013782667
9.987877167
0.1836
nan
0.0
 
2019-05-08T08:46:02,374378569+02:00
57.0137825
9.9878775
0.0612
nan
0.0
 
2019-05-08T08:46:02,775514755+02:00
57.0137825
9.9878775
0.1476
nan
0.0
 
2019-05-08T08:46:02,984415763+02:00
57.013782333
9.987877667
0.054
nan
0.0
 
2019-05-08T08:46:03,203637261+02:00
57.013782333
9.9878775
0.09
nan
0.0
 
2019-05-08T08:46:03,583832251+02:00
57.013782
9.987878167
0.0216
nan
0.0
 
2019-05-08T08:46:03,975240724+02:00
57.013781833
9.987878667
0.1548
nan
0.0
 
2019-05-08T08:46:04,177669283+02:00
57.013781833
9.987879
0.0864
nan
0.0
 
2019-05-08T08:46:04,781551046+02:00
57.0137815
9.987879
0.1224
nan
0.0
 
2019-05-08T08:46:05,175701008+02:00
57.013781333
9.987878833
0.1548
nan
0.0
 
2019-05-08T08:46:05,572648063+02:00
57.013781167
9.987878667
0.1188
nan
0.0
 
2019-05-08T08:46:05,784913974+02:00
57.013781
9.987878667
0.0612
nan
0.0
 
2019-05-08T08:46:06,182435890+02:00
57.013780833
9.987878333
0.1656
nan
0.0
 
2019-05-08T08:46:06,401469588+02:00
57.013780833
9.987878333
0.0756
nan
0.0
 
2019-05-08T08:46:06,775508941+02:00
57.013780667
9.987878167
0.126
nan
0.0
 
2019-05-08T08:46:07,184380805+02:00
57.0137805
9.987878
0.0864
nan
0.0
 
2019-05-08T08:46:07,573397357+02:00
57.0137805
9.987877833
0.0684
nan
0.0
 
2019-05-08T08:46:07,776625791+02:00
57.0137805
9.987878167
0.072
nan
0.0
 
2019-05-08T08:46:08,178950078+02:00
57.0137805
9.987878333
0.0036
nan
0.0
 
2019-05-08T08:46:08,369317005+02:00
57.013780333
9.987878333
0.1152
nan
0.0
 
2019-05-08T08:46:08,979335232+02:00
57.013780167
9.9878785
0.144
nan
0.0
 
2019-05-08T08:46:09,372731240+02:00
57.01378
9.9878785
0.072
nan
0.0
 
2019-05-08T08:46:09,576315144+02:00
57.01378
9.9878785
0.1296
nan
0.0
 
2019-05-08T08:46:09,985772468+02:00
57.013780167
9.9878785
0.0612
nan
0.0
 
2019-05-08T08:46:10,387047293+02:00
57.01378
9.987878333
0.1116
nan
0.0
 
2019-05-08T08:46:10,774633311+02:00
57.01378
9.987878
0.0792
nan
0.0
 
2019-05-08T08:46:11,174138888+02:00
57.013779667
9.987877833
0.0468
nan
0.0
 
2019-05-08T08:46:11,580546994+02:00
57.013779667
9.9878775
0.0432
nan
0.0
 
2019-05-08T08:46:11,815384614+02:00
57.0137795
9.987877167
0.1764
nan
0.0
 
2019-05-08T08:46:12,176411382+02:00
57.013779
9.987877
0.072
nan
0.0
 
2019-05-08T08:46:12,576287435+02:00
57.013778833
9.987877167
0.0396
nan
0.0
 
2019-05-08T08:46:12,779847988+02:00
57.013778667
9.987877167
0.1224
nan
0.0
 
2019-05-08T08:46:13,176704727+02:00
57.0137785
9.987877167
0.1296
nan
0.0
 
2019-05-08T08:46:13,589106465+02:00
57.013778333
9.987877167
0.0036
nan
0.0
 
2019-05-08T08:46:14,179177127+02:00
57.013778
9.987877
0.1476
nan
0.0
 
2019-05-08T08:46:14,375832511+02:00
57.013778
9.987877
0.108
nan
0.0
 
2019-05-08T08:46:14,575783663+02:00
57.013778167
9.987877
0.0576
nan
0.0
 
2019-05-08T08:46:14,779974767+02:00
57.013778
9.987876833
0.1116
nan
0.0
 
2019-05-08T08:46:15,178386863+02:00
57.013778
9.987876667
0.0576
nan
0.0
 
2019-05-08T08:46:15,583186454+02:00
57.013778
9.9878765
0.0972
nan
0.0
 
2019-05-08T08:46:15,979486139+02:00
57.013778167
9.987876333
0.0792
nan
0.0
 
2019-05-08T08:46:16,214355175+02:00
57.013778167
9.987876
0.1116
nan
0.0
 
2019-05-08T08:46:16,772136543+02:00
57.013778167
9.987876
0.0504
nan
0.0
 
2019-05-08T08:46:16,972435457+02:00
57.013778167
9.987876167
0.0396
nan
0.0
 
2019-05-08T08:46:17,374494315+02:00
57.013778167
9.987876167
0.0432
nan
0.0
 
2019-05-08T08:46:17,776318994+02:00
57.013778167
9.987876333
0.1044
nan
0.0
 
2019-05-08T08:46:17,974811619+02:00
57.013778167
9.9878765
0.054
nan
0.0
 
2019-05-08T08:46:18,178660351+02:00
57.013778167
9.987876667
0.0216
nan
0.0
 
2019-05-08T08:46:18,418205688+02:00
57.013778167
9.987876667
0.1584
nan
0.0
 
2019-05-08T08:46:18,798181044+02:00
57.013778167
9.987876667
0.0396
nan
0.0
 
2019-05-08T08:46:18,995800902+02:00
57.013778167
9.987876833
0.0756
nan
0.0
 
2019-05-08T08:46:19,374994881+02:00
57.013778
9.987876667
0.0504
nan
0.0
 
2019-05-08T08:46:19,587305397+02:00
57.013777833
9.987876667
0.1116
nan
0.0
 
2019-05-08T08:46:19,984698572+02:00
57.013777833
9.987876333
0.036
nan
0.0
 
2019-05-08T08:46:20,177257528+02:00
57.013777667
9.987876167
0.09
nan
0.0
 
2019-05-08T08:46:20,771797899+02:00
57.0137775
9.987876
0.018
nan
0.0
 
2019-05-08T08:46:20,985902319+02:00
57.0137775
9.987876
0.0576
nan
0.0
 
2019-05-08T08:46:21,380447820+02:00
57.013777333
9.987875667
0.0072
nan
0.0
 
2019-05-08T08:46:21,778591586+02:00
57.013777333
9.987875667
0.1476
nan
0.0
 
2019-05-08T08:46:22,171280606+02:00
57.013777167
9.9878755
0.1188
nan
0.0
 
2019-05-08T08:46:22,379019944+02:00
57.013777167
9.987875667
0.0468
nan
0.0
 
2019-05-08T08:46:22,775702816+02:00
57.013777167
9.987875667
0.054
nan
0.0
 
2019-05-08T08:46:23,197888768+02:00
57.013777167
9.987875667
0.0432
nan
0.0
 
2019-05-08T08:46:23,573177021+02:00
57.013777333
9.987875833
0.0864
nan
0.0
 
2019-05-08T08:46:23,784790913+02:00
57.013777333
9.987875833
0.0936
nan
0.0
 
2019-05-08T08:46:24,189244218+02:00
57.013777167
9.987875833
0.216
nan
0.0
 
2019-05-08T08:46:24,384300484+02:00
57.013777167
9.987875833
0.0756
nan
0.0
 
2019-05-08T08:46:24,573971337+02:00
57.013777167
9.987875833
0.0612
nan
0.0
 
2019-05-08T08:46:24,783017270+02:00
57.013777
9.987875667
0.09
nan
0.0
 
2019-05-08T08:46:25,177070715+02:00
57.013777
9.987875667
0.1008
nan
0.0
 
2019-05-08T08:46:25,580316468+02:00
57.013777
9.987875833
0.1404
nan
0.0
 
2019-05-08T08:46:25,780463305+02:00
57.013777
9.987875833
0.0828
nan
0.0
 
2019-05-08T08:46:26,173056457+02:00
57.013777
9.987876
0.036
nan
0.0
 
2019-05-08T08:46:26,381491956+02:00
57.013777
9.987876
0.0576
nan
0.0
 
2019-05-08T08:46:26,580169998+02:00
57.013777
9.987876167
0.1404
nan
0.0
 
2019-05-08T08:46:26,986677934+02:00
57.013776833
9.987876167
0.1152
nan
0.0
 
2019-05-08T08:46:27,176994002+02:00
57.013777
9.987876333
0.09
nan
0.0
 
2019-05-08T08:46:27,574970805+02:00
57.013777
9.987876333
0.0468
nan
0.0
 
2019-05-08T08:46:28,182868528+02:00
57.013776833
9.987876333
0.0612
nan
0.0
 
2019-05-08T08:46:28,571383141+02:00
57.013776667
9.987876167
0.126
nan
0.0
 
2019-05-08T08:46:28,984369294+02:00
57.0137765
9.987876
0.1332
nan
0.0
 
2019-05-08T08:46:29,375019632+02:00
57.013776333
9.987875667
0.0576
nan
0.0
 
2019-05-08T08:46:29,783358847+02:00
57.013776
9.9878755
0.1188
nan
0.0
 
2019-05-08T08:46:30,185552981+02:00
57.013775833
9.987875333
0.0828
nan
0.0
 
2019-05-08T08:46:30,386608214+02:00
57.013775833
9.987875333
0.0684
nan
0.0
 
2019-05-08T08:46:30,977675244+02:00
57.0137755
9.987875167
0.0468
nan
0.0
 
2019-05-08T08:46:31,197953508+02:00
57.0137755
9.987875
0.054
nan
0.0
 
2019-05-08T08:46:31,576393529+02:00
57.013775167
9.987874667
0.18
nan
0.0
 
2019-05-08T08:46:31,782559056+02:00
57.013775
9.9878745
0.0792
nan
0.0
 
2019-05-08T08:46:32,378668849+02:00
57.013774667
9.987874
0.0792
nan
0.0
 
2019-05-08T08:46:32,982463316+02:00
57.013774333
9.987873333
0.1512
nan
0.0
 
2019-05-08T08:46:33,374844877+02:00
57.013774
9.987872667
0.1656
nan
0.0
 
2019-05-08T08:46:33,588223332+02:00
57.013773833
9.9878725
0.1116
nan
0.0
 
2019-05-08T08:46:33,977919300+02:00
57.013773667
9.987872
0.0396
nan
0.0
 
2019-05-08T08:46:34,214530865+02:00
57.0137735
9.9878715
0.1224
nan
0.0
 
2019-05-08T08:46:34,575209440+02:00
57.013773333
9.987871333
0.072
nan
0.0
 
2019-05-08T08:46:34,790269330+02:00
57.013773333
9.987871333
0.108
nan
0.0
 
2019-05-08T08:46:35,027328067+02:00
57.013773167
9.987871167
0.1152
nan
0.0
 
2019-05-08T08:46:35,384165019+02:00
57.013773
9.987870833
0.0828
nan
0.0
 
2019-05-08T08:46:35,579824259+02:00
57.013772833
9.9878705
0.1548
nan
0.0
 
2019-05-08T08:46:35,788734413+02:00
57.013772667
9.9878705
0.1656
nan
0.0
 
2019-05-08T08:46:36,184319832+02:00
57.0137725
9.98787
0.0828
nan
0.0
 
2019-05-08T08:46:36,599206903+02:00
57.013772167
9.9878695
0.1584
nan
0.0
 
2019-05-08T08:46:36,986520460+02:00
57.013771667
9.987869
0.126
nan
0.0
 
2019-05-08T08:46:37,216987801+02:00
57.013771333
9.987868667
0.1008
nan
0.0
 
2019-05-08T08:46:37,595557709+02:00
57.013771
9.987868167
0.1404
nan
0.0
 
2019-05-08T08:46:37,982921982+02:00
57.013770667
9.987867833
0.0972
nan
0.0
 
2019-05-08T08:46:38,402593768+02:00
57.013770333
9.987867667
0.018
nan
0.0
 
2019-05-08T08:46:38,578063198+02:00
57.013770167
9.9878675
0.1404
nan
0.0
 
2019-05-08T08:46:39,180976797+02:00
57.013769833
9.987867167
0.072
nan
0.0
 
2019-05-08T08:46:39,589678827+02:00
57.0137695
9.987867
0.1224
nan
0.0
 
2019-05-08T08:46:39,806037409+02:00
57.013769333
9.987867
0.0684
nan
0.0
 
2019-05-08T08:46:40,019726557+02:00
57.013769167
9.987867
0.0972
nan
0.0
 
2019-05-08T08:46:40,379403966+02:00
57.013768667
9.987866833
0.0936
nan
0.0
 
2019-05-08T08:46:40,780884667+02:00
57.0137685
9.987867
0.1692
nan
0.0
 
2019-05-08T08:46:41,180492880+02:00
57.013768167
9.987867167
0.1332
nan
0.0
 
2019-05-08T08:46:41,580870733+02:00
57.013767833
9.987867333
0.1584
nan
0.0
 
2019-05-08T08:46:41,985258709+02:00
57.0137675
9.9878675
0.0828
nan
0.0
 
2019-05-08T08:46:42,232701320+02:00
57.013767333
9.9878675
0.1476
nan
0.0
 
2019-05-08T08:46:42,591914623+02:00
57.013766833
9.9878675
0.18
nan
0.0
 
2019-05-08T08:46:42,991421542+02:00
57.0137665
9.987867333
0.054
nan
0.0
 
2019-05-08T08:46:43,381262244+02:00
57.013766167
9.987867333
0.108
nan
0.0
 
2019-05-08T08:46:43,982384348+02:00
57.013765667
9.987866833
0.036
nan
0.0
 
2019-05-08T08:46:44,182189532+02:00
57.0137655
9.9878665
0.144
nan
0.0
 
2019-05-08T08:46:44,587865847+02:00
57.013765167
9.9878665
0.2124
nan
0.0
 
2019-05-08T08:46:44,794437082+02:00
57.013765167
9.987866667
0.1332
nan
0.0
 
2019-05-08T08:46:45,183089138+02:00
57.013765
9.987866833
0.0864
nan
0.0
 
2019-05-08T08:46:45,384803056+02:00
57.013765
9.987866833
0.108
nan
0.0
 
2019-05-08T08:46:45,588676067+02:00
57.013765
9.987867
0.1044
nan
0.0
 
2019-05-08T08:46:45,989966153+02:00
57.013765
9.987867333
0.0684
nan
0.0
 
2019-05-08T08:46:46,183202434+02:00
57.013765
9.987867333
0.09
nan
0.0
 
2019-05-08T08:46:46,580767230+02:00
57.013765
9.9878675
0.0972
nan
0.0
 
2019-05-08T08:46:46,994214303+02:00
57.013765
9.987867833
0.0612
nan
0.0
 
2019-05-08T08:46:47,390723856+02:00
57.013764833
9.987867833
0.0468
nan
0.0
 
2019-05-08T08:46:47,784458881+02:00
57.013764833
9.987867833
0.0756
nan
0.0
 
2019-05-08T08:46:48,179497982+02:00
57.0137645
9.987867833
0.1692
nan
0.0
 
2019-05-08T08:46:48,582474068+02:00
57.0137645
9.987867667
0.1332
nan
0.0
 
2019-05-08T08:46:48,790144143+02:00
57.013764333
9.9878675
0.0936
nan
0.0
 
2019-05-08T08:46:49,383829819+02:00
57.013764167
9.987867333
0.1224
nan
0.0
 
2019-05-08T08:46:49,985394202+02:00
57.013764
9.987867167
0.0684
nan
0.0
 
2019-05-08T08:46:50,192211714+02:00
57.013764
9.987867167
0.126
nan
0.0
 
2019-05-08T08:46:50,586401840+02:00
57.013763833
9.987867167
0.1512
nan
0.0
 
2019-05-08T08:46:50,785459669+02:00
57.013764
9.987867333
0.0612
nan
0.0
 
2019-05-08T08:46:51,192719283+02:00
57.013764
9.9878675
0.0864
nan
0.0
 
2019-05-08T08:46:51,386869734+02:00
57.013764
9.9878675
0.1548
nan
0.0
 
2019-05-08T08:46:51,624303522+02:00
57.013764
9.987867667
0.0324
nan
0.0
 
2019-05-08T08:46:51,984573441+02:00
57.013764
9.987868
0.0576
nan
0.0
 
2019-05-08T08:46:52,399321110+02:00
57.013764167
9.987868167
0.0864
nan
0.0
 
2019-05-08T08:46:52,802799932+02:00
57.013764167
9.987868333
0.0936
nan
0.0
 
2019-05-08T08:46:53,186430654+02:00
57.013764167
9.987868667
0.0756
nan
0.0
 
2019-05-08T08:46:53,390047920+02:00
57.013764333
9.987868667
0.054
nan
0.0
 
2019-05-08T08:46:53,786360217+02:00
57.013764333
9.987869
0.1116
nan
0.0
 
2019-05-08T08:46:54,002808816+02:00
57.013764333
9.987869167
0.0828
nan
0.0
 
2019-05-08T08:46:54,185386550+02:00
57.013764333
9.987869167
0.0288
nan
0.0
 
2019-05-08T08:46:54,592371160+02:00
57.013764167
9.987869
0.108
nan
0.0
 
2019-05-08T08:46:54,820698597+02:00
57.013764333
9.987868833
0.0144
nan
0.0
 
                      