
2019-02-25T14:37:34,159758815+01:00
57.0138175
9.986833333
0.756
12.9
0.0
 
2019-02-25T14:37:35,159571805+01:00
57.013815833
9.986859
1.063
13.0
0.0
 
2019-02-25T14:37:36,163600996+01:00
57.0138095
9.986911667
1.76
13.5
0.0
 
2019-02-25T14:37:37,146921624+01:00
nan
nan
nan
nan
nan
 
2019-02-25T14:37:38,150793197+01:00
nan
nan
nan
nan
nan
 
2019-02-25T14:37:39,166726467+01:00
nan
nan
nan
nan
nan
 
2019-02-25T14:37:40,154786373+01:00
nan
nan
nan
nan
nan
 
2019-02-25T14:37:41,149371817+01:00
nan
nan
nan
nan
nan
 
2019-02-25T14:37:42,155240286+01:00
nan
nan
nan
nan
nan
 
2019-02-25T14:37:43,150962442+01:00
nan
nan
nan
nan
nan
 
2019-02-25T14:37:44,158349942+01:00
57.013737
9.987407333
3.694
16.9
37.75
 
2019-02-25T14:37:45,157005493+01:00
57.013673
9.987694
5.235
21.1
83.62
 
2019-02-25T14:37:46,167186690+01:00
57.013669667
9.987682333
4.73
20.4
92.92
 
2019-02-25T14:37:47,161840678+01:00
57.013667333
9.9876355
4.012
19.5
98.26
 
2019-02-25T14:37:48,159513763+01:00
57.0136735
9.987550167
3.148
18.9
102.1
 
2019-02-25T14:37:49,154840744+01:00
57.013684833
9.987409
2.121
17.6
0.0
 
2019-02-25T14:37:50,155100698+01:00
nan
nan
nan
nan
nan
 
2019-02-25T14:37:51,147902155+01:00
nan
nan
nan
nan
nan
 
2019-02-25T14:37:52,150779177+01:00
nan
nan
nan
nan
nan
 
2019-02-25T14:37:53,152173767+01:00
nan
nan
nan
nan
nan
 
2019-02-25T14:37:54,150966422+01:00
nan
nan
nan
nan
nan
 
2019-02-25T14:37:55,146679897+01:00
nan
nan
nan
nan
nan
 
2019-02-25T14:37:56,148188661+01:00
nan
nan
nan
nan
nan
 
2019-02-25T14:37:57,148787123+01:00
nan
nan
nan
nan
nan
 
2019-02-25T14:37:58,150770728+01:00
nan
nan
nan
nan
nan
 
2019-02-25T14:37:59,145825915+01:00
nan
nan
nan
nan
nan
 
2019-02-25T14:38:00,160100070+01:00
nan
nan
nan
nan
nan
 
2019-02-25T14:38:01,179015974+01:00
nan
nan
nan
nan
nan
 
2019-02-25T14:38:02,149605816+01:00
nan
nan
nan
nan
nan
 
2019-02-25T14:38:03,149033632+01:00
nan
nan
nan
nan
nan
 
2019-02-25T14:38:04,153823743+01:00
nan
nan
nan
nan
nan
 
2019-02-25T14:38:05,151909651+01:00
nan
nan
nan
nan
nan
 
2019-02-25T14:38:09,155506650+01:00
nan
nan
nan
nan
nan
 
2019-02-25T14:38:10,157677510+01:00
nan
nan
nan
nan
nan
 
2019-02-25T14:38:11,158904517+01:00
nan
nan
nan
nan
nan
 
2019-02-25T14:38:12,311956741+01:00
nan
nan
nan
nan
nan
 
2019-02-25T14:38:13,165557038+01:00
nan
nan
nan
nan
nan
 
2019-02-25T14:38:14,153646470+01:00
nan
nan
nan
nan
nan
 
2019-02-25T14:38:15,164403957+01:00
nan
nan
nan
nan
nan
 
2019-02-25T14:38:16,151905702+01:00
nan
nan
nan
nan
nan
 
2019-02-25T14:38:17,156194409+01:00
nan
nan
nan
nan
nan
 
2019-02-25T14:38:18,314881613+01:00
nan
nan
nan
nan
nan
 
2019-02-25T14:38:19,156416578+01:00
nan
nan
nan
nan
nan
 
2019-02-25T14:38:20,157302171+01:00
nan
nan
nan
nan
nan
 
2019-02-25T14:38:21,150927296+01:00
nan
nan
nan
nan
nan
 
2019-02-25T14:38:22,157934251+01:00
nan
nan
nan
nan
nan
 
2019-02-25T14:38:23,152360549+01:00
nan
nan
nan
nan
nan
 
2019-02-25T14:38:24,328492582+01:00
nan
nan
nan
nan
nan
 
2019-02-25T14:38:25,161718188+01:00
nan
nan
nan
nan
nan
 
2019-02-25T14:38:26,153488292+01:00
nan
nan
nan
nan
nan
 
2019-02-25T14:38:27,164053934+01:00
nan
nan
nan
nan
nan
 
