
2019-03-06T17:32:22,243027606+01:00
57.014065
9.987380333
5.8356
13.6
234.54
 
2019-03-06T17:32:23,235685705+01:00
57.014043333
9.987358833
6.4188
9.5
221.56
 
2019-03-06T17:32:24,242776472+01:00
57.013987833
9.987328167
8.6832
7.1
211.82
 
2019-03-06T17:32:25,234916051+01:00
57.013953667
9.987317
9.2268
5.0
205.3
 
2019-03-06T17:32:26,238152858+01:00
57.0139435
9.987317333
8.64
2.9
201.32
 
2019-03-06T17:32:27,237390647+01:00
57.013905833
9.987296833
9.684
2.3
200.48
 
2019-03-06T17:32:28,255613582+01:00
57.013913833
9.987306667
8.5176
0.9
198.62
 
2019-03-06T17:32:29,236986411+01:00
57.013925333
9.987314167
7.5168
-0.6
197.45
 
2019-03-06T17:32:30,242198983+01:00
57.01392
9.987311167
7.4664
-0.1
197.41
 
2019-03-06T17:32:31,247444378+01:00
57.013924833
9.987316167
6.948
-0.8
196.69
 
2019-03-06T17:32:32,239927538+01:00
57.0139255
9.987320167
6.516
-0.2
195.96
 
2019-03-06T17:32:33,240349527+01:00
57.0139245
9.987329333
6.084
0.1
193.32
 
2019-03-06T17:32:34,249792887+01:00
57.013903167
9.9873255
6.264
-0.7
190.84
 
2019-03-06T17:32:35,242100907+01:00
57.013907833
9.987329833
4.9284
-1.5
189.47
 
2019-03-06T17:32:36,242962034+01:00
57.013904333
9.987330833
4.32
-2.5
0.0
 
2019-03-06T17:32:37,242350210+01:00
57.013897333
9.987331667
4.1364
-2.8
0.0
 
2019-03-06T17:32:38,247128901+01:00
57.0138855
9.9873325
4.1868
-3.4
0.0
 
2019-03-06T17:32:39,245803235+01:00
57.013873167
9.987334333
4.2156
-3.6
0.0
 
2019-03-06T17:32:40,240137987+01:00
57.013875833
9.987344167
3.69
-4.3
0.0
 
2019-03-06T17:32:41,244809720+01:00
57.0138865
9.987350833
2.736
-5.3
0.0
 
2019-03-06T17:32:42,240076580+01:00
57.0138715
9.987357833
3.69
-5.2
0.0
 
2019-03-06T17:32:43,241272219+01:00
57.013874167
9.987361
3.5496
-4.7
0.0
 
2019-03-06T17:32:44,244563758+01:00
57.013898333
9.987373833
1.8756
-3.3
0.0
 
2019-03-06T17:32:45,239927752+01:00
57.013930833
9.9873985
1.044
-3.4
0.0
 
2019-03-06T17:32:46,238957133+01:00
57.013924667
9.987396
0.3564
-2.4
0.0
 
2019-03-06T17:32:47,241289732+01:00
57.013919667
9.9874075
0.99
-1.8
0.0
 
2019-03-06T17:32:48,245545778+01:00
57.013930833
9.987412333
0.5184
-0.3
0.0
 
2019-03-06T17:32:49,242061320+01:00
57.013946833
9.987421833
0.2988
1.1
0.0
 
2019-03-06T17:32:50,249189089+01:00
57.013955667
9.987416333
1.2744
0.9
0.0
 
2019-03-06T17:32:51,255676101+01:00
57.014006
9.987433
1.5516
-0.4
0.0
 
2019-03-06T17:32:52,253589944+01:00
57.0140545
9.987447833
3.1536
-1.3
0.0
 
2019-03-06T17:32:53,241756959+01:00
57.014059333
9.987455333
1.6956
-2.2
0.0
 
2019-03-06T17:32:54,245483919+01:00
57.014088833
9.987457667
2.3148
-3.4
0.0
 
2019-03-06T17:32:55,243130255+01:00
57.014109167
9.9874645
2.6892
-4.1
0.0
 
2019-03-06T17:32:56,249830107+01:00
57.014146333
9.987474667
3.9312
-4.8
0.0
 
2019-03-06T17:32:57,251730836+01:00
57.014184333
9.987484667
4.7088
-5.7
0.0
 
2019-03-06T17:32:58,248288570+01:00
57.014198
9.987491833
3.6
-6.8
0.0
 
2019-03-06T17:32:59,242714991+01:00
57.014206333
9.9874885
2.5308
-7.6
0.0
 
2019-03-06T17:33:00,244616685+01:00
57.0142265
9.987487833
2.664
-8.5
0.0
 
2019-03-06T17:33:01,245720999+01:00
57.014264167
9.9874835
3.7584
-10.3
0.0
 
2019-03-06T17:33:02,250987504+01:00
57.0142675
9.987482667
2.862
-10.4
0.0
 
2019-03-06T17:33:03,247971941+01:00
57.0142685
9.987489
2.286
-10.1
0.0
 
2019-03-06T17:33:04,245472371+01:00
57.014255833
9.987499
1.3176
-9.8
0.0
 
2019-03-06T17:33:05,247069435+01:00
57.0142715
9.987501167
1.638
-9.8
0.0
 
2019-03-06T17:33:06,245408083+01:00
57.014278333
9.987491833
0.8136
-10.6
0.0
 
2019-03-06T17:33:07,248730672+01:00
57.014279333
9.987501
0.6732
-11.1
0.0
 
2019-03-06T17:33:08,249092285+01:00
57.0142795
9.9875055
0.8856
-11.6
0.0
 
2019-03-06T17:33:09,248094060+01:00
57.014290833
9.987498
0.3528
-12.3
0.0
 
2019-03-06T17:33:10,248815233+01:00
57.014294
9.9874955
0.432
-12.5
0.0
 
2019-03-06T17:33:11,247389340+01:00
57.014297333
9.987481167
1.4076
-12.3
0.0
 
2019-03-06T17:33:12,250117110+01:00
57.014315167
9.987465333
2.1888
-12.4
0.0
 
2019-03-06T17:33:13,255037647+01:00
57.014303167
9.987457
2.2896
-12.5
0.0
 
2019-03-06T17:33:14,253132146+01:00
57.014325
9.987450833
1.8936
-12.6
0.0
 
2019-03-06T17:33:15,247133676+01:00
57.0143315
9.987448833
1.3752
-12.5
0.0
 
2019-03-06T17:33:16,257003930+01:00
57.014342
9.987437667
1.926
-12.5
0.0
 
2019-03-06T17:33:17,251052711+01:00
57.0143415
9.9874415
1.3536
-12.9
0.0
 
2019-03-06T17:33:18,250561415+01:00
57.0143555
9.987444167
2.268
-13.0
0.0
 
2019-03-06T17:33:19,253802542+01:00
57.0143585
9.9874445
2.3004
-13.2
0.0
 
2019-03-06T17:33:20,256605435+01:00
57.014364833
9.9874455
2.2896
-13.2
0.0
 
2019-03-06T17:33:21,252076349+01:00
57.014354667
9.987458833
1.7136
-13.7
0.0
 
2019-03-06T17:33:22,252224926+01:00
57.014343
9.9874665
1.1772
-13.9
0.0
 
2019-03-06T17:33:23,255369762+01:00
57.014339333
9.987461333
0.4392
-13.8
0.0
 
2019-03-06T17:33:24,256555039+01:00
57.014342333
9.987460167
0.5184
-14.2
0.0
 
2019-03-06T17:33:25,256683759+01:00
57.014337
9.987471167
0.9108
-14.2
0.0
 
2019-03-06T17:33:26,252452040+01:00
57.014331833
9.987474167
0.7812
-14.3
0.0
 
2019-03-06T17:33:27,250425904+01:00
57.014327833
9.987486333
1.386
-14.2
0.0
 
2019-03-06T17:33:28,268578764+01:00
57.014348
9.987474167
0.6552
-14.5
0.0
 
2019-03-06T17:33:29,267796207+01:00
57.014354
9.987474667
0.9432
-14.5
0.0
 
2019-03-06T17:33:30,256391783+01:00
57.0143585
9.987472333
0.9576
-14.5
0.0
 
2019-03-06T17:33:31,257520381+01:00
57.014371667
9.987471
1.6272
-14.2
0.0
 
2019-03-06T17:33:32,256633716+01:00
57.014366833
9.987470333
1.1448
-13.8
0.0
 
2019-03-06T17:33:33,258018480+01:00
57.014370333
9.9874675
1.1808
-13.5
0.0
 
2019-03-06T17:33:34,261986954+01:00
57.014360333
9.987475667
0.7056
-13.7
0.0
 
2019-03-06T17:33:35,262657800+01:00
57.014364833
9.987475333
0.8316
-13.3
0.0
 
2019-03-06T17:33:36,260674890+01:00
57.014361333
9.987480833
0.972
-13.0
0.0
 
2019-03-06T17:33:37,253969644+01:00
57.0143535
9.987481167
0.3924
-12.9
0.0
 
2019-03-06T17:33:38,254518479+01:00
57.014357667
9.987493333
1.26
-12.7
0.0
 
2019-03-06T17:33:39,255247080+01:00
57.014356
9.987498
1.1304
-12.6
0.0
 
2019-03-06T17:33:40,262018744+01:00
57.0143545
9.987518
2.3004
-12.5
0.0
 
2019-03-06T17:33:41,255658003+01:00
57.014351
9.987506833
0.9108
-11.7
0.0
 
2019-03-06T17:33:42,269336616+01:00
57.014356
9.987507
0.9612
-11.4
0.0
 
2019-03-06T17:33:43,256862767+01:00
57.014349333
9.987505833
0.5004
-10.8
0.0
 
2019-03-06T17:33:44,265059726+01:00
57.014348167
9.987510333
0.6228
-10.7
0.0
 
2019-03-06T17:33:45,263691915+01:00
57.014347667
9.987527833
1.836
-10.2
0.0
 
2019-03-06T17:33:46,262452018+01:00
57.014354667
9.987522
1.548
-9.9
0.0
 
2019-03-06T17:33:47,264011060+01:00
57.0143565
9.987513833
1.3644
-9.7
0.0
 
2019-03-06T17:33:48,264541051+01:00
57.014341333
9.987510667
0.5076
-9.5
0.0
 
2019-03-06T17:33:49,268545611+01:00
57.014337667
9.987505167
0.4824
-9.5
0.0
 
2019-03-06T17:33:50,265260405+01:00
57.014319833
9.987508167
0.1476
-8.9
0.0
 
2019-03-06T17:33:51,266423000+01:00
57.014291333
9.987509167
1.3068
-8.3
0.0
 
2019-03-06T17:33:52,261490469+01:00
57.014223
9.9875165
4.6332
-7.3
0.0
 
2019-03-06T17:33:53,263600265+01:00
57.014180667
9.987507167
5.6916
-5.7
185.47
 
2019-03-06T17:33:54,265036919+01:00
57.014150333
9.987487167
6.1416
-3.9
188.02
 
2019-03-06T17:33:55,262261881+01:00
57.014105167
9.987468
7.3548
-2.3
191.96
 
2019-03-06T17:33:56,264318761+01:00
57.0140475
9.987479833
8.532
-0.9
186.55
 
2019-03-06T17:33:57,265766544+01:00
57.014009667
9.987469667
8.9352
0.4
185.47
 
2019-03-06T17:33:58,264480771+01:00
57.0139645
9.987469
9.5292
1.9
183.0
 
2019-03-06T17:33:59,262301626+01:00
57.013926
9.987462667
9.5004
3.7
182.09
 
2019-03-06T17:34:00,264507839+01:00
57.013895667
9.987448833
9.2628
5.6
182.86
 
2019-03-06T17:34:01,263864886+01:00
57.013862833
9.987425333
9.45
7.3
186.02
 
2019-03-06T17:34:02,270921198+01:00
57.013819
9.987398167
10.0152
9.0
190.15
 
2019-03-06T17:34:03,266478853+01:00
57.013772167
9.987371833
10.746
10.7
193.37
 
2019-03-06T17:34:04,267406228+01:00
57.013744667
9.987342833
10.404
12.3
196.53
 
2019-03-06T17:34:05,267398830+01:00
57.013725167
9.987307833
9.9792
13.9
201.11
 
2019-03-06T17:34:06,268942380+01:00
57.013703667
9.9872875
9.414
15.2
203.46
 
2019-03-06T17:34:07,266661804+01:00
57.013665333
9.987275
9.4572
16.9
201.88
 
2019-03-06T17:34:08,268904891+01:00
57.0136345
9.987256833
9.3708
18.5
200.72
 
2019-03-06T17:34:09,275184892+01:00
57.013603167
9.987252167
9.1836
20.1
196.86
 
2019-03-06T17:34:10,269615467+01:00
57.013571167
9.9872445
8.8164
21.9
194.61
 
2019-03-06T17:34:11,268274152+01:00
57.0135575
9.987237833
7.7688
23.6
193.65
 
2019-03-06T17:34:12,274816796+01:00
57.0135325
9.9872415
7.2828
25.4
190.37
 
2019-03-06T17:34:13,269062264+01:00
57.0135485
9.987241667
5.49
26.5
190.09
 
2019-03-06T17:34:14,267251006+01:00
57.013583333
9.9872315
3.438
27.6
0.0
 
2019-03-06T17:34:15,262453453+01:00
57.01361
9.987245
1.584
28.7
0.0
 
2019-03-06T17:34:16,269974882+01:00
57.0136845
9.987280167
1.098
13.2
0.0
 
2019-03-06T17:34:17,270776993+01:00
57.01367
9.987278667
1.5228
13.1
0.0
 
2019-03-06T17:34:18,269779770+01:00
57.013780167
9.987335
3.4956
13.6
0.0
 
2019-03-06T17:34:19,278469979+01:00
57.0137855
9.987343833
3.5856
13.9
0.0
 
2019-03-06T17:34:20,279154092+01:00
57.013794333
9.987338667
3.4056
14.0
0.0
 
2019-03-06T17:34:21,271744032+01:00
57.013801667
9.987336833
3.366
14.2
0.0
 
2019-03-06T17:34:22,280599441+01:00
57.013887333
9.987370833
5.7024
14.7
97.85
 
2019-03-06T17:34:23,269634138+01:00
57.0139625
9.987403333
7.9128
15.5
41.06
 
2019-03-06T17:34:24,275484047+01:00
57.014004667
9.987444333
8.7228
16.3
29.91
 
2019-03-06T17:34:25,274961843+01:00
57.014024833
9.987458667
8.316
17.1
25.11
 
2019-03-06T17:34:26,273452789+01:00
57.014034833
9.987461833
7.398
17.9
20.34
 
2019-03-06T17:34:27,278685210+01:00
57.014061167
9.9874825
7.6464
18.8
18.6
 
2019-03-06T17:34:28,295234495+01:00
57.0140475
9.987485
5.6808
19.6
19.09
 
2019-03-06T17:34:29,275451174+01:00
57.014058
9.987491167
5.1696
20.5
0.0
 
2019-03-06T17:34:30,277771972+01:00
57.014066167
9.987498667
4.752
21.3
0.0
 
2019-03-06T17:34:31,281528995+01:00
57.014074667
9.987515833
4.77
22.1
0.0
 
2019-03-06T17:34:32,283649919+01:00
57.014072667
9.987524167
3.924
22.8
0.0
 
2019-03-06T17:34:33,279412936+01:00
57.014075667
9.987528333
3.5352
23.6
0.0
 
2019-03-06T17:34:34,279988329+01:00
57.014088833
9.987542833
3.8412
24.3
0.0
 
2019-03-06T17:34:35,277417415+01:00
57.014098667
9.987539833
3.4884
25.0
0.0
 
2019-03-06T17:34:36,280666458+01:00
57.014097
9.987532667
2.7324
25.7
0.0
 
2019-03-06T17:34:37,274046413+01:00
57.014116333
9.987540833
3.3624
26.4
0.0
 
2019-03-06T17:34:38,288785236+01:00
57.014130667
9.987543333
3.5064
27.0
0.0
 
2019-03-06T17:34:39,280148403+01:00
57.014164167
9.987552
4.6332
27.6
0.0
 
2019-03-06T17:34:40,276749900+01:00
57.014156167
9.987546
3.78
27.9
0.0
 
2019-03-06T17:34:41,281881040+01:00
57.014152333
9.987545
3.5136
28.3
0.0
 
2019-03-06T17:34:42,281302019+01:00
57.014146833
9.987538333
2.8044
28.6
0.0
 
2019-03-06T17:34:43,279095941+01:00
57.014166167
9.987532833
3.7908
29.0
0.0
 
2019-03-06T17:34:44,276485277+01:00
57.014167
9.987523833
3.5028
29.2
0.0
 
2019-03-06T17:34:45,287235550+01:00
57.0141715
9.987519833
3.4776
29.4
0.0
 
2019-03-06T17:34:46,282850109+01:00
57.014169333
9.987516333
3.0564
29.7
0.0
 
2019-03-06T17:34:47,279057599+01:00
57.014166667
9.987523333
2.7
29.9
0.0
 
2019-03-06T17:34:48,279278084+01:00
57.014170167
9.987527167
2.7648
30.1
0.0
 
2019-03-06T17:34:49,278410900+01:00
57.0141715
9.987526333
2.5092
30.3
0.0
 
2019-03-06T17:34:50,283216666+01:00
57.0141605
9.987504167
2.3112
30.1
0.0
 
2019-03-06T17:34:51,282079938+01:00
57.0141475
9.987491
2.4984
29.8
0.0
 
2019-03-06T17:34:52,287623341+01:00
57.014119
9.987468167
1.2276
29.5
0.0
 
2019-03-06T17:34:53,278055663+01:00
57.0141175
9.987444667
1.6596
29.4
0.0
 
2019-03-06T17:34:54,287205099+01:00
57.014117333
9.9874375
2.0376
29.4
0.0
 
2019-03-06T17:34:55,283202612+01:00
57.014105167
9.987415667
1.5732
29.4
0.0
 
2019-03-06T17:34:56,283507635+01:00
57.014111333
9.987406833
2.1816
29.3
0.0
 
2019-03-06T17:34:57,286438506+01:00
57.014096167
9.987397167
1.1952
29.3
0.0
 
2019-03-06T17:34:58,289362000+01:00
57.014087
9.987375167
1.1268
29.1
0.0
 
2019-03-06T17:34:59,300927033+01:00
57.014083167
9.987370833
0.576
29.0
0.0
 
2019-03-06T17:35:00,299447963+01:00
57.014076167
9.987372833
0.486
29.0
0.0
 
2019-03-06T17:35:01,294865075+01:00
57.0140555
9.987343667
1.1304
28.9
0.0
 
2019-03-06T17:35:02,287793656+01:00
57.014038333
9.987326833
1.9728
28.8
0.0
 
2019-03-06T17:35:03,280140222+01:00
57.014036333
9.987310833
2.304
28.5
0.0
 
2019-03-06T17:35:04,293119122+01:00
57.014016667
9.987310333
1.7928
28.1
0.0
 
2019-03-06T17:35:05,287116265+01:00
57.014013167
9.987295
1.4148
27.9
0.0
 
2019-03-06T17:35:06,286415119+01:00
57.0140065
9.987270167
1.8072
27.8
0.0
 
2019-03-06T17:35:07,285834685+01:00
57.013998333
9.9872645
1.6776
27.7
0.0
 
2019-03-06T17:35:08,292686136+01:00
57.014011333
9.987242
2.3688
27.7
0.0
 
2019-03-06T17:35:09,290592867+01:00
57.014022833
9.987241167
1.6056
27.7
0.0
 
2019-03-06T17:35:10,290989405+01:00
57.014018667
9.987227667
1.6452
27.7
0.0
 
2019-03-06T17:35:11,288024709+01:00
57.014037167
9.987209167
2.5704
27.8
0.0
 
2019-03-06T17:35:12,293934760+01:00
57.014021833
9.9872055
1.6056
27.8
0.0
 
2019-03-06T17:35:13,286484526+01:00
57.014015333
9.987192
1.9188
27.9
0.0
 
2019-03-06T17:35:14,291978801+01:00
57.014017833
9.987184667
1.9116
27.9
0.0
 
2019-03-06T17:35:15,290349048+01:00
57.014003833
9.987180167
1.9692
28.0
0.0
 
2019-03-06T17:35:16,289743557+01:00
57.013988667
9.987185167
1.9836
29.9
0.0
 
2019-03-06T17:35:17,296694387+01:00
57.013995167
9.987178
0.9432
31.6
0.0
 
2019-03-06T17:35:18,294514730+01:00
57.013980333
9.987185667
1.3644
32.7
0.0
 
2019-03-06T17:35:19,288969099+01:00
57.0139675
9.98719
2.0124
32.4
0.0
 
2019-03-06T17:35:20,291896944+01:00
57.013969333
9.987191333
1.6596
32.0
0.0
 
2019-03-06T17:35:21,303081549+01:00
57.013975833
9.9871935
0.954
31.6
0.0
 
2019-03-06T17:35:22,292727744+01:00
57.013989333
9.987193167
0.36
31.4
0.0
 
2019-03-06T17:35:23,293331270+01:00
57.0139815
9.987182833
0.8028
31.4
0.0
 
2019-03-06T17:35:24,297153975+01:00
57.013991667
9.987157833
2.268
31.6
0.0
 
2019-03-06T17:35:25,298161373+01:00
57.013973
9.987154667
2.4912
31.5
0.0
 
2019-03-06T17:35:26,297440947+01:00
57.013966167
9.987162333
1.5156
31.4
0.0
 
2019-03-06T17:35:27,295547189+01:00
57.013977667
9.987160833
0.5832
31.4
0.0
 
2019-03-06T17:35:28,311576979+01:00
57.0139785
9.987158167
0.972
31.5
0.0
 
2019-03-06T17:35:29,301156254+01:00
57.013973833
9.987159
1.2996
31.5
0.0
 
2019-03-06T17:35:30,299407865+01:00
57.013966333
9.987156333
1.6488
31.3
0.0
 
2019-03-06T17:35:31,303930520+01:00
57.013966833
9.987139833
2.2608
31.3
0.0
 
2019-03-06T17:35:32,300907994+01:00
57.013973667
9.987133167
2.1096
31.2
0.0
 
2019-03-06T17:35:33,298944852+01:00
57.013977
9.987123167
2.2716
31.0
0.0
 
2019-03-06T17:35:34,304783457+01:00
57.0139695
9.9871215
2.5704
30.5
0.0
 
2019-03-06T17:35:35,294265552+01:00
57.013965833
9.987133833
1.8432
30.1
0.0
 
2019-03-06T17:35:36,304900665+01:00
57.0139625
9.9871385
1.7028
29.8
0.0
 
2019-03-06T17:35:37,319471149+01:00
57.013945833
9.987146667
2.2104
29.6
0.0
 
2019-03-06T17:35:38,302073791+01:00
57.013945
9.987153333
1.5192
29.4
0.0
 
2019-03-06T17:35:39,297726187+01:00
57.013953667
9.987159
0.396
29.5
0.0
 
2019-03-06T17:35:40,299699504+01:00
57.013954333
9.987166667
0.2772
29.4
0.0
 
2019-03-06T17:35:41,294504955+01:00
57.013954167
9.987171
0.2628
29.5
0.0
 
2019-03-06T17:35:42,296868379+01:00
57.013956833
9.9871925
1.116
29.5
0.0
 
2019-03-06T17:35:43,298973136+01:00
57.013950167
9.987195167
0.702
29.6
0.0
 
2019-03-06T17:35:44,303602849+01:00
57.013959333
9.987207333
1.1376
29.6
0.0
 
2019-03-06T17:35:45,315383635+01:00
57.013952167
9.987222667
1.2276
29.5
0.0
 
2019-03-06T17:35:46,303039337+01:00
57.0139555
9.987215833
0.918
29.6
0.0
 
2019-03-06T17:35:47,310665761+01:00
57.013956167
9.9872065
0.5652
29.6
0.0
 
2019-03-06T17:35:48,305508586+01:00
57.013952167
9.987200333
0.108
29.5
0.0
 
2019-03-06T17:35:49,307851753+01:00
57.013952333
9.987193333
0.2232
29.3
0.0
 
2019-03-06T17:35:50,308481587+01:00
57.013952667
9.9872075
0.63
29.4
0.0
 
2019-03-06T17:35:51,301274789+01:00
57.013950333
9.987199833
0.306
29.4
0.0
 
2019-03-06T17:35:52,309524401+01:00
57.013951333
9.987203167
0.3996
29.5
0.0
 
2019-03-06T17:35:53,301243102+01:00
57.013958
9.987215
0.9288
29.7
0.0
 
2019-03-06T17:35:54,305522920+01:00
57.013960333
9.987220167
0.8892
29.9
0.0
 
2019-03-06T17:35:55,307252163+01:00
57.013961
9.98722
0.5292
30.2
0.0
 
2019-03-06T17:35:56,313312711+01:00
57.013961167
9.9872315
0.8352
30.3
0.0
 
2019-03-06T17:35:57,305052517+01:00
57.013952
9.987232667
0.5832
30.1
0.0
 
2019-03-06T17:35:58,308850602+01:00
57.013951
9.987240833
0.6948
30.0
0.0
 
2019-03-06T17:35:59,313063938+01:00
57.013961333
9.987235333
0.4608
30.0
0.0
 
2019-03-06T17:36:00,309303062+01:00
57.0139665
9.987247167
1.1736
30.2
0.0
 
2019-03-06T17:36:01,309935797+01:00
57.013969
9.987253667
1.2456
30.6
0.0
 
2019-03-06T17:36:02,317998528+01:00
57.0139615
9.987247333
0.1908
30.7
0.0
 
2019-03-06T17:36:03,309214163+01:00
57.013961
9.987256333
0.54
30.6
0.0
 
2019-03-06T17:36:04,311902935+01:00
57.013969333
9.987265833
1.368
30.5
0.0
 
2019-03-06T17:36:05,309211197+01:00
57.013974833
9.987277667
2.0124
30.7
0.0
 
2019-03-06T17:36:06,313741692+01:00
57.0139675
9.987281
1.17
30.7
0.0
 
2019-03-06T17:36:07,310993049+01:00
57.013965667
9.9872945
1.368
30.5
0.0
 
2019-03-06T17:36:08,314129957+01:00
57.0139755
9.987294333
1.6956
30.8
0.0
 
2019-03-06T17:36:09,320285558+01:00
57.013975
9.987301667
1.6164
30.9
0.0
 
2019-03-06T17:36:10,312482592+01:00
57.013974833
9.987305167
1.1448
30.8
0.0
 
2019-03-06T17:36:11,311919451+01:00
57.013972333
9.987301167
0.5112
30.8
0.0
 
2019-03-06T17:36:12,315966961+01:00
57.013977
9.987309
1.1052
30.7
0.0
 
2019-03-06T17:36:13,311039818+01:00
57.0139825
9.987323333
1.9188
30.6
0.0
 
2019-03-06T17:36:14,319170932+01:00
57.013978833
9.987321333
1.2096
30.6
0.0
 
2019-03-06T17:36:15,310666527+01:00
57.013972667
9.987316
0.486
30.6
0.0
 
2019-03-06T17:36:16,315122562+01:00
57.013969333
9.987315167
0.5508
30.6
0.0
 
2019-03-06T17:36:17,317205263+01:00
57.013954833
9.987306833
1.4436
30.6
0.0
 
2019-03-06T17:36:18,318720528+01:00
57.013950333
9.987297833
1.4904
30.7
0.0
 
2019-03-06T17:36:19,316865582+01:00
57.013944333
9.987279
1.9368
30.8
0.0
 
2019-03-06T17:36:20,318918036+01:00
57.013941667
9.9872805
1.5732
30.9
0.0
 
2019-03-06T17:36:21,311398905+01:00
57.013949833
9.987275667
0.7596
31.0
0.0
 
2019-03-06T17:36:22,311676657+01:00
57.013950167
9.987267
1.0116
31.2
0.0
 
2019-03-06T17:36:23,308137224+01:00
57.013953
9.987253
1.6236
31.3
0.0
 
2019-03-06T17:36:24,317317307+01:00
57.013965
9.987267333
0.5076
31.3
0.0
 
2019-03-06T17:36:25,324457858+01:00
57.0139765
9.987269333
0.3276
31.4
0.0
 
2019-03-06T17:36:26,318417352+01:00
57.013989333
9.987281667
0.6264
31.4
0.0
 
2019-03-06T17:36:27,326321109+01:00
57.014
9.987278667
0.9252
31.5
0.0
 
2019-03-06T17:36:28,341485261+01:00
57.0139945
9.987273833
0.2628
31.6
0.0
 
2019-03-06T17:36:29,320187430+01:00
57.0139925
9.987268667
0.6984
31.6
0.0
 
2019-03-06T17:36:30,329840957+01:00
57.0139845
9.98727
1.3212
31.6
0.0
 
2019-03-06T17:36:31,319864542+01:00
57.013988333
9.987292167
1.62
31.6
0.0
 
2019-03-06T17:36:32,323491224+01:00
57.013998667
9.9873
1.2636
31.6
0.0
 
2019-03-06T17:36:33,310380394+01:00
57.014009
9.987313667
1.458
31.5
0.0
 
2019-03-06T17:36:34,316752161+01:00
57.014022333
9.987321667
1.4904
31.6
0.0
 
2019-03-06T17:36:35,315918125+01:00
57.014045
9.987327
2.0484
31.6
0.0
 
2019-03-06T17:36:36,322236901+01:00
57.014058167
9.987321833
1.9872
31.6
0.0
 
2019-03-06T17:36:37,320887746+01:00
57.014059167
9.987333333
1.7424
31.6
0.0
 
2019-03-06T17:36:38,320196053+01:00
57.0140695
9.987333667
1.8396
31.6
0.0
 
2019-03-06T17:36:39,319052648+01:00
57.0140875
9.987322167
2.502
31.7
0.0
 
2019-03-06T17:36:40,327699556+01:00
57.014087
9.987326667
2.142
31.8
0.0
 
2019-03-06T17:36:41,316887650+01:00
57.014097167
9.987317333
2.4264
31.8
0.0
 
2019-03-06T17:36:42,321167493+01:00
57.014115333
9.987322
3.1716
31.8
0.0
 
2019-03-06T17:36:43,318617886+01:00
57.014113833
9.987324
2.7756
31.8
0.0
 
2019-03-06T17:36:44,319929590+01:00
57.014097833
9.987317833
1.7136
31.8
0.0
 
2019-03-06T17:36:45,330735317+01:00
57.014088333
9.987309
1.1196
31.7
0.0
 
2019-03-06T17:36:46,331161789+01:00
57.014099833
9.987309
1.4364
31.7
0.0
 
2019-03-06T17:36:47,325280907+01:00
57.0141
9.987315333
1.6668
31.7
0.0
 
2019-03-06T17:36:48,338965846+01:00
57.014101167
9.987303167
1.0296
31.6
0.0
 
2019-03-06T17:36:49,329332911+01:00
57.014107833
9.987293833
1.1664
31.7
0.0
 
2019-03-06T17:36:50,325569885+01:00
57.014127
9.987295833
2.0412
31.8
0.0
 
2019-03-06T17:36:51,325139971+01:00
57.014140333
9.987301667
2.3544
31.9
0.0
 
2019-03-06T17:36:52,326742101+01:00
57.0141445
9.987310333
2.0916
31.8
0.0
 
2019-03-06T17:36:53,324939821+01:00
57.014150833
9.9873085
1.9548
31.9
0.0
 
2019-03-06T17:36:54,331545734+01:00
57.0141575
9.987303333
1.9764
32.0
0.0
 
2019-03-06T17:36:55,327244044+01:00
57.014167333
9.987311
2.2356
32.1
0.0
 
2019-03-06T17:36:56,331066336+01:00
57.0141825
9.987328
2.898
32.1
0.0
 
2019-03-06T17:36:57,333898902+01:00
57.014194
9.987334833
3.1968
32.0
0.0
 
2019-03-06T17:36:58,326727327+01:00
57.014203
9.987338667
3.168
32.0
0.0
 
2019-03-06T17:36:59,323166975+01:00
57.014220167
9.987342
3.7764
32.0
0.0
 
2019-03-06T17:37:00,329523049+01:00
57.014248333
9.98736
5.0076
32.0
0.0
 
2019-03-06T17:37:01,326108416+01:00
57.014268
9.987382333
5.4828
32.1
0.0
 
2019-03-06T17:37:02,325299613+01:00
57.014297167
9.987385833
6.5412
32.3
21.24
 
2019-03-06T17:37:03,331328188+01:00
57.014322833
9.987418333
7.2864
32.5
25.57
 
2019-03-06T17:37:04,329201484+01:00
57.014345333
9.987432
7.5996
32.6
25.98
 
2019-03-06T17:37:05,327364856+01:00
57.0143575
9.987455667
7.0992
32.8
28.0
 
2019-03-06T17:37:06,332804127+01:00
57.014377667
9.9874775
7.3008
33.0
29.86
 
2019-03-06T17:37:07,340997573+01:00
57.014392
9.987495333
7.038
33.1
31.21
 
2019-03-06T17:37:08,338788856+01:00
57.014401
9.987500333
6.5484
32.5
30.84
 
2019-03-06T17:37:09,336987589+01:00
57.0144095
9.987515167
6.21
32.3
31.58
 
2019-03-06T17:37:10,330835924+01:00
57.01442
9.987524667
6.0624
32.3
31.34
 
2019-03-06T17:37:11,327402285+01:00
57.014434333
9.987539833
6.282
32.3
31.2
 
2019-03-06T17:37:12,333211444+01:00
57.014449667
9.987557667
6.5556
32.3
31.25
 
2019-03-06T17:37:13,343736661+01:00
57.014465167
9.987570667
6.7608
32.3
30.48
 
2019-03-06T17:37:14,334957947+01:00
57.014484167
9.987581833
7.0848
32.4
28.33
 
2019-03-06T17:37:15,335737714+01:00
57.014485
9.987574
6.2856
32.4
26.05
 
2019-03-06T17:37:16,335261800+01:00
57.014497167
9.987567167
6.2784
32.5
22.54
 
2019-03-06T17:37:17,337824846+01:00
57.014498833
9.987564
5.6844
32.5
0.0
 
2019-03-06T17:37:18,335407792+01:00
57.014526
9.987596667
6.3468
32.5
22.97
 
2019-03-06T17:37:19,338351341+01:00
57.014524167
9.987591
5.4432
32.7
0.0
 
2019-03-06T17:37:20,340289586+01:00
57.014544167
9.9876005
5.9004
32.8
0.0
 
2019-03-06T17:37:21,337475823+01:00
57.014539167
9.987611333
4.9536
33.0
0.0
 
2019-03-06T17:37:22,334844178+01:00
57.014549333
9.9876315
4.968
33.0
0.0
 
2019-03-06T17:37:23,336196232+01:00
57.0145395
9.987613
4.068
32.9
0.0
 
2019-03-06T17:37:24,339622416+01:00
57.014537333
9.987597667
3.726
33.6
0.0
 
2019-03-06T17:37:25,339370907+01:00
57.014539833
9.987582833
3.7332
34.0
0.0
 
2019-03-06T17:37:26,354905471+01:00
57.014610667
9.987654167
5.7096
33.7
20.4
 
2019-03-06T17:37:27,339459369+01:00
57.014678167
9.98771
7.5204
33.6
19.89
 
2019-03-06T17:37:28,362162537+01:00
57.014631
9.987668167
5.0544
33.6
0.0
 
2019-03-06T17:37:29,348499902+01:00
57.014606667
9.987649833
3.87
33.5
0.0
 
2019-03-06T17:37:30,342172521+01:00
57.014572833
9.987625833
2.268
33.5
0.0
 
2019-03-06T17:37:31,351369472+01:00
57.014557
9.9876035
1.656
33.7
0.0
 
2019-03-06T17:37:32,343002371+01:00
57.0145315
9.987586167
0.5904
33.7
0.0
 
2019-03-06T17:37:33,342067267+01:00
57.0145135
9.987582333
0.126
33.6
0.0
 
2019-03-06T17:37:34,346213082+01:00
57.014496167
9.987561667
2.1096
33.7
0.0
 
2019-03-06T17:37:35,341751518+01:00
57.014475833
9.987547333
3.51
33.6
0.0
 
2019-03-06T17:37:36,354498273+01:00
57.014442167
9.987528
5.4
33.4
318.08
 
2019-03-06T17:37:37,344935196+01:00
57.014427667
9.987523333
5.3316
33.4
258.22
 
2019-03-06T17:37:38,345636164+01:00
57.0144075
9.987514
5.5728
33.4
228.61
 
2019-03-06T17:37:39,341750451+01:00
57.0143945
9.987499833
5.3712
33.4
218.1
 
2019-03-06T17:37:40,346904185+01:00
57.014375167
9.987493333
5.3892
33.4
208.77
 
2019-03-06T17:37:41,343253905+01:00
57.014367833
9.987487667
4.6944
33.4
205.29
 
2019-03-06T17:37:42,344184306+01:00
57.014356167
9.987480833
4.3272
33.4
0.0
 
2019-03-06T17:37:43,348625261+01:00
57.014342333
9.987479667
4.3056
33.4
0.0
 
2019-03-06T17:37:44,352804086+01:00
57.014332667
9.987470167
4.14
33.5
0.0
 
