
2019-04-15T15:10:01,108448561+02:00
57.014053689
9.987240251
0.1404
32.216
144.7278
 
2019-04-15T15:10:02,109202374+02:00
57.014053853
9.987241023
0.09
32.072
204.9717
 
2019-04-15T15:10:03,110450724+02:00
57.014054023
9.987241556
0.09
31.869
62.8561
 
2019-04-15T15:10:04,113863597+02:00
57.014054348
9.987240907
0.1188
31.596
345.552
 
2019-04-15T15:10:05,110358066+02:00
57.014053542
9.987240317
0.0828
31.725
146.9625
 
2019-04-15T15:10:06,113735218+02:00
57.014053916
9.98724002
0.0432
31.448
197.3863
 
2019-04-15T15:10:07,111366854+02:00
57.014054324
9.987239275
0.0108
31.037
146.5754
 
2019-04-15T15:10:08,112549373+02:00
57.014054854
9.987238911
0.0288
30.617
167.8743
 
2019-04-15T15:10:09,117130485+02:00
57.014054655
9.987238653
0.0468
30.429
347.1095
 
2019-04-15T15:10:10,115142245+02:00
57.014055799
9.987239137
0.0216
30.001
313.8336
 
2019-04-15T15:10:11,119426193+02:00
57.014054279
9.987236879
0.1728
30.218
358.6012
 
2019-04-15T15:10:12,114931914+02:00
57.014055208
9.987236944
0.054
29.912
20.5292
 
2019-04-15T15:10:13,116875639+02:00
57.014055188
9.987234864
0.0612
29.532
280.8089
 
2019-04-15T15:10:14,111776527+02:00
57.014056205
9.987234652
0.0756
28.994
347.4058
 
2019-04-15T15:10:15,119259956+02:00
57.014057231
9.987234926
0.126
28.466
284.4717
 
2019-04-15T15:10:16,117740468+02:00
57.014057312
9.98723296
0.252
28.031
230.5943
 
