
2019-05-07T16:26:22,955256482+02:00
57.014021333
9.987034
0.162
nan
0.0
 
2019-05-07T16:26:23,157253748+02:00
57.014021833
9.987034
0.18
nan
0.0
 
2019-05-07T16:26:23,358203993+02:00
57.0140225
9.987033833
0.216
nan
0.0
 
2019-05-07T16:26:23,551684957+02:00
57.014022833
9.987033667
0.1548
nan
0.0
 
2019-05-07T16:26:23,759187671+02:00
57.014023333
9.987033333
0.054
nan
0.0
 
2019-05-07T16:26:23,952124498+02:00
57.014023833
9.9870335
0.1764
nan
0.0
 
2019-05-07T16:26:24,163027585+02:00
57.014024167
9.987033167
0.1044
nan
0.0
 
2019-05-07T16:26:24,360579413+02:00
57.014024833
9.987032667
0.1368
nan
0.0
 
2019-05-07T16:26:24,557670790+02:00
57.0140255
9.987032833
0.2916
nan
0.0
 
2019-05-07T16:26:24,755813967+02:00
57.014026
9.9870325
0.1188
nan
0.0
 
2019-05-07T16:26:24,952756345+02:00
57.014026667
9.987032333
0.1404
nan
0.0
 
2019-05-07T16:26:25,155622293+02:00
57.014027167
9.987031833
0.144
nan
0.0
 
2019-05-07T16:26:25,358164466+02:00
57.014027667
9.987031667
0.1224
nan
0.0
 
2019-05-07T16:26:25,556258231+02:00
57.014028
9.987030833
0.144
nan
0.0
 
2019-05-07T16:26:25,760503315+02:00
57.014028167
9.9870305
0.0792
nan
0.0
 
2019-05-07T16:26:26,157103370+02:00
57.014028667
9.987029667
0.0612
nan
0.0
 
2019-05-07T16:26:26,350509105+02:00
57.014029
9.987029167
0.0432
nan
0.0
 
2019-05-07T16:26:26,556027581+02:00
57.014029667
9.987029
0.162
nan
0.0
 
2019-05-07T16:26:26,760026245+02:00
57.014030333
9.987028833
0.1692
nan
0.0
 
2019-05-07T16:26:26,960377300+02:00
57.0140305
9.9870285
0.0504
nan
0.0
 
2019-05-07T16:26:27,155921447+02:00
57.014030333
9.987028333
0.1512
nan
0.0
 
2019-05-07T16:26:27,356851544+02:00
57.014030333
9.987028
0.1404
nan
0.0
 
2019-05-07T16:26:27,554184380+02:00
57.0140305
9.987027833
0.108
nan
0.0
 
2019-05-07T16:26:27,757570225+02:00
57.0140305
9.9870275
0.09
nan
0.0
 
2019-05-07T16:26:28,404346384+02:00
57.014030833
9.987027
0.1296
nan
0.0
 
2019-05-07T16:26:28,781584138+02:00
57.014031833
9.987027
0.1116
nan
0.0
 
2019-05-07T16:26:29,174179571+02:00
57.014032333
9.987025833
0.0468
nan
0.0
 
2019-05-07T16:26:29,556949309+02:00
57.014032667
9.987024833
0.0396
nan
0.0
 
2019-05-07T16:26:29,960265611+02:00
57.014033167
9.987024167
0.0864
nan
0.0
 
2019-05-07T16:26:30,357187510+02:00
57.014033667
9.987023667
0.3204
nan
0.0
 
2019-05-07T16:26:30,775690702+02:00
57.014034333
9.987023333
0.2376
nan
0.0
 
2019-05-07T16:26:31,384246001+02:00
57.014034333
9.987022333
0.09
nan
0.0
 
2019-05-07T16:26:31,759228683+02:00
57.0140345
9.9870215
0.1548
nan
0.0
 
2019-05-07T16:26:31,958695331+02:00
57.0140345
9.9870215
0.1692
nan
0.0
 
2019-05-07T16:26:32,181706034+02:00
57.014034333
9.987021167
0.2052
nan
0.0
 
2019-05-07T16:26:32,579876807+02:00
57.014034
9.9870205
0.0972
nan
0.0
 
2019-05-07T16:26:32,965271060+02:00
57.014034
9.987020333
0.2952
nan
0.0
 
2019-05-07T16:26:33,560090531+02:00
57.0140345
9.987019167
0.2268
nan
0.0
 
2019-05-07T16:26:33,987261742+02:00
57.0140355
9.987019
0.1872
nan
0.0
 
2019-05-07T16:26:34,355919102+02:00
57.014035333
9.987018667
0.09
nan
0.0
 
2019-05-07T16:26:34,760284254+02:00
57.014036
9.987019833
0.1152
nan
0.0
 
2019-05-07T16:26:35,002971403+02:00
57.014036167
9.987020667
0.0684
nan
0.0
 
2019-05-07T16:26:35,383529011+02:00
57.014036667
9.987020833
0.3852
nan
0.0
 
2019-05-07T16:26:35,768574255+02:00
57.014037333
9.987021167
0.1908
nan
0.0
 
2019-05-07T16:26:36,167344224+02:00
57.014038
9.987023167
0.5652
nan
0.0
 
2019-05-07T16:26:36,561140225+02:00
57.014038167
9.987023667
0.4896
nan
0.0
 
2019-05-07T16:26:36,966607050+02:00
57.014038
9.987023333
0.1512
nan
0.0
 
2019-05-07T16:26:37,196030413+02:00
57.0140375
9.987023
0.1368
nan
0.0
 
2019-05-07T16:26:37,574011836+02:00
57.014036833
9.987022333
0.216
nan
0.0
 
2019-05-07T16:26:37,764994666+02:00
57.014036667
9.987021833
0.1404
nan
0.0
 
2019-05-07T16:26:38,163431776+02:00
57.0140365
9.987020833
0.1728
nan
0.0
 
2019-05-07T16:26:38,762181478+02:00
57.0140365
9.987019667
0.2196
nan
0.0
 
2019-05-07T16:26:38,968509658+02:00
57.0140365
9.9870195
0.1764
nan
0.0
 
2019-05-07T16:26:39,361303837+02:00
57.0140365
9.987018333
0.18
nan
0.0
 
2019-05-07T16:26:39,758766181+02:00
57.014036833
9.987018167
0.2016
nan
0.0
 
2019-05-07T16:26:40,168360390+02:00
57.014037
9.987017833
0.054
nan
0.0
 
2019-05-07T16:26:40,569716706+02:00
57.014037333
9.987017167
0.0612
nan
0.0
 
2019-05-07T16:26:40,963051196+02:00
57.014037333
9.9870165
0.0396
nan
0.0
 
2019-05-07T16:26:41,199690278+02:00
57.014037333
9.987016167
0.3096
nan
0.0
 
2019-05-07T16:26:41,566880764+02:00
57.014038167
9.987015833
0.1728
nan
0.0
 
2019-05-07T16:26:41,774652604+02:00
57.0140385
9.987016167
0.1296
nan
0.0
 
2019-05-07T16:26:42,171357585+02:00
57.0140385
9.987016333
0.108
nan
0.0
 
2019-05-07T16:26:42,358998251+02:00
57.014038667
9.987016333
0.2268
nan
0.0
 
2019-05-07T16:26:42,778028618+02:00
57.014038167
9.987016
0.1692
nan
0.0
 
2019-05-07T16:26:43,168213805+02:00
57.014037667
9.987015667
0.1224
nan
0.0
 
2019-05-07T16:26:43,361174602+02:00
57.014037833
9.987015
0.2232
nan
0.0
 
2019-05-07T16:26:43,958176096+02:00
57.014038333
9.987014333
0.09
nan
0.0
 
2019-05-07T16:26:44,164909435+02:00
57.014038667
9.987013833
0.1836
nan
0.0
 
2019-05-07T16:26:44,567135095+02:00
57.014038833
9.987013
0.1404
nan
0.0
 
2019-05-07T16:26:44,785693749+02:00
57.014038833
9.987013167
0.0756
nan
0.0
 
2019-05-07T16:26:45,157348364+02:00
57.0140385
9.987013667
0.1692
nan
0.0
 
2019-05-07T16:26:45,382704402+02:00
57.014038667
9.987013833
0.0972
nan
0.0
 
2019-05-07T16:26:45,756914886+02:00
57.0140385
9.987013667
0.054
nan
0.0
 
2019-05-07T16:26:46,165562310+02:00
57.0140385
9.987013
0.09
nan
0.0
 
2019-05-07T16:26:46,565699375+02:00
57.014038333
9.987012167
0.2484
nan
0.0
 
2019-05-07T16:26:46,968264880+02:00
57.0140385
9.987011833
0.1116
nan
0.0
 
2019-05-07T16:26:47,180433669+02:00
57.014038
9.987011833
0.3564
nan
0.0
 
2019-05-07T16:26:47,557134123+02:00
57.014038333
9.987012
0.0468
nan
0.0
 
2019-05-07T16:26:47,799008026+02:00
57.014038333
9.987012667
0.3312
nan
0.0
 
2019-05-07T16:26:48,170708131+02:00
57.014038333
9.987013167
0.1476
nan
0.0
 
2019-05-07T16:26:48,569243242+02:00
57.014039
9.987013833
0.0828
nan
0.0
 
2019-05-07T16:26:48,965284465+02:00
57.014039833
9.987016
0.0684
nan
0.0
 
2019-05-07T16:26:49,371454401+02:00
57.0140405
9.987017333
0.1692
nan
0.0
 
2019-05-07T16:26:49,762173729+02:00
57.014040667
9.987018
0.1404
nan
0.0
 
2019-05-07T16:26:49,976555756+02:00
57.014040667
9.987018167
0.0612
nan
0.0
 
2019-05-07T16:26:50,355474239+02:00
57.0140415
9.9870195
0.0612
nan
0.0
 
2019-05-07T16:26:50,760899352+02:00
57.014042167
9.987020167
0.0864
nan
0.0
 
2019-05-07T16:26:50,990219388+02:00
57.014042167
9.987020167
0.1584
nan
0.0
 
2019-05-07T16:26:51,371230230+02:00
57.014042
9.98702
0.1368
nan
0.0
 
2019-05-07T16:26:51,765997757+02:00
57.014041667
9.987019667
0.18
nan
0.0
 
2019-05-07T16:26:52,166123990+02:00
57.0140415
9.987019667
0.1188
nan
0.0
 
2019-05-07T16:26:52,389864849+02:00
57.0140415
9.9870195
0.09
nan
0.0
 
2019-05-07T16:26:52,773647251+02:00
57.014042167
9.9870205
0.1944
nan
0.0
 
2019-05-07T16:26:53,174272230+02:00
57.0140425
9.9870215
0.1116
nan
0.0
 
2019-05-07T16:26:53,357860243+02:00
57.014042667
9.987022
0.1944
nan
0.0
 
2019-05-07T16:26:53,594705637+02:00
57.014043167
9.9870225
0.2052
nan
0.0
 
2019-05-07T16:26:53,953401144+02:00
57.014043333
9.987023
0.0612
nan
0.0
 
2019-05-07T16:26:54,192293369+02:00
57.0140435
9.987023167
0.0756
nan
0.0
 
2019-05-07T16:26:54,576544229+02:00
57.014043667
9.987023333
0.0792
nan
0.0
 
2019-05-07T16:26:54,766963989+02:00
57.0140435
9.987023667
0.162
nan
0.0
 
2019-05-07T16:26:55,165447950+02:00
57.014043833
9.987023667
0.1476
nan
0.0
 
2019-05-07T16:26:55,561462097+02:00
57.014044167
9.987023667
0.1548
nan
0.0
 
2019-05-07T16:26:55,959862020+02:00
57.0140445
9.987023833
0.2412
nan
0.0
 
2019-05-07T16:26:56,355885160+02:00
57.014045
9.9870245
0.288
nan
0.0
 
