
2019-03-06T17:20:10,090954580+01:00
57.01393965
9.987304437
1.6524
21.968
202.0559
 
2019-03-06T17:20:11,092426652+01:00
57.013931866
9.987299662
2.1672
21.433
199.7134
 
2019-03-06T17:20:12,097611921+01:00
57.013931016
9.987301387
1.9944
21.042
193.2945
 
2019-03-06T17:20:13,099882313+01:00
57.013937372
9.987308238
1.134
20.439
189.3934
 
2019-03-06T17:20:14,097053287+01:00
57.01392927
9.987302463
1.7784
20.167
199.6393
 
2019-03-06T17:20:15,098150144+01:00
57.013939405
9.987311086
0.7488
20.042
192.7102
 
2019-03-06T17:20:16,097071324+01:00
57.013947492
9.987318766
0.234
19.529
165.552
 
2019-03-06T17:20:17,096071607+01:00
57.013945388
9.987315658
0.6552
19.443
202.6261
 
2019-03-06T17:20:18,100007769+01:00
57.013945627
9.987314236
0.6984
19.008
221.1796
 
2019-03-06T17:20:19,102678206+01:00
57.01395151
9.987315434
0.504
18.941
251.7314
 
2019-03-06T17:20:20,100037490+01:00
57.013959349
9.987318567
0.3384
19.042
332.3726
 
2019-03-06T17:20:21,097242656+01:00
57.013975682
9.987331145
1.4904
18.958
24.6009
 
2019-03-06T17:20:22,106833836+01:00
57.013970504
9.987320992
0.6516
18.784
328.7734
 
2019-03-06T17:20:23,105887250+01:00
57.013972507
9.987320237
0.5292
18.758
328.0547
 
2019-03-06T17:20:24,120075592+01:00
57.013978601
9.987324373
0.7236
18.878
7.1024
 
2019-03-06T17:20:25,111010706+01:00
57.01397691
9.987326662
0.4068
18.726
43.5801
 
2019-03-06T17:20:26,107422674+01:00
57.013983591
9.987330243
0.7488
18.768
23.7645
 
2019-03-06T17:20:27,112718676+01:00
57.013976622
9.987320732
0.5508
19.045
250.6739
 
2019-03-06T17:20:28,103153688+01:00
57.01397816
9.98732466
0.252
19.256
176.1919
 
2019-03-06T17:20:29,106862107+01:00
57.013979259
9.987324222
0.234
19.51
202.5438
 
2019-03-06T17:20:30,104137415+01:00
57.013980603
9.987329942
0.4176
19.294
132.7084
 
2019-03-06T17:20:31,098622912+01:00
57.013988841
9.987334619
0.5868
19.437
53.5032
 
2019-03-06T17:20:32,111303372+01:00
57.013998583
9.987343186
1.3032
19.282
43.0262
 
2019-03-06T17:20:33,103902058+01:00
57.014007964
9.987351268
1.9404
19.688
41.6676
 
2019-03-06T17:20:34,118125357+01:00
57.01401225
9.98735492
2.0016
20.44
37.9674
 
2019-03-06T17:20:35,111522278+01:00
57.014008676
9.987353503
1.2924
20.936
35.3991
 
2019-03-06T17:20:36,127703590+01:00
57.014012887
9.987358451
1.6776
21.383
35.5974
 
2019-03-06T17:20:37,105883542+01:00
57.014012267
9.987358072
1.314
21.941
27.7933
 
2019-03-06T17:20:38,107967173+01:00
57.01401973
9.987363114
1.7568
22.462
27.694
 
2019-03-06T17:20:39,105028641+01:00
57.014017119
9.987355975
1.0296
22.937
356.1568
 
2019-03-06T17:20:40,109779635+01:00
57.01400282
9.987342215
1.008
23.589
248.5292
 
2019-03-06T17:20:41,107148195+01:00
57.014002215
9.98734235
0.5508
23.824
230.1565
 
2019-03-06T17:20:42,106948537+01:00
57.013997923
9.98733854
0.7272
24.336
222.4364
 
2019-03-06T17:20:43,103318402+01:00
57.013994239
9.987337695
0.522
24.77
189.6448
 
2019-03-06T17:20:44,117715855+01:00
57.013983364
9.987327317
1.296
25.031
219.2313
 
2019-03-06T17:20:45,106384432+01:00
57.013969256
9.987317409
2.0376
25.288
211.7698
 
2019-03-06T17:20:46,104972037+01:00
57.013953744
9.987305661
2.7504
25.622
210.2815
 
2019-03-06T17:20:47,106415122+01:00
57.013934822
9.987297442
3.5532
25.571
201.5441
 
2019-03-06T17:20:48,105685779+01:00
57.013917754
9.987284808
4.1904
25.565
206.1567
 
2019-03-06T17:20:49,106307223+01:00
57.013914155
9.987279405
4.1652
26.147
207.3181
 
2019-03-06T17:20:50,106878643+01:00
57.013914015
9.987278949
3.7224
26.729
204.9582
 
2019-03-06T17:20:51,116541693+01:00
57.01392717
9.987289108
2.1276
27.209
197.607
 
2019-03-06T17:20:52,117617083+01:00
57.013941957
9.987302672
0.9828
28.036
167.9887
 
2019-03-06T17:20:53,125300125+01:00
57.013929037
9.987299522
1.602
27.921
187.6908
 
2019-03-06T17:20:54,127527603+01:00
57.013917553
9.98729721
2.106
27.415
195.6036
 
2019-03-06T17:20:55,119070656+01:00
57.013921805
9.987305398
1.134
27.299
179.8759
 
2019-03-06T17:20:56,122247850+01:00
57.013919712
9.987308316
0.8964
26.997
177.4494
 
2019-03-06T17:20:57,116393129+01:00
57.013916863
9.987308622
0.7596
26.738
197.2243
 
2019-03-06T17:20:58,122796595+01:00
57.013911249
9.98730587
0.864
26.989
208.6532
 
2019-03-06T17:20:59,134465496+01:00
57.013899981
9.987302997
1.404
27.088
199.1328
 
2019-03-06T17:21:00,125563539+01:00
57.01390172
9.9873105
0.846
26.974
174.0417
 
2019-03-06T17:21:01,118936308+01:00
57.013901646
9.987312407
0.5616
26.813
185.3119
 
2019-03-06T17:21:02,128516320+01:00
57.013905638
9.987319118
0.1764
26.846
101.9909
 
2019-03-06T17:21:03,128146300+01:00
57.01390913
9.987322645
0.4032
27.011
28.4338
 
2019-03-06T17:21:04,136079410+01:00
57.013904694
9.987327137
0.468
26.581
104.4807
 
2019-03-06T17:21:05,133142652+01:00
57.013910686
9.987337756
1.0008
26.493
72.8783
 
2019-03-06T17:21:06,132153029+01:00
57.013911891
9.98734197
0.792
26.466
73.0614
 
2019-03-06T17:21:07,133569022+01:00
57.013926731
9.987356475
1.7424
26.704
48.191
 
2019-03-06T17:21:08,132723207+01:00
57.013925376
9.987355198
1.098
26.54
27.3543
 
2019-03-06T17:21:09,131644745+01:00
57.01392842
9.9873619
1.314
26.523
32.5529
 
2019-03-06T17:21:10,136203685+01:00
57.013930395
9.987369945
1.3212
26.106
39.6278
 
2019-03-06T17:21:11,139171291+01:00
57.013924185
9.987370721
0.7452
26.137
68.6527
 
2019-03-06T17:21:12,153610934+01:00
57.013922021
9.987372552
0.4392
25.877
87.8772
 
2019-03-06T17:21:13,148426547+01:00
57.013943823
9.987394328
2.0772
25.457
39.9197
 
2019-03-06T17:21:14,141885504+01:00
57.013939176
9.987394558
1.1592
25.149
40.5527
 
2019-03-06T17:21:15,153346851+01:00
57.013930597
9.987389527
0.126
24.959
69.7835
 
2019-03-06T17:21:16,142900504+01:00
57.013933293
9.987397591
0.5148
24.442
90.4117
 
2019-03-06T17:21:17,141348676+01:00
57.013936476
9.987404548
0.6336
23.651
88.1509
 
2019-03-06T17:21:18,149830355+01:00
57.013937819
9.987408341
0.5904
23.173
97.0985
 
2019-03-06T17:21:19,142575309+01:00
57.013945559
9.987417374
0.8892
22.59
60.6416
 
2019-03-06T17:21:20,145954900+01:00
57.013943428
9.987417088
0.3528
22.088
68.783
 
2019-03-06T17:21:21,146791183+01:00
57.013949342
9.987421946
0.504
21.613
31.6518
 
2019-03-06T17:21:22,142530714+01:00
57.013969376
9.987439479
1.7856
21.142
32.9755
 
2019-03-06T17:21:23,152422050+01:00
57.013990839
9.987455476
3.0096
20.831
26.985
 
2019-03-06T17:21:24,162906064+01:00
57.014001873
9.987469095
3.4056
20.343
30.6154
 
2019-03-06T17:21:25,151560781+01:00
57.014012799
9.987477795
3.096
20.412
27.1556
 
2019-03-06T17:21:26,148511041+01:00
57.014026433
9.987489965
3.5208
20.547
27.8689
 
2019-03-06T17:21:27,155830945+01:00
57.014034296
9.987493832
3.3516
20.611
21.7895
 
2019-03-06T17:21:28,154715518+01:00
57.014039998
9.987496861
3.15
20.306
18.6292
 
2019-03-06T17:21:29,154495198+01:00
57.014044864
9.987504027
2.9556
19.883
23.6912
 
2019-03-06T17:21:30,154205967+01:00
57.014045059
9.987505762
2.4084
19.559
21.0257
 
2019-03-06T17:21:31,150539870+01:00
57.014033463
9.987498625
0.882
19.443
9.7666
 
2019-03-06T17:21:32,166939524+01:00
57.014028417
9.987498218
0.2844
19.259
34.9781
 
2019-03-06T17:21:33,158899685+01:00
57.014045663
9.987514447
2.0664
19.348
32.6819
 
2019-03-06T17:21:34,159181136+01:00
57.014044061
9.987517423
1.4616
19.094
32.5417
 
2019-03-06T17:21:35,162582960+01:00
57.014040949
9.987516194
0.828
19.021
22.3493
 
2019-03-06T17:21:36,162666668+01:00
57.014061463
9.987531995
2.448
19.625
20.6964
 
2019-03-06T17:21:37,150556175+01:00
57.014060433
9.987533959
2.07
19.58
23.0127
 
2019-03-06T17:21:38,156702847+01:00
57.014052949
9.98753157
1.2744
19.704
32.4878
 
2019-03-06T17:21:39,159837337+01:00
57.014062417
9.987541663
2.0016
19.699
24.5625
 
2019-03-06T17:21:40,155860227+01:00
57.014061619
9.987539423
1.6992
19.816
8.8705
 
2019-03-06T17:21:41,157953614+01:00
57.014063522
9.98754541
1.6236
19.738
25.6925
 
2019-03-06T17:21:42,163489104+01:00
57.014068161
9.987547039
1.818
19.82
22.6628
 
2019-03-06T17:21:43,162178427+01:00
57.014064898
9.987544114
1.404
19.949
25.4224
 
2019-03-06T17:21:44,158778406+01:00
57.014063882
9.987546117
1.3752
20.094
25.7198
 
2019-03-06T17:21:45,165656143+01:00
57.014061971
9.987547053
1.3644
20.232
21.0445
 
2019-03-06T17:21:46,160773746+01:00
57.014057153
9.987543642
1.0116
20.401
29.9055
 
2019-03-06T17:21:47,159025201+01:00
57.014052458
9.987543455
0.864
20.562
36.5723
 
2019-03-06T17:21:48,162917731+01:00
57.014032482
9.987528143
0.5616
20.694
180.4083
 
2019-03-06T17:21:49,164374762+01:00
57.014022025
9.987514103
1.1124
20.806
223.7132
 
2019-03-06T17:21:50,166208033+01:00
57.014014409
9.987508005
1.548
20.927
205.7793
 
2019-03-06T17:21:51,163894177+01:00
57.014006692
9.987493734
2.0088
21.02
214.8862
 
2019-03-06T17:21:52,173975544+01:00
57.01400802
9.987496804
1.4904
21.103
210.9438
 
2019-03-06T17:21:53,169910707+01:00
57.01401392
9.987495026
0.846
20.701
245.6328
 
