
2019-03-06T17:05:44,210962530+01:00
nan
nan
nan
nan
nan
 
2019-03-06T17:05:45,217333163+01:00
nan
nan
nan
nan
nan
 
2019-03-06T17:05:46,213194472+01:00
nan
nan
nan
nan
nan
 
2019-03-06T17:05:47,213699626+01:00
nan
nan
nan
nan
nan
 
2019-03-06T17:05:48,216742289+01:00
nan
nan
nan
nan
nan
 
2019-03-06T17:05:49,223735897+01:00
nan
nan
nan
nan
nan
 
2019-03-06T17:05:50,218675700+01:00
nan
nan
nan
nan
nan
 
2019-03-06T17:05:51,217832402+01:00
nan
nan
nan
nan
nan
 
2019-03-06T17:05:52,214517571+01:00
nan
nan
nan
nan
nan
 
2019-03-06T17:05:53,217811146+01:00
nan
nan
nan
nan
nan
 
2019-03-06T17:05:54,217604982+01:00
nan
nan
nan
nan
nan
 
2019-03-06T17:05:55,214389191+01:00
nan
nan
nan
nan
nan
 
2019-03-06T17:05:56,218358073+01:00
nan
nan
nan
nan
nan
 
2019-03-06T17:05:57,226603895+01:00
nan
nan
nan
nan
nan
 
2019-03-06T17:05:58,215385464+01:00
nan
nan
nan
nan
nan
 
2019-03-06T17:05:59,214286634+01:00
nan
nan
nan
nan
nan
 
2019-03-06T17:06:00,213309343+01:00
nan
nan
nan
nan
nan
 
2019-03-06T17:06:01,234309639+01:00
nan
nan
nan
nan
nan
 
2019-03-06T17:06:02,220197335+01:00
nan
nan
nan
nan
nan
 
2019-03-06T17:06:03,227181478+01:00
nan
nan
nan
nan
nan
 
2019-03-06T17:06:04,212243158+01:00
nan
nan
nan
nan
nan
 
2019-03-06T17:06:05,214457361+01:00
nan
nan
nan
nan
nan
 
2019-03-06T17:06:06,210665536+01:00
nan
nan
nan
nan
nan
 
2019-03-06T17:06:07,225475001+01:00
nan
nan
nan
nan
nan
 
2019-03-06T17:06:08,222995860+01:00
nan
nan
nan
nan
nan
 
2019-03-06T17:06:09,218289951+01:00
nan
nan
nan
nan
nan
 
2019-03-06T17:06:10,230679540+01:00
nan
nan
nan
nan
nan
 
2019-03-06T17:06:11,221487396+01:00
nan
nan
nan
nan
nan
 
2019-03-06T17:06:12,215143260+01:00
nan
nan
nan
nan
nan
 
2019-03-06T17:06:13,220095737+01:00
nan
nan
nan
nan
nan
 
2019-03-06T17:06:14,217921154+01:00
nan
nan
nan
nan
nan
 
2019-03-06T17:06:15,217649518+01:00
nan
nan
nan
nan
nan
 
2019-03-06T17:06:16,222419291+01:00
nan
nan
nan
nan
nan
 
2019-03-06T17:06:17,219660111+01:00
nan
nan
nan
nan
nan
 
2019-03-06T17:06:18,211150932+01:00
nan
nan
nan
nan
nan
 
2019-03-06T17:06:19,213722491+01:00
nan
nan
nan
nan
nan
 
2019-03-06T17:06:20,218966240+01:00
nan
nan
nan
nan
nan
 
2019-03-06T17:06:21,211207415+01:00
nan
nan
nan
nan
nan
 
2019-03-06T17:06:22,213169728+01:00
nan
nan
nan
nan
nan
 
2019-03-06T17:06:23,219936509+01:00
nan
nan
nan
nan
nan
 
2019-03-06T17:06:24,218443646+01:00
nan
nan
nan
nan
nan
 
2019-03-06T17:06:25,219403462+01:00
nan
nan
nan
nan
nan
 
2019-03-06T17:06:26,223567695+01:00
nan
nan
nan
nan
nan
 
2019-03-06T17:06:27,219418454+01:00
nan
nan
nan
nan
nan
 
2019-03-06T17:06:28,219115388+01:00
nan
nan
nan
nan
nan
 
2019-03-06T17:06:29,222706046+01:00
nan
nan
nan
nan
nan
 
2019-03-06T17:06:30,218251988+01:00
nan
nan
nan
nan
nan
 
2019-03-06T17:06:31,219427796+01:00
nan
nan
nan
nan
nan
 
2019-03-06T17:06:32,219870971+01:00
nan
nan
nan
nan
nan
 
2019-03-06T17:06:33,224192265+01:00
nan
nan
nan
nan
nan
 
2019-03-06T17:06:34,213058767+01:00
nan
nan
nan
nan
nan
 
2019-03-06T17:06:35,217866989+01:00
nan
nan
nan
nan
nan
 
2019-03-06T17:06:36,211190270+01:00
nan
nan
nan
nan
nan
 
2019-03-06T17:06:37,217654124+01:00
nan
nan
nan
nan
nan
 
2019-03-06T17:06:38,212530503+01:00
nan
nan
nan
nan
nan
 
2019-03-06T17:06:39,214267142+01:00
nan
nan
nan
nan
nan
 
2019-03-06T17:06:40,217843713+01:00
nan
nan
nan
nan
nan
 
2019-03-06T17:06:41,214347754+01:00
nan
nan
nan
nan
nan
 
2019-03-06T17:06:42,224135203+01:00
nan
nan
nan
nan
nan
 
2019-03-06T17:06:43,229843619+01:00
nan
nan
nan
nan
nan
 
2019-03-06T17:06:44,232401270+01:00
nan
nan
nan
nan
nan
 
2019-03-06T17:06:45,216914002+01:00
nan
nan
nan
nan
nan
 
2019-03-06T17:06:46,219968663+01:00
nan
nan
nan
nan
nan
 
2019-03-06T17:06:47,219059356+01:00
nan
nan
nan
nan
nan
 
2019-03-06T17:06:48,218099137+01:00
nan
nan
nan
nan
nan
 
2019-03-06T17:06:49,222621280+01:00
nan
nan
nan
nan
nan
 
2019-03-06T17:06:50,218229699+01:00
nan
nan
nan
nan
nan
 
2019-03-06T17:06:51,224902660+01:00
nan
nan
nan
nan
nan
 
2019-03-06T17:06:52,214293564+01:00
nan
nan
nan
nan
nan
 
2019-03-06T17:06:53,228288910+01:00
nan
nan
nan
nan
nan
 
2019-03-06T17:06:54,215813992+01:00
nan
nan
nan
nan
nan
 
2019-03-06T17:06:55,218149554+01:00
nan
nan
nan
nan
nan
 
2019-03-06T17:06:56,225467911+01:00
nan
nan
nan
nan
nan
 
2019-03-06T17:06:57,216292654+01:00
nan
nan
nan
nan
nan
 
2019-03-06T17:06:58,216355030+01:00
nan
nan
nan
nan
nan
 
2019-03-06T17:06:59,224469502+01:00
nan
nan
nan
nan
nan
 
2019-03-06T17:07:00,218483446+01:00
nan
nan
nan
nan
nan
 
2019-03-06T17:07:01,219033693+01:00
nan
nan
nan
nan
nan
 
2019-03-06T17:07:02,218936972+01:00
nan
nan
nan
nan
nan
 
2019-03-06T17:07:03,219340159+01:00
nan
nan
nan
nan
nan
 
2019-03-06T17:07:04,221272725+01:00
nan
nan
nan
nan
nan
 
2019-03-06T17:07:05,224686497+01:00
nan
nan
nan
nan
nan
 
2019-03-06T17:07:06,225371617+01:00
nan
nan
nan
nan
nan
 
2019-03-06T17:07:07,220308228+01:00
nan
nan
nan
nan
nan
 
2019-03-06T17:07:08,225160862+01:00
nan
nan
nan
nan
nan
 
2019-03-06T17:07:09,227675773+01:00
nan
nan
nan
nan
nan
 
2019-03-06T17:07:10,237529238+01:00
nan
nan
nan
nan
nan
 
2019-03-06T17:07:11,223578892+01:00
nan
nan
nan
nan
nan
 
2019-03-06T17:07:12,220781553+01:00
nan
nan
nan
nan
nan
 
2019-03-06T17:07:13,234801899+01:00
nan
nan
nan
nan
nan
 
2019-03-06T17:07:14,220970949+01:00
nan
nan
nan
nan
nan
 
2019-03-06T17:07:15,225102330+01:00
nan
nan
nan
nan
nan
 
2019-03-06T17:07:16,221363698+01:00
nan
nan
nan
nan
nan
 
2019-03-06T17:07:17,220737486+01:00
nan
nan
nan
nan
nan
 
2019-03-06T17:07:18,223304884+01:00
nan
nan
nan
nan
nan
 
2019-03-06T17:07:19,219809807+01:00
nan
nan
nan
nan
nan
 
2019-03-06T17:07:24,377223500+01:00
nan
nan
nan
nan
nan
 
2019-03-06T17:07:25,226682772+01:00
nan
nan
nan
nan
nan
 
2019-03-06T17:07:26,222908552+01:00
nan
nan
nan
nan
nan
 
2019-03-06T17:07:27,225018643+01:00
nan
nan
nan
nan
nan
 
2019-03-06T17:07:28,227237282+01:00
nan
nan
nan
nan
nan
 
2019-03-06T17:07:29,224594296+01:00
nan
nan
nan
nan
nan
 
2019-03-06T17:07:30,372895632+01:00
nan
nan
nan
nan
nan
 
2019-03-06T17:07:31,224594374+01:00
nan
nan
nan
nan
nan
 
2019-03-06T17:07:32,226205554+01:00
nan
nan
nan
nan
nan
 
2019-03-06T17:07:33,217667072+01:00
nan
nan
nan
nan
nan
 
2019-03-06T17:07:34,224677657+01:00
nan
nan
nan
nan
nan
 
2019-03-06T17:07:35,222231428+01:00
nan
nan
nan
nan
nan
 
2019-03-06T17:07:36,370517773+01:00
nan
nan
nan
nan
nan
 
2019-03-06T17:07:37,229142686+01:00
nan
nan
nan
nan
nan
 
2019-03-06T17:07:38,218615683+01:00
nan
nan
nan
nan
nan
 
2019-03-06T17:07:39,227300553+01:00
nan
nan
nan
nan
nan
 
2019-03-06T17:07:40,219000332+01:00
nan
nan
nan
nan
nan
 
2019-03-06T17:07:41,238866642+01:00
nan
nan
nan
nan
nan
 
2019-03-06T17:07:42,383284376+01:00
nan
nan
nan
nan
nan
 
2019-03-06T17:07:43,229741346+01:00
nan
nan
nan
nan
nan
 
2019-03-06T17:07:44,228017415+01:00
nan
nan
nan
nan
nan
 
2019-03-06T17:07:45,235969399+01:00
nan
nan
nan
nan
nan
 
2019-03-06T17:07:46,229854640+01:00
nan
nan
nan
nan
nan
 
2019-03-06T17:07:47,227812331+01:00
nan
nan
nan
nan
nan
 
2019-03-06T17:07:48,396402526+01:00
nan
nan
nan
nan
nan
 
2019-03-06T17:07:49,229081336+01:00
nan
nan
nan
nan
nan
 
2019-03-06T17:07:50,226673738+01:00
nan
nan
nan
nan
nan
 
2019-03-06T17:07:51,226796386+01:00
nan
nan
nan
nan
nan
 
2019-03-06T17:07:52,233263189+01:00
nan
nan
nan
nan
nan
 
2019-03-06T17:07:53,234986832+01:00
nan
nan
nan
nan
nan
 
2019-03-06T17:07:54,397908298+01:00
nan
nan
nan
nan
nan
 
2019-03-06T17:07:55,230779802+01:00
nan
nan
nan
nan
nan
 
2019-03-06T17:07:56,237409827+01:00
nan
nan
nan
nan
nan
 
2019-03-06T17:07:57,226087437+01:00
nan
nan
nan
nan
nan
 
2019-03-06T17:07:58,230896368+01:00
nan
nan
nan
nan
nan
 
2019-03-06T17:07:59,244918014+01:00
nan
nan
nan
nan
nan
 
2019-03-06T17:08:00,407244756+01:00
nan
nan
nan
nan
nan
 
2019-03-06T17:08:01,235863143+01:00
nan
nan
nan
nan
nan
 
2019-03-06T17:08:02,232385934+01:00
nan
nan
nan
nan
nan
 
2019-03-06T17:08:03,236833773+01:00
nan
nan
nan
nan
nan
 
2019-03-06T17:08:04,243881769+01:00
nan
nan
nan
nan
nan
 
2019-03-06T17:08:05,232415967+01:00
nan
nan
nan
nan
nan
 
2019-03-06T17:08:06,397435864+01:00
nan
nan
nan
nan
nan
 
2019-03-06T17:08:07,231613516+01:00
nan
nan
nan
nan
nan
 
2019-03-06T17:08:08,232246721+01:00
nan
nan
nan
nan
nan
 
2019-03-06T17:08:09,233772803+01:00
nan
nan
nan
nan
nan
 
2019-03-06T17:08:10,233442005+01:00
nan
nan
nan
nan
nan
 
2019-03-06T17:08:11,230092641+01:00
nan
nan
nan
nan
nan
 
2019-03-06T17:08:12,408000972+01:00
nan
nan
nan
nan
nan
 
2019-03-06T17:08:13,228847099+01:00
nan
nan
nan
nan
nan
 
