
2019-05-10T11:44:52,678510756+02:00
nan
nan
nan
nan
nan
 
2019-05-10T11:44:53,667513430+02:00
nan
nan
nan
nan
nan
 
2019-05-10T11:44:54,668630620+02:00
nan
nan
nan
nan
nan
 
2019-05-10T11:44:55,670080366+02:00
nan
nan
nan
nan
nan
 
2019-05-10T11:44:56,668616075+02:00
nan
nan
nan
nan
nan
 
2019-05-10T11:44:57,686910145+02:00
nan
nan
nan
nan
nan
 
2019-05-10T11:44:58,675367222+02:00
nan
nan
nan
nan
nan
 
2019-05-10T11:44:59,676617639+02:00
nan
nan
nan
nan
nan
 
2019-05-10T11:45:00,668855788+02:00
nan
nan
nan
nan
nan
 
2019-05-10T11:45:01,678198249+02:00
nan
nan
nan
nan
nan
 
2019-05-10T11:45:02,692846967+02:00
nan
nan
nan
nan
nan
 
2019-05-10T11:45:03,671100001+02:00
nan
nan
nan
nan
nan
 
2019-05-10T11:45:04,669363966+02:00
nan
nan
nan
nan
nan
 
2019-05-10T11:45:05,670657867+02:00
nan
nan
nan
nan
nan
 
2019-05-10T11:45:06,677413224+02:00
nan
nan
nan
nan
nan
 
2019-05-10T11:45:07,681154705+02:00
nan
nan
nan
nan
nan
 
2019-05-10T11:45:08,682948399+02:00
nan
nan
nan
nan
nan
 
2019-05-10T11:57:31,814487936+02:00
nan
nan
nan
nan
nan
 
2019-05-10T11:57:33,694752511+02:00
nan
nan
nan
nan
nan
 
2019-05-10T11:57:34,737224358+02:00
nan
nan
nan
nan
nan
 
2019-05-10T11:57:35,671848959+02:00
nan
nan
nan
nan
nan
 
2019-05-10T11:57:36,683501836+02:00
nan
nan
nan
nan
nan
 
2019-05-10T11:57:37,712907221+02:00
nan
nan
nan
nan
nan
 
2019-05-10T11:57:38,684531555+02:00
nan
nan
nan
nan
nan
 
2019-05-10T11:57:39,667154382+02:00
nan
nan
nan
nan
nan
 
2019-05-10T11:57:40,724616719+02:00
nan
nan
nan
nan
nan
 
2019-05-10T11:57:41,706728518+02:00
nan
nan
nan
nan
nan
 
2019-05-10T11:57:42,702138508+02:00
nan
nan
nan
nan
nan
 
2019-05-10T11:57:43,759596190+02:00
nan
nan
nan
nan
nan
 
2019-05-10T11:57:45,679878949+02:00
nan
nan
nan
nan
nan
 
2019-05-10T11:57:46,727902787+02:00
nan
nan
nan
nan
nan
 
2019-05-10T11:57:47,699125732+02:00
nan
nan
nan
nan
nan
 
2019-05-10T11:57:48,719690110+02:00
nan
nan
nan
nan
nan
 
2019-05-10T11:57:49,699086806+02:00
nan
nan
nan
nan
nan
 
2019-05-10T11:57:50,697257298+02:00
nan
nan
nan
nan
nan
 
2019-05-10T11:57:51,712917602+02:00
nan
nan
nan
nan
nan
 
2019-05-10T11:57:52,711073497+02:00
nan
nan
nan
nan
nan
 
2019-05-10T11:57:53,720916500+02:00
nan
nan
nan
nan
nan
 
2019-05-10T11:57:54,704335228+02:00
nan
nan
nan
nan
nan
 
2019-05-10T11:57:55,692066599+02:00
nan
nan
nan
nan
nan
 
2019-05-10T11:57:56,687519022+02:00
nan
nan
nan
nan
nan
 
2019-05-10T11:57:57,659478860+02:00
nan
nan
nan
nan
nan
 
2019-05-10T11:57:58,726333354+02:00
nan
nan
nan
nan
nan
 
