
2019-03-06T16:55:42,178608409+01:00
57.014024667
9.986987667
1.458
38.3
0.0
 
2019-03-06T16:55:43,181915178+01:00
57.014029833
9.986997167
0.6156
38.4
0.0
 
2019-03-06T16:55:44,194562419+01:00
57.014018667
9.986987833
1.4544
38.3
0.0
 
2019-03-06T16:55:45,190569910+01:00
57.014016333
9.9869875
1.3824
38.3
0.0
 
2019-03-06T16:55:46,187894200+01:00
57.014010667
9.986976
1.4328
38.2
0.0
 
2019-03-06T16:55:47,199832758+01:00
57.014
9.986956833
2.1456
38.2
0.0
 
2019-03-06T16:55:48,186424088+01:00
57.013995833
9.9869435
2.1024
38.1
0.0
 
2019-03-06T16:55:49,187186062+01:00
57.014003
9.986944167
0.972
38.0
0.0
 
2019-03-06T16:55:50,188036014+01:00
57.014005667
9.986945833
0.7056
37.9
0.0
 
2019-03-06T16:55:51,187807942+01:00
57.014005333
9.986939833
0.6372
37.9
0.0
 
2019-03-06T16:55:52,190765356+01:00
57.014004333
9.9869315
1.0584
37.8
0.0
 
2019-03-06T16:55:53,188953351+01:00
57.014000667
9.986928167
1.5444
37.7
0.0
 
2019-03-06T16:55:54,192437123+01:00
57.0140025
9.986932167
0.9396
37.8
0.0
 
2019-03-06T16:55:55,192339681+01:00
57.014003167
9.986928667
0.7452
37.7
0.0
 
2019-03-06T16:55:56,192172232+01:00
57.014007833
9.986938833
0.2736
37.7
0.0
 
2019-03-06T16:55:57,194753726+01:00
57.014019
9.986951
1.2132
37.7
0.0
 
2019-03-06T16:55:58,200919038+01:00
57.014036167
9.9870015
1.8468
38.0
0.0
 
2019-03-06T16:55:59,199043492+01:00
57.014031
9.986995333
0.3564
38.0
0.0
 
2019-03-06T16:56:00,192886885+01:00
57.014035
9.987002167
0.846
37.9
0.0
 
2019-03-06T16:56:01,199062816+01:00
57.014047667
9.987019833
0.6732
37.8
0.0
 
2019-03-06T16:56:02,195812508+01:00
57.014063
9.987039833
1.62
37.6
0.0
 
2019-03-06T16:56:03,201636055+01:00
57.014069833
9.987045167
1.4724
37.3
0.0
 
2019-03-06T16:56:04,195363368+01:00
57.014067667
9.987042833
0.918
37.1
0.0
 
2019-03-06T16:56:05,196530768+01:00
57.014065833
9.987048
1.0188
36.8
0.0
 
2019-03-06T16:56:06,196359757+01:00
57.014056333
9.987040667
2.4192
36.6
0.0
 
2019-03-06T16:56:07,201164600+01:00
57.014061167
9.987047667
1.404
36.4
0.0
 
2019-03-06T16:56:08,199357277+01:00
57.014058167
9.987052333
1.6488
36.1
0.0
 
2019-03-06T16:56:09,196799103+01:00
57.014058167
9.987050333
1.6596
35.8
0.0
 
2019-03-06T16:56:10,197749032+01:00
57.014059333
9.987058667
1.3788
35.5
0.0
 
2019-03-06T16:56:11,191800537+01:00
57.014040167
9.987035667
3.888
35.3
149.46
 
2019-03-06T16:56:12,197189869+01:00
57.014034667
9.987037167
3.6144
35.2
174.04
 
2019-03-06T16:56:13,195965282+01:00
57.014026667
9.987030833
3.7872
34.8
191.6
 
2019-03-06T16:56:14,194078155+01:00
57.014030833
9.987042
2.3148
34.6
0.0
 
2019-03-06T16:56:15,195555809+01:00
57.014030833
9.987045833
2.088
34.3
0.0
 
2019-03-06T16:56:16,190730042+01:00
57.014029667
9.987054833
2.0628
34.1
0.0
 
2019-03-06T16:56:17,199175446+01:00
57.0140205
9.987051
2.9952
33.8
0.0
 
2019-03-06T16:56:18,195966350+01:00
57.014011833
9.98704
3.7872
33.4
198.2
 
2019-03-06T16:56:19,195845128+01:00
57.014012
9.987045833
3.114
33.2
0.0
 
2019-03-06T16:56:20,198097031+01:00
57.014016833
9.987048833
1.8828
33.0
0.0
 
2019-03-06T16:56:21,201968649+01:00
57.014013167
9.98705
2.2212
32.9
0.0
 
2019-03-06T16:56:22,205393106+01:00
57.014016333
9.9870545
1.4832
32.9
0.0
 
2019-03-06T16:56:23,201393448+01:00
57.014021167
9.987061167
0.8388
32.9
0.0
 
2019-03-06T16:56:24,201587490+01:00
57.014014167
9.987052333
1.944
32.7
0.0
 
2019-03-06T16:56:25,203459307+01:00
57.014014833
9.987051333
1.4904
32.6
0.0
 
2019-03-06T16:56:26,202022006+01:00
57.014022
9.987059333
0.3708
32.4
0.0
 
2019-03-06T16:56:27,200329281+01:00
57.014031167
9.987071167
0.7452
32.1
0.0
 
2019-03-06T16:56:28,199700694+01:00
57.0140335
9.987073833
0.5076
31.9
0.0
 
2019-03-06T16:56:29,203271249+01:00
57.0140405
9.987082667
1.0872
31.8
0.0
 
2019-03-06T16:56:30,201997723+01:00
57.01405
9.9870935
1.9296
31.7
0.0
 
2019-03-06T16:56:31,199111384+01:00
57.014058
9.987105833
2.3904
31.5
0.0
 
2019-03-06T16:56:32,202083329+01:00
57.014061
9.9871085
1.9188
31.3
0.0
 
2019-03-06T16:56:33,201678783+01:00
57.014061333
9.987112667
1.26
31.1
0.0
 
2019-03-06T16:56:34,198018224+01:00
57.014068167
9.9871225
1.9944
31.1
0.0
 
2019-03-06T16:56:35,210791041+01:00
57.014065833
9.987126667
1.314
31.0
0.0
 
2019-03-06T16:56:36,204307510+01:00
57.014069667
9.987134
1.584
30.8
0.0
 
2019-03-06T16:56:37,203373767+01:00
57.014068667
9.987127333
0.864
30.7
0.0
 
2019-03-06T16:56:38,196430898+01:00
57.01407
9.987121333
0.756
30.8
0.0
 
2019-03-06T16:56:39,205338359+01:00
57.014070833
9.9871215
0.4176
30.6
0.0
 
2019-03-06T16:56:40,205309784+01:00
57.014081333
9.9871325
1.3932
30.4
0.0
 
2019-03-06T16:56:41,207907207+01:00
57.014079333
9.987124833
0.5436
30.2
0.0
 
2019-03-06T16:56:42,197384194+01:00
57.0140805
9.987127833
0.1692
29.8
0.0
 
2019-03-06T16:56:43,203443291+01:00
57.014086167
9.98714
0.6084
29.8
0.0
 
2019-03-06T16:56:44,220971093+01:00
57.0140885
9.987143833
0.6012
29.8
0.0
 
2019-03-06T16:56:45,208433160+01:00
57.014089167
9.987147
0.414
29.8
0.0
 
2019-03-06T16:56:46,201973225+01:00
57.014085333
9.987139833
0.3888
30.0
0.0
 
2019-03-06T16:56:47,206771834+01:00
57.014083833
9.987135667
0.6012
30.2
0.0
 
2019-03-06T16:56:48,202002506+01:00
57.014085167
9.987131833
0.54
30.4
0.0
 
2019-03-06T16:56:49,203335528+01:00
57.014088167
9.987137833
0.1944
30.4
0.0
 
2019-03-06T16:56:50,205656167+01:00
57.014086333
9.987137667
0.3636
30.6
0.0
 
2019-03-06T16:56:51,201592230+01:00
57.0140805
9.987137
1.1124
30.6
0.0
 
2019-03-06T16:56:52,205185017+01:00
57.014080667
9.9871445
0.8856
30.4
0.0
 
2019-03-06T16:56:53,207155479+01:00
57.014085333
9.987142167
0.09
30.2
0.0
 
2019-03-06T16:56:54,203734499+01:00
57.0140855
9.987143667
0.126
29.9
0.0
 
2019-03-06T16:56:55,202275845+01:00
57.014088167
9.987143333
0.396
29.8
0.0
 
2019-03-06T16:56:56,203366405+01:00
57.014092167
9.9871495
0.6552
29.7
0.0
 
2019-03-06T16:56:57,209200041+01:00
57.014097167
9.987157167
0.9252
29.6
0.0
 
2019-03-06T16:56:58,200213140+01:00
57.014096667
9.987153833
0.5688
29.7
0.0
 
2019-03-06T16:56:59,209253714+01:00
57.014096
9.9871485
0.4644
29.8
0.0
 
2019-03-06T16:57:00,217439099+01:00
57.014091833
9.987137
0.9396
30.0
0.0
 
2019-03-06T16:57:01,207566517+01:00
57.014089833
9.987136
0.9036
30.3
0.0
 
2019-03-06T16:57:02,200391677+01:00
57.014088167
9.987143
0.6768
30.3
0.0
 
2019-03-06T16:57:03,203706177+01:00
57.014091
9.987149167
0.1944
30.4
0.0
 
2019-03-06T16:57:04,201049910+01:00
57.014089333
9.987153833
0.3276
30.4
0.0
 
2019-03-06T16:57:05,204132910+01:00
57.014081667
9.987150333
1.2312
30.6
0.0
 
2019-03-06T16:57:06,211573555+01:00
57.014073333
9.987142
2.0196
30.9
0.0
 
2019-03-06T16:57:07,224765251+01:00
57.014083
9.987152833
0.3024
30.7
0.0
 
2019-03-06T16:57:08,205968152+01:00
57.0140805
9.987145333
0.5652
30.5
0.0
 
2019-03-06T16:57:09,198010115+01:00
57.014089833
9.987133333
1.4112
30.6
0.0
 
2019-03-06T16:57:10,202973250+01:00
57.014084167
9.987122333
0.8784
30.6
0.0
 
2019-03-06T16:57:11,204202425+01:00
57.014081167
9.9871185
0.9036
30.7
0.0
 
2019-03-06T16:57:12,206822472+01:00
57.014081333
9.987114333
0.846
30.7
0.0
 
2019-03-06T16:57:13,207191201+01:00
57.014085333
9.987113167
0.8712
30.3
0.0
 
2019-03-06T16:57:14,210314217+01:00
57.014090667
9.987105833
1.368
30.0
0.0
 
2019-03-06T16:57:15,206883661+01:00
57.014094833
9.987105167
1.2636
29.9
0.0
 
2019-03-06T16:57:16,201176063+01:00
57.014093
9.9871175
0.2916
29.5
0.0
 
2019-03-06T16:57:17,209173744+01:00
57.014092
9.9871205
0.3744
29.3
0.0
 
2019-03-06T16:57:18,202401543+01:00
57.014096333
9.9871235
0.3456
29.2
0.0
 
2019-03-06T16:57:19,211879761+01:00
57.014101
9.987129167
0.558
29.1
0.0
 
2019-03-06T16:57:20,198031508+01:00
57.014100333
9.987127833
0.6192
29.3
0.0
 
2019-03-06T16:57:21,218942246+01:00
57.0140905
9.987114167
0.7272
29.6
0.0
 
2019-03-06T16:57:22,209426457+01:00
57.014091
9.987116667
0.2916
29.8
0.0
 
2019-03-06T16:57:23,215498496+01:00
57.014091667
9.9871275
0.2268
29.9
0.0
 
2019-03-06T16:57:24,204792776+01:00
57.0140915
9.987134
0.2088
30.1
0.0
 
2019-03-06T16:57:25,211795327+01:00
57.014083333
9.987114333
0.9252
30.5
0.0
 
2019-03-06T16:57:26,200076183+01:00
57.014078
9.987114667
1.2096
30.9
0.0
 
2019-03-06T16:57:27,206792259+01:00
57.014079167
9.987112333
0.5904
31.4
0.0
 
2019-03-06T16:57:28,208858923+01:00
57.014078833
9.987099667
0.7344
32.0
0.0
 
2019-03-06T16:57:29,212711975+01:00
57.014081667
9.987101
0.4248
32.1
0.0
 
2019-03-06T16:57:30,215193817+01:00
57.014087833
9.987102833
0.8748
32.5
0.0
 
2019-03-06T16:57:31,201482276+01:00
57.014078167
9.987098667
0.666
32.7
0.0
 
2019-03-06T16:57:32,205640917+01:00
57.014077
9.987091667
0.7596
33.0
0.0
 
2019-03-06T16:57:33,203142230+01:00
57.014067333
9.987079833
1.6236
33.5
0.0
 
2019-03-06T16:57:34,201520890+01:00
57.014062667
9.987073667
1.6452
33.8
0.0
 
2019-03-06T16:57:35,201942614+01:00
57.014065833
9.987081667
0.8352
33.9
0.0
 
2019-03-06T16:57:36,198864730+01:00
57.014067167
9.987082833
0.3888
34.2
0.0
 
2019-03-06T16:57:37,203860259+01:00
57.014061667
9.987076333
0.792
34.6
0.0
 
2019-03-06T16:57:38,202490726+01:00
57.014058833
9.987076167
0.792
34.9
0.0
 
2019-03-06T16:57:39,210567284+01:00
57.014050667
9.987077333
1.5948
35.0
0.0
 
2019-03-06T16:57:40,219705242+01:00
57.014048833
9.987077333
1.3284
35.3
0.0
 
2019-03-06T16:57:41,207770455+01:00
57.0140485
9.987077833
0.8856
35.8
0.0
 
2019-03-06T16:57:42,206976183+01:00
57.014039167
9.987083
1.6236
36.5
0.0
 
2019-03-06T16:57:43,207588684+01:00
57.014034667
9.987073333
1.512
37.0
0.0
 
2019-03-06T16:57:44,221751331+01:00
57.014032833
9.9870725
1.3536
37.5
0.0
 
2019-03-06T16:57:45,215243583+01:00
57.014032167
9.987061667
1.2096
38.1
0.0
 
2019-03-06T16:57:46,231053318+01:00
57.014038167
9.987056667
0.8244
37.9
0.0
 
2019-03-06T16:57:47,212129692+01:00
57.014041167
9.987056167
0.6552
37.6
0.0
 
2019-03-06T16:57:48,213962468+01:00
57.014043167
9.987049167
0.8532
37.4
0.0
 
2019-03-06T16:57:49,209755222+01:00
57.014048
9.987066333
0.648
36.6
0.0
 
2019-03-06T16:57:50,217814076+01:00
57.014046833
9.987048333
1.3284
36.7
0.0
 
2019-03-06T16:57:51,217694748+01:00
57.014053167
9.987040833
1.134
36.4
0.0
 
2019-03-06T16:57:52,208165410+01:00
57.0140635
9.987044
1.1916
36.2
0.0
 
2019-03-06T16:57:53,212966344+01:00
57.014073167
9.98704
1.7892
36.3
0.0
 
2019-03-06T16:57:54,206269128+01:00
57.014073333
9.987034
1.5408
36.2
0.0
 
2019-03-06T16:57:55,211403717+01:00
57.014077
9.9870375
1.3572
35.9
0.0
 
2019-03-06T16:57:56,215347285+01:00
57.014083833
9.98704
1.3212
35.6
0.0
 
2019-03-06T16:57:57,219989892+01:00
57.0140815
9.987041333
1.17
35.4
0.0
 
2019-03-06T16:57:58,215926999+01:00
57.014084333
9.987039167
1.134
35.4
0.0
 
2019-03-06T16:57:59,228792243+01:00
57.014092333
9.9870405
1.0008
35.4
0.0
 
2019-03-06T16:58:00,225910288+01:00
57.014096
9.987045833
0.7704
35.4
0.0
 
2019-03-06T16:58:01,214567374+01:00
57.0140995
9.987049333
1.242
35.4
0.0
 
2019-03-06T16:58:02,217732009+01:00
57.014104333
9.987071333
0.54
35.3
0.0
 
2019-03-06T16:58:03,222175569+01:00
57.0141165
9.987092333
0.7524
35.3
0.0
 
2019-03-06T16:58:04,212693833+01:00
57.014115
9.9870905
0.6876
35.2
0.0
 
2019-03-06T16:58:05,216731133+01:00
57.014127167
9.987116
1.0332
35.0
0.0
 
2019-03-06T16:58:06,215685821+01:00
57.01413
9.987122333
0.7236
35.0
0.0
 
2019-03-06T16:58:07,215703132+01:00
57.014139667
9.9871365
1.512
34.9
0.0
 
2019-03-06T16:58:08,215212741+01:00
57.0141405
9.987137333
0.918
35.1
0.0
 
2019-03-06T16:58:09,210997833+01:00
57.014140333
9.987134833
0.5112
35.4
0.0
 
2019-03-06T16:58:10,217464736+01:00
57.014139
9.987126
0.8172
35.8
0.0
 
2019-03-06T16:58:11,212580687+01:00
57.0141395
9.987130167
0.5256
35.9
0.0
 
2019-03-06T16:58:12,210563922+01:00
57.014140167
9.987131833
0.6624
35.9
0.0
 
2019-03-06T16:58:13,217586770+01:00
57.014137667
9.987126667
1.0584
35.8
0.0
 
2019-03-06T16:58:14,222392470+01:00
57.01414
9.987120333
0.9216
36.6
0.0
 
2019-03-06T16:58:15,215481744+01:00
57.014146167
9.9871235
0.3456
37.5
0.0
 
2019-03-06T16:58:16,214304060+01:00
57.014142
9.987114667
0.6012
38.6
0.0
 
2019-03-06T16:58:17,209379505+01:00
57.014144333
9.987106167
0.648
39.8
0.0
 
2019-03-06T16:58:18,210589209+01:00
57.014140833
9.987094667
0.702
40.9
0.0
 
2019-03-06T16:58:19,222779379+01:00
57.0141395
9.987088167
0.54
41.6
0.0
 
2019-03-06T16:58:20,235609335+01:00
57.014134333
9.9870845
0.7812
42.5
0.0
 
2019-03-06T16:58:21,232168676+01:00
57.014128167
9.987075333
1.35
43.1
0.0
 
2019-03-06T16:58:22,218790101+01:00
57.0141215
9.987067167
1.7496
43.9
0.0
 
2019-03-06T16:58:23,211358898+01:00
57.014121333
9.987070167
1.1376
44.6
0.0
 
2019-03-06T16:58:24,216646384+01:00
57.014118333
9.987077667
1.2024
44.7
0.0
 
2019-03-06T16:58:25,212485069+01:00
57.014118167
9.987083833
0.7524
44.8
0.0
 
2019-03-06T16:58:26,214270229+01:00
57.014123667
9.98709
0.3096
45.4
0.0
 
2019-03-06T16:58:27,214428699+01:00
57.014123167
9.987079333
0.4104
45.9
0.0
 
2019-03-06T16:58:28,215832925+01:00
57.014125
9.987084167
0.2952
46.4
0.0
 
2019-03-06T16:58:29,219557520+01:00
57.014129833
9.987092667
0.7884
46.8
0.0
 
2019-03-06T16:58:30,219524539+01:00
57.014129167
9.9870845
0.6624
47.5
0.0
 
2019-03-06T16:58:31,212060302+01:00
57.0141225
9.9870595
1.3824
48.1
0.0
 
2019-03-06T16:58:32,218705162+01:00
57.014121667
9.987058667
1.08
48.1
0.0
 
2019-03-06T16:58:33,218513291+01:00
57.014121
9.987052167
1.1484
48.3
0.0
 
2019-03-06T16:58:34,212229998+01:00
57.014127333
9.9870565
0.9828
48.5
0.0
 
2019-03-06T16:58:35,211462960+01:00
57.014127167
9.987063833
0.2484
48.3
0.0
 
2019-03-06T16:58:36,209897287+01:00
57.014121333
9.987055
0.8064
48.7
0.0
 
2019-03-06T16:58:37,216957855+01:00
57.0141245
9.987057167
0.2484
48.7
0.0
 
2019-03-06T16:58:38,214409856+01:00
57.014124
9.987059833
0.1476
48.7
0.0
 
2019-03-06T16:58:39,222788361+01:00
57.014119833
9.987054333
0.72
48.8
0.0
 
2019-03-06T16:58:40,212934387+01:00
57.014119
9.987056667
0.7236
48.7
0.0
 
2019-03-06T16:58:41,225785409+01:00
57.014113833
9.987051833
1.3356
48.6
0.0
 
2019-03-06T16:58:42,216266821+01:00
57.014119667
9.987061167
0.3852
48.5
0.0
 
2019-03-06T16:58:43,212562137+01:00
57.0141225
9.987073167
0.1872
48.1
0.0
 
2019-03-06T16:58:44,229096395+01:00
57.014119
9.987074333
0.8352
47.9
0.0
 
2019-03-06T16:58:45,216068301+01:00
57.014119333
9.987080833
0.7632
47.9
0.0
 
2019-03-06T16:58:46,221167559+01:00
57.014113
9.987079667
1.4652
47.9
0.0
 
2019-03-06T16:58:47,215166944+01:00
57.0141165
9.98709
0.7884
47.8
0.0
 
2019-03-06T16:58:48,217868733+01:00
57.014120333
9.987098667
0.2844
47.7
0.0
 
2019-03-06T16:58:49,228974910+01:00
57.014125667
9.9871075
0.738
47.5
0.0
 
2019-03-06T16:58:50,215165308+01:00
57.014124
9.987109333
0.5076
47.7
0.0
 
2019-03-06T16:58:51,232437428+01:00
57.014126833
9.987120333
0.6984
47.4
0.0
 
2019-03-06T16:58:52,221058967+01:00
57.014131833
9.987128
0.9504
47.6
0.0
 
2019-03-06T16:58:53,219572729+01:00
57.014128167
9.9871255
0.0864
47.6
0.0
 
2019-03-06T16:58:54,221705587+01:00
57.014128333
9.987124333
0.072
47.8
0.0
 
2019-03-06T16:58:55,224462304+01:00
57.014125333
9.987117667
0.6876
48.0
0.0
 
2019-03-06T16:58:56,217980858+01:00
57.014118833
9.987105667
1.4868
48.2
0.0
 
2019-03-06T16:58:57,223396982+01:00
57.0141135
9.987094
1.8828
48.4
0.0
 
2019-03-06T16:58:58,222161999+01:00
57.014107667
9.987079167
2.4048
48.6
0.0
 
2019-03-06T16:58:59,222842493+01:00
57.014101833
9.9870705
2.6892
48.6
0.0
 
2019-03-06T16:59:00,216524851+01:00
57.014100667
9.987076167
2.2464
48.5
0.0
 
2019-03-06T16:59:01,220039545+01:00
57.014094333
9.9870755
2.4948
48.4
0.0
 
2019-03-06T16:59:02,218972141+01:00
57.014090333
9.987078833
2.1204
48.2
0.0
 
2019-03-06T16:59:03,223296909+01:00
57.014076167
9.987066333
3.1212
48.3
0.0
 
2019-03-06T16:59:04,218430868+01:00
57.014074167
9.987069
2.574
48.3
0.0
 
2019-03-06T16:59:05,222766153+01:00
57.0140835
9.987079167
1.0044
48.5
0.0
 
2019-03-06T16:59:06,221751965+01:00
57.014085333
9.987076667
0.72
48.7
0.0
 
2019-03-06T16:59:07,224020390+01:00
57.014081667
9.987071667
0.9216
48.8
0.0
 
2019-03-06T16:59:08,221681255+01:00
57.014075833
9.987058667
1.494
49.0
0.0
 
2019-03-06T16:59:09,217320968+01:00
57.014073333
9.987064667
1.1628
48.8
0.0
 
2019-03-06T16:59:10,223024644+01:00
57.014069
9.987058167
1.4652
48.8
0.0
 
2019-03-06T16:59:11,224294371+01:00
57.014064833
9.987055833
1.5084
48.7
0.0
 
2019-03-06T16:59:12,225731270+01:00
57.014049333
9.987039333
2.844
48.6
0.0
 
2019-03-06T16:59:13,222439948+01:00
57.014036833
9.987021667
3.6432
48.7
211.47
 
2019-03-06T16:59:14,218830149+01:00
57.014034833
9.987026333
3.042
48.4
0.0
 
2019-03-06T16:59:15,219451147+01:00
57.014034333
9.9870225
2.268
48.5
0.0
 
2019-03-06T16:59:16,231451728+01:00
57.014031333
9.9870225
2.0088
48.4
0.0
 
2019-03-06T16:59:17,232462324+01:00
57.0140365
9.987039833
1.2528
48.2
0.0
 
2019-03-06T16:59:18,222198732+01:00
57.014052333
9.987062167
0.648
48.1
0.0
 
2019-03-06T16:59:19,227316839+01:00
57.014057167
9.987063667
0.8136
48.2
0.0
 
2019-03-06T16:59:20,223243752+01:00
57.014070167
9.987079833
1.6992
48.2
0.0
 
2019-03-06T16:59:21,227787959+01:00
57.014067667
9.987093333
1.3176
47.9
0.0
 
2019-03-06T16:59:22,230799178+01:00
57.014078333
9.9871015
1.8216
47.9
0.0
 
2019-03-06T16:59:23,232522696+01:00
57.014082
9.987106333
1.6632
47.7
0.0
 
2019-03-06T16:59:24,223789648+01:00
57.014093
9.987124167
2.142
47.2
0.0
 
2019-03-06T16:59:25,221988490+01:00
57.0141115
9.987137333
3.0132
46.8
0.0
 
2019-03-06T16:59:26,220344635+01:00
57.014113
9.987148833
2.4804
46.3
0.0
 
2019-03-06T16:59:27,229079917+01:00
57.014122
9.987151167
2.5092
45.8
0.0
 
2019-03-06T16:59:28,227757855+01:00
57.014124833
9.987148167
2.124
45.5
0.0
 
2019-03-06T16:59:29,224081122+01:00
57.0141285
9.987142167
2.07
45.0
0.0
 
2019-03-06T16:59:30,225763901+01:00
57.014119
9.987147
0.2376
44.4
0.0
 
2019-03-06T16:59:31,225130679+01:00
57.014119167
9.987140667
0.6192
43.9
0.0
 
2019-03-06T16:59:32,235709070+01:00
57.014112
9.9871375
0.954
43.2
0.0
 
2019-03-06T16:59:33,227098597+01:00
57.014108
9.987123333
1.71
42.6
0.0
 
2019-03-06T16:59:34,223458361+01:00
57.0141075
9.987122333
1.4436
42.2
0.0
 
2019-03-06T16:59:35,230296146+01:00
57.014105
9.9871255
1.2996
41.4
0.0
 
2019-03-06T16:59:36,228790260+01:00
57.014114167
9.987133667
0.6048
41.1
0.0
 
2019-03-06T16:59:37,228468610+01:00
57.014110167
9.9871415
0.648
40.6
0.0
 
2019-03-06T16:59:38,218409928+01:00
57.014103167
9.987133
1.2348
40.1
0.0
 
2019-03-06T16:59:39,230324667+01:00
57.0140875
9.9871245
2.664
39.8
0.0
 
2019-03-06T16:59:40,238764335+01:00
57.0140835
9.987134667
2.4912
39.5
0.0
 
2019-03-06T16:59:41,236878495+01:00
57.014075833
9.98713
2.43
39.5
0.0
 
2019-03-06T16:59:42,233775491+01:00
57.014075167
9.987139667
2.1132
39.2
0.0
 
2019-03-06T16:59:43,231240226+01:00
57.014077333
9.987159167
1.6596
38.8
0.0
 
2019-03-06T16:59:44,244343005+01:00
57.014075333
9.987155667
0.9468
38.4
0.0
 
2019-03-06T16:59:45,233175590+01:00
57.014080833
9.98716
0.0576
38.2
0.0
 
2019-03-06T16:59:46,225846825+01:00
57.014079167
9.987161167
0.0972
38.2
0.0
 
2019-03-06T16:59:47,238619017+01:00
57.014077667
9.987173333
0.5796
38.2
0.0
 
2019-03-06T16:59:48,230378574+01:00
57.014071667
9.987179167
0.99
38.2
0.0
 
2019-03-06T16:59:49,221448938+01:00
57.014067333
9.987178167
0.702
38.2
0.0
 
2019-03-06T16:59:50,226840443+01:00
57.014053333
9.987165833
1.2672
38.4
0.0
 
2019-03-06T16:59:51,228632740+01:00
57.014048333
9.987180167
1.3824
38.7
0.0
 
2019-03-06T16:59:52,222805857+01:00
57.014043833
9.987174333
0.8964
38.8
0.0
 
2019-03-06T16:59:53,235221766+01:00
57.014043167
9.987158833
0.792
39.3
0.0
 
2019-03-06T16:59:54,229340868+01:00
57.014036333
9.987147
1.2348
39.6
0.0
 
2019-03-06T16:59:55,232671502+01:00
57.014028167
9.987139167
1.3932
39.9
0.0
 
2019-03-06T16:59:56,223918417+01:00
57.014018
9.987121333
1.6056
40.3
0.0
 
2019-03-06T16:59:57,231775044+01:00
57.01401
9.9871245
1.134
40.8
0.0
 
2019-03-06T16:59:58,226907298+01:00
57.014012
9.987125833
0.3096
41.2
0.0
 
2019-03-06T16:59:59,231427995+01:00
57.014015833
9.987155167
0.9324
41.6
0.0
 
2019-03-06T17:00:00,227134715+01:00
57.014012167
9.9871745
1.6884
42.1
0.0
 
2019-03-06T17:00:01,228914873+01:00
57.014001333
9.9871665
1.404
42.5
0.0
 
2019-03-06T17:00:02,234533264+01:00
57.0139915
9.987174167
1.8684
43.1
0.0
 
2019-03-06T17:00:03,232400130+01:00
57.0140015
9.9871925
0.7884
43.6
0.0
 
2019-03-06T17:00:04,231352976+01:00
57.013998167
9.9871805
0.972
44.1
0.0
 
2019-03-06T17:00:05,231509582+01:00
57.013991833
9.987175833
1.3644
44.8
0.0
 
2019-03-06T17:00:06,232417026+01:00
57.013989167
9.987177667
1.1844
45.3
0.0
 
2019-03-06T17:00:07,226564083+01:00
57.0139835
9.987169
1.3464
45.9
0.0
 
2019-03-06T17:00:08,232069493+01:00
57.0139735
9.987163167
1.6884
46.4
0.0
 
2019-03-06T17:00:09,229748474+01:00
57.013972667
9.987147833
2.2464
46.8
0.0
 
2019-03-06T17:00:10,231677410+01:00
57.013961833
9.987146167
1.9692
47.1
0.0
 
2019-03-06T17:00:11,233616252+01:00
57.0139615
9.987141833
1.6812
47.5
0.0
 
2019-03-06T17:00:12,238612132+01:00
57.0139675
9.987143667
1.098
48.0
0.0
 
2019-03-06T17:00:13,234421641+01:00
57.013967833
9.987141
0.9324
48.3
0.0
 
2019-03-06T17:00:14,223305555+01:00
57.013948333
9.98713
1.6956
48.8
0.0
 
2019-03-06T17:00:15,228251563+01:00
57.013944
9.987125667
1.8972
49.0
0.0
 
2019-03-06T17:00:16,223553789+01:00
57.013944333
9.987116833
1.4148
49.4
0.0
 
2019-03-06T17:00:17,230458087+01:00
57.013932333
9.987126167
2.142
49.5
0.0
 
2019-03-06T17:00:18,232025077+01:00
57.013945167
9.987148167
1.5696
49.4
0.0
 
2019-03-06T17:00:19,235249394+01:00
57.013949167
9.987183167
3.3516
49.3
0.0
 
2019-03-06T17:00:20,229897596+01:00
57.013960833
9.987174667
2.0196
49.5
0.0
 
2019-03-06T17:00:21,234772120+01:00
57.013958667
9.987165
1.332
49.8
0.0
 
2019-03-06T17:00:22,227590728+01:00
57.013948833
9.987164833
1.1556
49.7
0.0
 
2019-03-06T17:00:23,227715654+01:00
57.013948667
9.9871605
0.8928
49.9
0.0
 
2019-03-06T17:00:24,229729449+01:00
57.013945333
9.987148167
0.684
50.2
0.0
 
2019-03-06T17:00:25,230068595+01:00
57.013947
9.987136667
0.4212
50.4
0.0
 
2019-03-06T17:00:26,231853992+01:00
57.013938167
9.987126833
1.0044
50.5
0.0
 
2019-03-06T17:00:27,236200528+01:00
57.013921333
9.987078
2.34
50.6
0.0
 
2019-03-06T17:00:28,230680506+01:00
57.013906
9.987073667
2.898
50.7
0.0
 
2019-03-06T17:00:29,232021746+01:00
57.013902333
9.987056
2.8368
51.0
0.0
 
2019-03-06T17:00:30,239144332+01:00
57.013891167
9.987035667
3.312
51.3
0.0
 
2019-03-06T17:00:31,235410385+01:00
57.0138955
9.987045667
2.5092
51.2
0.0
 
2019-03-06T17:00:32,227726792+01:00
57.013881
9.9870095
4.2408
51.2
0.0
 
2019-03-06T17:00:33,231289359+01:00
57.013883667
9.987006333
3.4668
51.4
0.0
 
2019-03-06T17:00:34,230759203+01:00
57.013886
9.986998833
3.2004
51.6
0.0
 
2019-03-06T17:00:35,233777587+01:00
57.013892
9.986995833
2.988
51.3
0.0
 
2019-03-06T17:00:36,231895604+01:00
57.013891333
9.987000667
2.7396
51.3
0.0
 
2019-03-06T17:00:37,239243150+01:00
57.013898833
9.987000333
2.3472
51.2
0.0
 
2019-03-06T17:00:38,232240884+01:00
57.013896333
9.987012
2.0772
51.2
0.0
 
2019-03-06T17:00:39,233686664+01:00
57.013904667
9.987013
1.7136
51.6
0.0
 
2019-03-06T17:00:40,229109496+01:00
57.013905667
9.9870285
1.5048
51.7
0.0
 
2019-03-06T17:00:41,230011669+01:00
57.0139135
9.987025333
1.0944
51.8
0.0
 
2019-03-06T17:00:42,238306424+01:00
57.013914
9.987023
1.3392
51.9
0.0
 
2019-03-06T17:00:43,236056222+01:00
57.0139065
9.987020333
1.8432
52.2
0.0
 
2019-03-06T17:00:44,246646979+01:00
57.013899167
9.987017333
2.4624
52.1
0.0
 
2019-03-06T17:00:45,242803241+01:00
57.013910667
9.987006167
2.0844
52.2
0.0
 
2019-03-06T17:00:46,236988670+01:00
57.013916
9.986993
2.6748
52.2
0.0
 
2019-03-06T17:00:47,240000452+01:00
57.013915167
9.987004333
1.6668
52.0
0.0
 
2019-03-06T17:00:48,231920964+01:00
57.013916833
9.987005333
1.692
52.1
0.0
 
2019-03-06T17:00:49,251507454+01:00
57.013922667
9.987015
1.134
52.0
0.0
 
2019-03-06T17:00:50,236506827+01:00
57.013927667
9.987028333
0.882
51.9
0.0
 
2019-03-06T17:00:51,234472223+01:00
57.0139435
9.987044167
0.9
51.7
0.0
 
2019-03-06T17:00:52,235979516+01:00
57.0139565
9.9870515
1.2276
51.6
0.0
 
2019-03-06T17:00:53,238636392+01:00
57.013952167
9.987063333
0.8532
51.5
0.0
 
2019-03-06T17:00:54,235448978+01:00
57.013959333
9.987068
0.4536
51.3
0.0
 
2019-03-06T17:00:55,233913237+01:00
57.013960833
9.987071333
0.2736
51.1
0.0
 
2019-03-06T17:00:56,233847031+01:00
57.013969
9.9870905
1.2564
51.1
0.0
 
2019-03-06T17:00:57,239419307+01:00
57.013971667
9.987099167
1.2348
51.0
0.0
 
2019-03-06T17:00:58,236582131+01:00
57.013971833
9.987093333
0.5328
51.1
0.0
 
2019-03-06T17:00:59,237148723+01:00
57.0139765
9.9870965
0.7164
51.1
0.0
 
2019-03-06T17:01:00,236171196+01:00
57.013988167
9.987100833
1.3356
51.1
0.0
 
2019-03-06T17:01:01,234575031+01:00
57.013988833
9.987109167
0.468
50.6
0.0
 
2019-03-06T17:01:02,232454587+01:00
57.014005333
9.987102833
1.8216
50.5
0.0
 
2019-03-06T17:01:03,230260690+01:00
57.014019167
9.987117667
2.4372
50.5
0.0
 
2019-03-06T17:01:04,238404847+01:00
57.014025
9.9871095
2.3904
50.5
0.0
 
2019-03-06T17:01:05,234199222+01:00
57.014035667
9.987111
2.6532
50.6
0.0
 
2019-03-06T17:01:06,231275531+01:00
57.014040333
9.987107167
2.5164
50.7
0.0
 
2019-03-06T17:01:07,235663648+01:00
57.014039167
9.987102
1.8792
50.7
0.0
 
2019-03-06T17:01:08,236336270+01:00
57.014024333
9.987096
0.6336
50.8
0.0
 
2019-03-06T17:01:09,232884073+01:00
57.01402
9.987084
1.3824
50.8
0.0
 
2019-03-06T17:01:10,231365422+01:00
57.014014833
9.987079167
1.494
50.7
0.0
 
2019-03-06T17:01:11,236193718+01:00
57.014008167
9.987071667
1.7712
50.6
0.0
 
2019-03-06T17:01:12,233086843+01:00
57.0140025
9.98706
2.1744
50.5
0.0
 
2019-03-06T17:01:13,244294374+01:00
57.014007167
9.987056333
1.6812
50.4
0.0
 
2019-03-06T17:01:14,234482922+01:00
57.014001333
9.987051167
1.6884
50.2
0.0
 
2019-03-06T17:01:15,240023401+01:00
57.013977167
9.987044333
2.7072
48.7
0.0
 
2019-03-06T17:01:16,229064855+01:00
57.0139765
9.987032167
2.88
48.6
0.0
 
2019-03-06T17:01:17,229757491+01:00
57.013981167
9.987046167
1.6344
48.5
0.0
 
2019-03-06T17:01:18,229925267+01:00
57.013977667
9.987046333
1.6524
48.5
0.0
 
2019-03-06T17:01:19,232994381+01:00
57.013977833
9.987045833
1.584
48.5
0.0
 
2019-03-06T17:01:20,233455237+01:00
57.013976667
9.987047667
1.4976
48.5
0.0
 
2019-03-06T17:01:21,236172771+01:00
57.013974667
9.987056833
1.1988
48.5
0.0
 
2019-03-06T17:01:22,229393138+01:00
57.0139675
9.987063333
1.5228
48.4
0.0
 
2019-03-06T17:01:23,233201637+01:00
57.0139685
9.987077167
1.1448
48.5
0.0
 
2019-03-06T17:01:24,239722123+01:00
57.0139675
9.987082
1.0296
48.4
0.0
 
2019-03-06T17:01:25,229524136+01:00
57.013966
9.987092167
0.9108
47.1
0.0
 
2019-03-06T17:01:26,232465076+01:00
57.013960667
9.987090833
1.08
47.1
0.0
 
2019-03-06T17:01:27,226588266+01:00
57.013962833
9.987096333
0.81
47.1
0.0
 
2019-03-06T17:01:28,230806719+01:00
57.013963333
9.987104667
0.612
47.0
0.0
 
2019-03-06T17:01:29,234779090+01:00
57.013958
9.987105833
0.8856
47.0
0.0
 
2019-03-06T17:01:30,234254265+01:00
57.013961667
9.987115333
0.576
47.0
0.0
 
2019-03-06T17:01:31,237108828+01:00
57.013963667
9.9871285
0.4536
46.9
0.0
 
2019-03-06T17:01:32,236170623+01:00
57.013935167
9.987121167
1.3608
46.4
0.0
 
2019-03-06T17:01:33,236399581+01:00
57.013900167
9.987100167
2.8152
46.0
0.0
 
2019-03-06T17:01:34,231987989+01:00
57.013893833
9.987103333
2.844
45.9
0.0
 
2019-03-06T17:01:35,249509602+01:00
57.013884333
9.9870995
3.0816
45.7
0.0
 
2019-03-06T17:01:36,232859354+01:00
57.013880333
9.987110167
2.7792
45.6
0.0
 
2019-03-06T17:01:37,232884381+01:00
57.013886
9.987120833
2.178
45.5
0.0
 
2019-03-06T17:01:38,226219084+01:00
57.013891833
9.987129833
1.7136
45.4
0.0
 
2019-03-06T17:01:39,236473884+01:00
57.013897167
9.9871355
1.2636
45.3
0.0
 
2019-03-06T17:01:40,236849116+01:00
57.013911667
9.9871495
0.4644
45.2
0.0
 
2019-03-06T17:01:41,236686127+01:00
57.0139265
9.987156167
0.5256
45.1
0.0
 
2019-03-06T17:01:42,229721387+01:00
57.013943333
9.9871775
0.99
45.0
0.0
 
2019-03-06T17:01:43,233187745+01:00
57.013961667
9.987188667
1.6992
44.9
0.0
 
2019-03-06T17:01:44,251879382+01:00
57.013976
9.987199167
2.1132
44.8
0.0
 
2019-03-06T17:01:45,230241701+01:00
57.013995
9.987212333
2.7576
44.8
0.0
 
2019-03-06T17:01:46,231224936+01:00
57.01401
9.987229833
3.0744
44.8
0.0
 
2019-03-06T17:01:47,239306134+01:00
57.0139995
9.987216
2.3832
45.0
0.0
 
2019-03-06T17:01:48,237129061+01:00
57.013985
9.987210333
1.3248
45.2
0.0
 
2019-03-06T17:01:49,237801675+01:00
57.013984833
9.987207667
1.2348
45.3
0.0
 
