
2019-05-10T11:51:57,646399093+02:00
nan
nan
nan
nan
nan
 
2019-05-10T11:51:58,646335542+02:00
nan
nan
nan
nan
nan
 
2019-05-10T11:51:59,647975453+02:00
nan
nan
nan
nan
nan
 
2019-05-10T11:52:00,646706356+02:00
nan
nan
nan
nan
nan
 
2019-05-10T11:52:01,645248059+02:00
nan
nan
nan
nan
nan
 
2019-05-10T11:52:02,661820159+02:00
nan
nan
nan
nan
nan
 
2019-05-10T11:52:03,649450278+02:00
nan
nan
nan
nan
nan
 
2019-05-10T11:52:04,646385480+02:00
nan
nan
nan
nan
nan
 
2019-05-10T11:57:30,927045582+02:00
nan
nan
nan
nan
nan
 
2019-05-10T11:57:32,713776446+02:00
nan
nan
nan
nan
nan
 
2019-05-10T11:57:33,678793696+02:00
nan
nan
nan
nan
nan
 
2019-05-10T11:57:34,720643845+02:00
nan
nan
nan
nan
nan
 
2019-05-10T11:57:35,702586368+02:00
nan
nan
nan
nan
nan
 
2019-05-10T11:57:36,708408622+02:00
nan
nan
nan
nan
nan
 
2019-05-10T11:57:37,685565115+02:00
nan
nan
nan
nan
nan
 
2019-05-10T11:57:38,666961815+02:00
nan
nan
nan
nan
nan
 
2019-05-10T11:57:39,722902310+02:00
nan
nan
nan
nan
nan
 
2019-05-10T11:57:41,709235063+02:00
nan
nan
nan
nan
nan
 
2019-05-10T11:57:42,733381463+02:00
nan
nan
nan
nan
nan
 
2019-05-10T11:57:43,746552801+02:00
nan
nan
nan
nan
nan
 
2019-05-10T11:57:44,718447390+02:00
nan
nan
nan
nan
nan
 
2019-05-10T11:57:45,706516891+02:00
nan
nan
nan
nan
nan
 
2019-05-10T11:57:46,674492127+02:00
nan
nan
nan
nan
nan
 
2019-05-10T11:57:47,664720763+02:00
nan
nan
nan
nan
nan
 
2019-05-10T11:57:48,734574486+02:00
nan
nan
nan
nan
nan
 
2019-05-10T11:57:49,701623714+02:00
nan
nan
nan
nan
nan
 
2019-05-10T11:57:50,681383472+02:00
nan
nan
nan
nan
nan
 
2019-05-10T11:57:51,700198584+02:00
nan
nan
nan
nan
nan
 
2019-05-10T11:57:52,698293415+02:00
nan
nan
nan
nan
nan
 
2019-05-10T11:57:53,726902829+02:00
nan
nan
nan
nan
nan
 
2019-05-10T11:57:54,670837262+02:00
nan
nan
nan
nan
nan
 
2019-05-10T11:57:55,709611113+02:00
nan
nan
nan
nan
nan
 
2019-05-10T11:57:56,688378933+02:00
nan
nan
nan
nan
nan
 
2019-05-10T11:57:57,674844103+02:00
nan
nan
nan
nan
nan
 
2019-05-10T11:57:58,712315671+02:00
nan
nan
nan
nan
nan
 
