
2019-05-07T16:30:26,936567451+02:00
57.014038333
9.9871255
0.1008
nan
0.0
 
2019-05-07T16:30:27,135645590+02:00
57.0140385
9.987126
0.1296
nan
0.0
 
2019-05-07T16:30:27,334911861+02:00
57.014038333
9.987126333
0.3348
nan
0.0
 
2019-05-07T16:30:27,536212411+02:00
57.014039
9.987126833
0.3132
nan
0.0
 
2019-05-07T16:30:27,736644333+02:00
57.014038833
9.987127
0.1692
nan
0.0
 
2019-05-07T16:30:27,937122068+02:00
57.014038833
9.987127667
0.234
nan
0.0
 
2019-05-07T16:30:28,131517030+02:00
57.014038667
9.987128167
0.2412
nan
0.0
 
2019-05-07T16:30:28,338409650+02:00
57.014038833
9.987128333
0.0432
nan
0.0
 
2019-05-07T16:30:28,535617367+02:00
57.014039167
9.987128
0.2736
nan
0.0
 
2019-05-07T16:30:28,738062454+02:00
57.014039333
9.987127833
0.3168
nan
0.0
 
2019-05-07T16:30:28,934241174+02:00
57.0140395
9.987128333
0.2124
nan
0.0
 
2019-05-07T16:30:29,325226905+02:00
57.01404
9.9871285
0.2484
nan
0.0
 
2019-05-07T16:30:29,713068456+02:00
57.01404
9.9871285
0.18
nan
0.0
 
2019-05-07T16:30:29,906648082+02:00
57.014040167
9.987128833
0.1404
nan
0.0
 
2019-05-07T16:30:30,100660044+02:00
57.014040167
9.987129333
0.1548
nan
0.0
 
2019-05-07T16:30:30,296330552+02:00
57.01404
9.98713
0.2268
nan
0.0
 
2019-05-07T16:30:30,684719889+02:00
57.014040167
9.987131167
0.0576
nan
0.0
 
2019-05-07T16:30:31,074872617+02:00
57.014040333
9.987131167
0.1548
nan
0.0
 
2019-05-07T16:30:31,475337038+02:00
57.014040333
9.987131833
0.2196
nan
0.0
 
2019-05-07T16:30:31,664721630+02:00
57.014040167
9.987132167
0.1692
nan
0.0
 
2019-05-07T16:30:31,900962476+02:00
57.014040333
9.987132833
0.0504
nan
0.0
 
2019-05-07T16:30:32,253488907+02:00
57.014040167
9.987134333
0.18
nan
0.0
 
2019-05-07T16:30:32,645301328+02:00
57.0140405
9.987134667
0.3348
nan
0.0
 
2019-05-07T16:30:33,044812130+02:00
57.014039667
9.987134833
0.1944
nan
0.0
 
2019-05-07T16:30:33,442923890+02:00
57.0140395
9.987134167
0.2088
nan
0.0
 
2019-05-07T16:30:34,017492438+02:00
57.0140385
9.987134333
0.324
nan
0.0
 
2019-05-07T16:30:34,808250256+02:00
57.014036
9.987132333
0.0216
nan
0.0
 
2019-05-07T16:30:35,010165837+02:00
57.014035167
9.987132
0.0828
nan
0.0
 
2019-05-07T16:30:35,408195289+02:00
57.0140335
9.987130167
0.0396
nan
0.0
 
2019-05-07T16:30:35,798580299+02:00
57.0140325
9.987128667
0.036
nan
0.0
 
2019-05-07T16:30:36,199520962+02:00
57.014031167
9.987128
0.3132
nan
0.0
 
2019-05-07T16:30:36,577987157+02:00
57.014029833
9.987127667
0.2736
nan
0.0
 
2019-05-07T16:30:36,787625456+02:00
57.014029
9.987127
0.3456
nan
0.0
 
2019-05-07T16:30:37,177993602+02:00
57.014027833
9.987127
0.1224
nan
0.0
 
2019-05-07T16:30:37,580781173+02:00
57.014026667
9.987126833
0.1044
nan
0.0
 
2019-05-07T16:30:37,991685786+02:00
57.014025833
9.987127333
0.2376
nan
0.0
 
2019-05-07T16:30:38,390759794+02:00
57.014024667
9.9871265
0.4248
nan
0.0
 
2019-05-07T16:30:38,755808687+02:00
57.014023167
9.987126167
0.3924
nan
0.0
 
2019-05-07T16:30:38,981923769+02:00
57.0140235
9.987126667
0.5868
nan
0.0
 
2019-05-07T16:30:39,365870270+02:00
57.0140235
9.987126667
0.4644
nan
0.0
 
2019-05-07T16:30:39,752854112+02:00
57.014022833
9.987127667
0.162
nan
0.0
 
2019-05-07T16:30:40,155383844+02:00
57.0140225
9.987129
0.396
nan
0.0
 
2019-05-07T16:30:40,382422188+02:00
57.014022333
9.987129167
0.2124
nan
0.0
 
2019-05-07T16:30:40,935007686+02:00
57.014022167
9.987130167
0.3672
nan
0.0
 
2019-05-07T16:30:41,529348646+02:00
57.014022667
9.9871285
0.396
nan
0.0
 
2019-05-07T16:30:41,930141382+02:00
57.014023167
9.9871275
0.2664
nan
0.0
 
2019-05-07T16:30:42,330506959+02:00
57.014023833
9.987126167
0.4716
nan
0.0
 
2019-05-07T16:30:42,932742170+02:00
57.014025
9.987126833
0.234
nan
0.0
 
2019-05-07T16:30:43,328716156+02:00
57.014025833
9.987128167
0.1836
nan
0.0
 
2019-05-07T16:30:43,783790804+02:00
57.0140265
9.987129
0.3744
nan
0.0
 
2019-05-07T16:30:44,337775704+02:00
57.014026667
9.987131333
0.2196
nan
0.0
 
2019-05-07T16:30:44,726051866+02:00
57.014027
9.987132833
0.162
nan
0.0
 
2019-05-07T16:30:45,325977402+02:00
57.0140265
9.987133333
0.4212
nan
0.0
 
2019-05-07T16:30:45,720633248+02:00
57.014025333
9.987134333
0.108
nan
0.0
 
2019-05-07T16:30:46,119378296+02:00
57.014024333
9.987134667
0.3888
nan
0.0
 
2019-05-07T16:30:46,715294851+02:00
57.0140235
9.987134333
0.1404
nan
0.0
 
2019-05-07T16:30:47,128127253+02:00
57.014022833
9.987135333
0.0972
nan
0.0
 
2019-05-07T16:30:47,512683289+02:00
57.014023
9.987135333
0.45
nan
0.0
 
2019-05-07T16:30:47,909433583+02:00
57.014022167
9.987136667
0.162
nan
0.0
 
2019-05-07T16:30:48,150335926+02:00
57.014021667
9.987137
0.1584
nan
0.0
 
2019-05-07T16:30:48,505001713+02:00
57.014021167
9.987138
0.1692
nan
0.0
 
2019-05-07T16:30:48,908692397+02:00
57.014020667
9.987138
0.0108
nan
0.0
 
2019-05-07T16:30:49,310438718+02:00
57.014020333
9.9871385
0.1584
nan
0.0
 
2019-05-07T16:30:49,705392956+02:00
57.014019667
9.987139
0.2916
nan
0.0
 
2019-05-07T16:30:50,103441234+02:00
57.0140185
9.987139333
0.2052
nan
0.0
 
2019-05-07T16:30:50,501728897+02:00
57.014017833
9.987139167
0.1224
nan
0.0
 
2019-05-07T16:30:50,901621754+02:00
57.014017
9.987139
0.2628
nan
0.0
 
2019-05-07T16:30:51,301578675+02:00
57.0140165
9.987137833
0.6048
nan
0.0
 
2019-05-07T16:30:51,914672592+02:00
57.014015167
9.987136
0.7416
nan
0.0
 
2019-05-07T16:30:52,300329677+02:00
57.014013667
9.987137
0.27
nan
0.0
 
2019-05-07T16:30:52,693135785+02:00
57.014012667
9.987136333
0.3708
nan
0.0
 
2019-05-07T16:30:52,920221286+02:00
57.014012333
9.987135667
0.4716
nan
0.0
 
2019-05-07T16:30:53,297486821+02:00
57.014011667
9.987134833
0.7452
nan
0.0
 
2019-05-07T16:30:53,703977989+02:00
57.014011
9.987134167
0.9972
nan
0.0
 
2019-05-07T16:30:54,100021948+02:00
57.014009667
9.987133833
0.6048
nan
0.0
 
2019-05-07T16:30:54,505877604+02:00
57.014007667
9.987134
0.774
nan
0.0
 
2019-05-07T16:30:54,897665783+02:00
57.014005167
9.987136667
1.1448
nan
0.0
 
2019-05-07T16:30:55,298414094+02:00
57.0140035
9.987136333
0.9468
nan
0.0
 
2019-05-07T16:30:55,709330361+02:00
57.014002833
9.987137167
0.4536
nan
0.0
 
2019-05-07T16:30:56,102863807+02:00
57.014
9.9871395
1.1376
nan
0.0
 
2019-05-07T16:30:56,502171938+02:00
57.014001667
9.9871425
0.2304
nan
0.0
 
2019-05-07T16:30:56,891629700+02:00
57.0140025
9.987145667
0.8784
nan
0.0
 
2019-05-07T16:30:57,497657663+02:00
57.014002
9.987151333
1.0692
nan
0.0
 
2019-05-07T16:30:57,912143504+02:00
57.014002667
9.987153333
1.1484
nan
0.0
 
2019-05-07T16:30:58,295447218+02:00
57.014005167
9.987154833
1.8324
nan
0.0
 
2019-05-07T16:30:58,688533774+02:00
57.0140035
9.987157333
1.3284
nan
0.0
 
2019-05-07T16:30:59,088896850+02:00
57.014000167
9.987159
0.5688
nan
0.0
 
2019-05-07T16:30:59,510977182+02:00
57.0139985
9.987162167
0.3528
nan
0.0
 
2019-05-07T16:30:59,890499169+02:00
57.0139965
9.987166333
0.2736
nan
0.0
 
2019-05-07T16:31:00,301054250+02:00
57.013992667
9.987167667
0.504
nan
0.0
 
2019-05-07T16:31:00,695942496+02:00
57.01399
9.987170167
0.3852
nan
0.0
 
2019-05-07T16:31:01,096428174+02:00
57.013988333
9.987172667
0.3168
nan
0.0
 
2019-05-07T16:31:01,512798803+02:00
57.013989333
9.987173667
0.5472
nan
0.0
 
2019-05-07T16:31:01,913424538+02:00
57.013992333
9.987173333
1.1952
nan
0.0
 
2019-05-07T16:31:02,309428695+02:00
57.013993167
9.987173333
1.1844
nan
0.0
 
2019-05-07T16:31:02,713920031+02:00
57.013993167
9.987173667
1.4436
nan
0.0
 
2019-05-07T16:31:03,118395006+02:00
57.013992833
9.987174833
1.1844
nan
0.0
 
2019-05-07T16:31:03,523809262+02:00
57.013992
9.987173667
1.44
nan
0.0
 
2019-05-07T16:31:03,937437050+02:00
57.013991667
9.987172833
1.3644
nan
0.0
 
2019-05-07T16:31:04,383432110+02:00
57.013989333
9.9871735
0.3852
nan
0.0
 
2019-05-07T16:31:04,751906666+02:00
57.0139885
9.987174833
0.306
nan
0.0
 
2019-05-07T16:31:05,143541046+02:00
57.013987333
9.987175333
0.468
nan
0.0
 
2019-05-07T16:31:05,546788927+02:00
57.013985167
9.987176667
0.18
nan
0.0
 
2019-05-07T16:31:05,957695584+02:00
57.013987
9.987177167
1.0836
nan
0.0
 
2019-05-07T16:31:06,349005685+02:00
57.013984
9.987177667
0.522
nan
0.0
 
2019-05-07T16:31:06,583413022+02:00
57.013984
9.9871785
0.3564
nan
0.0
 
2019-05-07T16:31:06,952538260+02:00
57.013984167
9.987179333
0.6228
nan
0.0
 
2019-05-07T16:31:07,441513515+02:00
57.013982167
9.987181667
0.0792
nan
0.0
 
2019-05-07T16:31:07,764395358+02:00
57.013982
9.987181
0.54
nan
0.0
 
2019-05-07T16:31:08,169190508+02:00
57.0139815
9.9871815
0.4032
nan
0.0
 
2019-05-07T16:31:09,371507651+02:00
57.013983333
9.987175833
1.3752
nan
0.0
 
2019-05-07T16:31:09,778227799+02:00
57.013981667
9.9871775
0.504
nan
0.0
 
2019-05-07T16:31:10,181489487+02:00
57.013983
9.987174
1.5624
nan
330.97
 
2019-05-07T16:31:10,581303504+02:00
57.013983
9.987172667
1.4364
nan
0.0
 
2019-05-07T16:31:10,981975899+02:00
57.013983333
9.9871715
1.5912
nan
316.45
 
2019-05-07T16:31:11,393892330+02:00
57.013982
9.9871735
0.6552
nan
0.0
 
2019-05-07T16:31:11,790774960+02:00
57.013981
9.987176167
0.1872
nan
0.0
 
2019-05-07T16:31:12,203481047+02:00
57.013983167
9.987171667
1.3716
nan
0.0
 
2019-05-07T16:31:12,389230687+02:00
57.013984667
9.987169167
1.9296
nan
0.0
 
2019-05-07T16:31:12,791799155+02:00
57.013984
9.987171667
0.7848
nan
0.0
 
2019-05-07T16:31:13,256361609+02:00
57.013984667
9.987169333
1.0296
nan
0.0
 
2019-05-07T16:31:13,603396052+02:00
57.013988167
9.987161
2.4876
nan
308.87
 
2019-05-07T16:31:13,998709604+02:00
57.0139875
9.987160167
1.3392
nan
0.0
 
2019-05-07T16:31:14,204887714+02:00
57.013987833
9.987160167
1.0692
nan
0.0
 
2019-05-07T16:31:14,601947557+02:00
57.013987667
9.987160333
0.63
nan
0.0
 
2019-05-07T16:31:15,007688450+02:00
57.013989333
9.987154167
1.5228
nan
0.0
 
2019-05-07T16:31:15,409455423+02:00
57.013989333
9.987156167
0.8964
nan
0.0
 
2019-05-07T16:31:15,815124015+02:00
57.013989
9.987158667
0.3816
nan
0.0
 
2019-05-07T16:31:16,201007002+02:00
57.013991
9.987151833
1.0404
nan
0.0
 
2019-05-07T16:31:16,630278022+02:00
57.0139895
9.987155833
0.306
nan
0.0
 
2019-05-07T16:31:17,012228676+02:00
57.013989
9.987158833
0.0144
nan
0.0
 
2019-05-07T16:31:17,217728228+02:00
57.013989167
9.9871595
0.0972
nan
0.0
 
2019-05-07T16:31:17,432400143+02:00
57.013990667
9.9871575
0.2556
nan
0.0
 
2019-05-07T16:31:17,813252280+02:00
57.0139905
9.987161167
0.1908
nan
0.0
 
2019-05-07T16:31:18,234951164+02:00
57.013990667
9.987162667
0.2232
nan
0.0
 
2019-05-07T16:31:18,643628253+02:00
57.013991
9.987162833
0.1728
nan
0.0
 
2019-05-07T16:31:19,013568939+02:00
57.013992333
9.9871605
0.2304
nan
0.0
 
2019-05-07T16:31:19,409720506+02:00
57.013994
9.9871585
0.4572
nan
0.0
 
2019-05-07T16:31:19,624063863+02:00
57.0139935
9.987161
0.216
nan
0.0
 
2019-05-07T16:31:20,007679728+02:00
57.013992667
9.987164167
0.1728
nan
0.0
 
2019-05-07T16:31:20,214344449+02:00
57.013992833
9.987164833
0.2304
nan
0.0
 
2019-05-07T16:31:20,403870106+02:00
57.013992
9.987165833
0.2628
nan
0.0
 
2019-05-07T16:31:20,613396250+02:00
57.013992
9.987166333
0.27
nan
0.0
 
2019-05-07T16:31:20,816088019+02:00
57.0139925
9.987166167
0.2196
nan
0.0
 
2019-05-07T16:31:21,047740840+02:00
57.013992667
9.987166167
0.1764
nan
0.0
 
2019-05-07T16:31:21,413538806+02:00
57.013994667
9.987164833
0.4212
nan
0.0
 
2019-05-07T16:31:21,619809842+02:00
57.013994667
9.9871665
0.3816
nan
0.0
 
2019-05-07T16:31:21,823583556+02:00
57.013994833
9.987166167
0.4536
nan
0.0
 
2019-05-07T16:31:22,217987202+02:00
57.013995167
9.987162833
0.4896
nan
0.0
 
2019-05-07T16:31:22,426910174+02:00
57.013994833
9.987166
0.3636
nan
0.0
 
2019-05-07T16:31:22,824733872+02:00
57.013994667
9.987167
0.3456
nan
0.0
 
2019-05-07T16:31:23,220348846+02:00
57.013996167
9.987165667
0.5616
nan
0.0
 
2019-05-07T16:31:23,853157054+02:00
57.0139985
9.987158167
0.9756
nan
0.0
 
2019-05-07T16:31:24,215462935+02:00
57.013999
9.987154167
1.1268
nan
0.0
 
2019-05-07T16:31:24,623271495+02:00
57.014000167
9.987148167
1.368
nan
0.0
 
2019-05-07T16:31:25,019984749+02:00
57.014001833
9.987147
1.3896
nan
0.0
 
2019-05-07T16:31:25,421763679+02:00
57.0140025
9.987143833
1.5192
nan
0.0
 
2019-05-07T16:31:25,823806594+02:00
57.014003333
9.987138333
1.5948
nan
0.0
 
2019-05-07T16:31:26,223496710+02:00
57.014003667
9.987137833
1.3392
nan
0.0
 
2019-05-07T16:31:26,624742369+02:00
57.014005333
9.987133
1.4148
nan
0.0
 
2019-05-07T16:31:27,022777965+02:00
57.014005667
9.9871305
1.2636
nan
0.0
 
2019-05-07T16:31:27,250542643+02:00
57.014005667
9.987132167
0.99
nan
0.0
 
2019-05-07T16:31:27,613602880+02:00
57.014005333
9.987132667
0.6768
nan
0.0
 
2019-05-07T16:31:27,824059007+02:00
57.014006333
9.987129833
0.7668
nan
0.0
 
2019-05-07T16:31:28,051881842+02:00
57.014007833
9.987127
0.9576
nan
0.0
 
2019-05-07T16:31:28,216441991+02:00
57.014009
9.987126667
0.9396
nan
0.0
 
2019-05-07T16:31:28,625754805+02:00
57.014010167
9.987123
1.0188
nan
0.0
 
2019-05-07T16:31:29,032031993+02:00
57.014012333
9.987118833
1.1772
nan
0.0
 
2019-05-07T16:31:29,426079681+02:00
57.014014333
9.987113667
1.458
nan
313.05
 
2019-05-07T16:31:29,653948348+02:00
57.014016333
9.987109333
1.7604
nan
316.31
 
2019-05-07T16:31:30,033325077+02:00
57.014019167
9.987103667
2.0844
nan
318.49
 
2019-05-07T16:31:30,420118449+02:00
57.014018833
9.987104667
1.6092
nan
318.77
 
2019-05-07T16:31:30,628793261+02:00
57.014017667
9.987107167
1.2024
nan
0.0
 
2019-05-07T16:31:30,850184625+02:00
57.014016833
9.987108333
0.9864
nan
0.0
 
2019-05-07T16:31:31,227196232+02:00
57.014015333
9.987109167
0.7272
nan
0.0
 
2019-05-07T16:31:31,850060834+02:00
57.014015667
9.987107333
0.8064
nan
0.0
 
2019-05-07T16:31:32,222677793+02:00
57.014016
9.987107
0.7848
nan
0.0
 
2019-05-07T16:31:32,635880342+02:00
57.0140165
9.987103667
0.9756
nan
0.0
 
2019-05-07T16:31:33,235278210+02:00
57.014017833
9.987101667
1.0296
nan
0.0
 
2019-05-07T16:31:33,619336599+02:00
57.014017333
9.987103667
0.774
nan
0.0
 
2019-05-07T16:31:34,024625751+02:00
57.0140175
9.987103333
0.7452
nan
0.0
 
2019-05-07T16:31:34,444012422+02:00
57.014016
9.987103833
0.522
nan
0.0
 
2019-05-07T16:31:34,820205699+02:00
57.014017167
9.987101
0.81
nan
0.0
 
2019-05-07T16:31:35,234253648+02:00
57.014016667
9.987098333
0.81
nan
0.0
 
2019-05-07T16:31:35,626238297+02:00
57.014015333
9.987100833
0.6192
nan
0.0
 
2019-05-07T16:31:35,838612603+02:00
57.014014167
9.987102833
0.5688
nan
0.0
 
2019-05-07T16:31:36,047489823+02:00
57.014013833
9.987103
0.6228
nan
0.0
 
2019-05-07T16:31:36,418696326+02:00
57.014013333
9.987102167
0.54
nan
0.0
 
2019-05-07T16:31:37,040555170+02:00
57.014012167
9.987103333
0.5652
nan
0.0
 
2019-05-07T16:31:37,440024533+02:00
57.014011333
9.987104667
0.6336
nan
0.0
 
2019-05-07T16:31:38,048112744+02:00
57.01401
9.987105
0.5652
nan
0.0
 
2019-05-07T16:31:38,414474594+02:00
57.014008833
9.9871065
0.6228
nan
0.0
 
2019-05-07T16:31:39,021765541+02:00
57.0140085
9.987107
0.6876
nan
0.0
 
2019-05-07T16:31:39,421724288+02:00
57.014007667
9.987106167
0.6228
nan
0.0
 
2019-05-07T16:31:39,635823118+02:00
57.014007667
9.987106333
0.6336
nan
0.0
 
2019-05-07T16:31:40,014285706+02:00
57.014008167
9.987107167
0.7308
nan
0.0
 
2019-05-07T16:31:40,223628168+02:00
57.014008333
9.987107333
0.7416
nan
0.0
 
2019-05-07T16:31:40,626695642+02:00
57.014008
9.9871065
0.648
nan
0.0
 
2019-05-07T16:31:41,020116075+02:00
57.0140075
9.987106167
0.7128
nan
0.0
 
2019-05-07T16:31:41,425217584+02:00
57.014007167
9.9871045
0.666
nan
0.0
 
2019-05-07T16:31:41,654270393+02:00
57.014007167
9.987103333
0.6768
nan
0.0
 
2019-05-07T16:31:42,042210500+02:00
57.014007
9.9871005
0.5832
nan
0.0
 
2019-05-07T16:31:42,671708300+02:00

 
