
2019-05-11T17:46:07,134758274+02:00
57.013865333
9.987097
0.378
nan
0.0
 
2019-05-11T17:46:07,336394609+02:00
57.013866833
9.987094667
0.558
nan
0.0
 
2019-05-11T17:46:07,531989254+02:00
57.013868333
9.987093167
0.6516
nan
0.0
 
2019-05-11T17:46:07,736631665+02:00
57.0138695
9.987092167
0.6264
nan
0.0
 
2019-05-11T17:46:07,934595415+02:00
57.013871
9.987090667
0.6732
nan
0.0
 
2019-05-11T17:46:08,137232124+02:00
57.013873333
9.9870895
0.81
nan
0.0
 
2019-05-11T17:46:08,337126694+02:00
57.013875167
9.987088167
0.9288
nan
0.0
 
2019-05-11T17:46:08,539219847+02:00
57.013877
9.987086667
1.0368
nan
0.0
 
2019-05-11T17:46:08,736112928+02:00
57.013879167
9.9870845
1.2852
nan
0.0
 
2019-05-11T17:46:08,934554183+02:00
57.0138805
9.987083333
1.2744
nan
0.0
 
2019-05-11T17:46:09,139142825+02:00
57.013881667
9.987081833
1.2924
nan
0.0
 
2019-05-11T17:46:09,333957698+02:00
57.013883
9.987081333
1.2492
nan
0.0
 
2019-05-11T17:46:09,531121526+02:00
57.013884833
9.987080833
1.2708
nan
0.0
 
2019-05-11T17:46:09,731081936+02:00
57.013887167
9.987079833
1.422
nan
0.0
 
2019-05-11T17:46:09,927221752+02:00
57.013890167
9.987078833
1.6416
nan
0.0
 
2019-05-11T17:46:10,129568841+02:00
57.013894
9.987077667
2.0016
nan
0.0
 
2019-05-11T17:46:10,326057961+02:00
57.0138985
9.987076333
2.4336
nan
0.0
 
2019-05-11T17:46:10,532180584+02:00
57.013901333
9.987074
2.6424
nan
0.0
 
2019-05-11T17:46:10,727293787+02:00
57.013901833
9.987074333
2.5092
nan
0.0
 
2019-05-11T17:46:10,932998645+02:00
57.013902167
9.987074333
2.4012
nan
0.0
 
2019-05-11T17:46:11,127049385+02:00
57.013908
9.9870705
3.0744
nan
325.46
 
2019-05-11T17:46:11,326657371+02:00
57.013907
9.987069667
2.7936
nan
0.0
 
2019-05-11T17:46:11,525663434+02:00
57.013907
9.987067833
2.754
nan
0.0
 
2019-05-11T17:46:11,722551398+02:00
57.013907167
9.987065333
2.7792
nan
0.0
 
2019-05-11T17:46:11,924856081+02:00
57.013908
9.987063833
2.8368
nan
0.0
 
2019-05-11T17:46:12,130418496+02:00
57.0139095
9.987063333
2.916
nan
0.0
 
2019-05-11T17:46:12,324259364+02:00
57.013911
9.987061667
3.042
nan
0.0
 
2019-05-11T17:46:12,536239930+02:00
57.0139125
9.987060167
3.1536
nan
324.38
 
2019-05-11T17:46:12,733226722+02:00
57.0139145
9.987058333
3.3156
nan
324.18
 
2019-05-11T17:46:12,927832433+02:00
57.013915667
9.987055667
3.4056
nan
323.51
 
2019-05-11T17:46:13,122116027+02:00
57.013915167
9.987053667
3.258
nan
321.92
 
2019-05-11T17:46:13,327424755+02:00
57.013913833
9.987051
3.1176
nan
0.0
 
2019-05-11T17:46:13,529503661+02:00
57.013912667
9.98705
2.8692
nan
0.0
 
2019-05-11T17:46:13,726993690+02:00
57.013910667
9.987048833
2.5992
nan
0.0
 
2019-05-11T17:46:13,925937447+02:00
57.0139085
9.9870475
2.3544
nan
0.0
 
2019-05-11T17:46:14,131115676+02:00
57.013905
9.9870455
2.142
nan
0.0
 
2019-05-11T17:46:14,322773213+02:00
57.013901167
9.987043833
1.9908
nan
0.0
 
2019-05-11T17:46:14,523578342+02:00
57.013897
9.987042167
1.944
nan
0.0
 
2019-05-11T17:46:14,726063043+02:00
57.013893333
9.98704
2.0088
nan
0.0
 
2019-05-11T17:46:14,928850361+02:00
57.01389
9.987036167
2.232
nan
0.0
 
2019-05-11T17:46:15,132502133+02:00
57.013887
9.9870325
2.4624
nan
0.0
 
2019-05-11T17:46:15,327866584+02:00
57.013884667
9.9870305
2.5452
nan
0.0
 
2019-05-11T17:46:15,523282897+02:00
57.013882667
9.98703
2.5236
nan
0.0
 
2019-05-11T17:46:15,729004838+02:00
57.013880333
9.987029333
2.5524
nan
0.0
 
2019-05-11T17:46:15,921711341+02:00
57.013878167
9.987029
2.5488
nan
0.0
 
2019-05-11T17:46:16,133940550+02:00
57.013877333
9.987028
2.466
nan
0.0
 
2019-05-11T17:46:16,323241835+02:00
57.013876167
9.987027833
2.3832
nan
0.0
 
2019-05-11T17:46:16,527983449+02:00
57.013875
9.9870265
2.3688
nan
0.0
 
2019-05-11T17:46:16,728901192+02:00
57.013874
9.9870255
2.3112
nan
0.0
 
2019-05-11T17:46:16,926990354+02:00
57.013872667
9.987024333
2.2824
nan
0.0
 
2019-05-11T17:46:17,124391467+02:00
57.013870667
9.987022167
2.3616
nan
0.0
 
2019-05-11T17:46:17,341925106+02:00
57.013869
9.987018667
2.4696
nan
0.0
 
2019-05-11T17:46:17,525903684+02:00
57.013867833
9.9870165
2.4588
nan
0.0
 
2019-05-11T17:46:17,725278119+02:00
57.013866
9.987013667
2.5092
nan
0.0
 
2019-05-11T17:46:17,922201300+02:00
57.013864333
9.987011167
2.5416
nan
0.0
 
2019-05-11T17:46:18,125444690+02:00
57.013862667
9.987008833
2.556
nan
0.0
 
2019-05-11T17:46:18,331522033+02:00
57.013861
9.987006333
2.5812
nan
0.0
 
2019-05-11T17:46:18,522779616+02:00
57.013861
9.987003667
2.574
nan
0.0
 
2019-05-11T17:46:18,720876023+02:00
57.013862333
9.987000833
2.5092
nan
0.0
 
2019-05-11T17:46:18,924710957+02:00
57.013863
9.986997333
2.502
nan
0.0
 
2019-05-11T17:46:19,121539370+02:00
57.013863833
9.9869945
2.4912
nan
0.0
 
2019-05-11T17:46:19,332128167+02:00
57.0138645
9.986991667
2.5128
nan
0.0
 
2019-05-11T17:46:19,525490350+02:00
57.0138665
9.9869935
2.3796
nan
0.0
 
2019-05-11T17:46:19,733372574+02:00
57.013869167
9.9869975
2.1528
nan
0.0
 
2019-05-11T17:46:19,929681850+02:00
57.013869667
9.987005
1.8216
nan
0.0
 
2019-05-11T17:46:20,128717021+02:00
57.013872167
9.9870105
1.6416
nan
0.0
 
2019-05-11T17:46:20,326503605+02:00
57.013874
9.987015
1.5804
nan
0.0
 
2019-05-11T17:46:20,536623243+02:00
57.0138725
9.987017833
1.5156
nan
0.0
 
2019-05-11T17:46:20,734271736+02:00
57.013871667
9.987023
1.3428
nan
0.0
 
2019-05-11T17:46:20,927269180+02:00
57.013873167
9.987030333
1.0908
nan
0.0
 
2019-05-11T17:46:21,122717111+02:00
57.013875167
9.987039
0.792
nan
0.0
 
2019-05-11T17:46:21,323163922+02:00
57.013876167
9.987053333
0.3312
nan
0.0
 
2019-05-11T17:46:21,524740579+02:00
57.013874167
9.987062833
0.0936
nan
0.0
 
2019-05-11T17:46:21,729914679+02:00
57.013872833
9.987072
0.4248
nan
0.0
 
2019-05-11T17:46:21,924815165+02:00
57.013871833
9.987081
0.7416
nan
0.0
 
2019-05-11T17:46:22,129444736+02:00
57.013872333
9.987090333
1.008
nan
0.0
 
2019-05-11T17:46:22,323862954+02:00
57.013872167
9.9870995
1.278
nan
0.0
 
2019-05-11T17:46:22,526033277+02:00
57.013874333
9.987108833
1.4652
nan
0.0
 
2019-05-11T17:46:22,719711332+02:00
57.013876
9.987118833
1.692
nan
0.0
 
2019-05-11T17:46:22,925864022+02:00
57.0138765
9.987125
1.7748
nan
0.0
 
2019-05-11T17:46:23,127447024+02:00
57.013877333
9.987135833
2.0952
nan
0.0
 
2019-05-11T17:46:23,326123726+02:00
57.013879833
9.987144833
2.3256
nan
0.0
 
2019-05-11T17:46:23,525601956+02:00
57.0138835
9.987152333
2.4912
nan
0.0
 
2019-05-11T17:46:23,726287559+02:00
57.013888667
9.987158333
2.6136
nan
0.0
 
2019-05-11T17:46:23,922997617+02:00
57.0138945
9.987166833
2.8908
nan
0.0
 
2019-05-11T17:46:24,323866185+02:00
57.0139045
9.987183167
3.3696
nan
31.95
 
2019-05-11T17:46:24,530369966+02:00
57.013905667
9.987184833
3.2688
nan
40.34
 
2019-05-11T17:46:24,722914711+02:00
57.013904833
9.987187667
3.1068
nan
45.53
 
2019-05-11T17:46:24,924524312+02:00
57.0139035
9.987191
2.9304
nan
0.0
 
2019-05-11T17:46:25,123220340+02:00
57.013901667
9.987194
2.7504
nan
0.0
 
2019-05-11T17:46:25,329215975+02:00
57.013901167
9.987196833
2.6208
nan
0.0
 
2019-05-11T17:46:25,526998331+02:00
57.013901
9.9871965
2.4444
nan
0.0
 
2019-05-11T17:46:25,727530141+02:00
57.0139015
9.987199667
2.448
nan
0.0
 
2019-05-11T17:46:25,938561472+02:00
57.013900333
9.9872055
2.4768
nan
0.0
 
2019-05-11T17:46:26,138405441+02:00
57.013898667
9.987209667
2.4552
nan
0.0
 
2019-05-11T17:46:26,327589656+02:00
57.013895667
9.987209833
2.2392
nan
0.0
 
2019-05-11T17:46:26,524493986+02:00
57.0138945
9.987209833
2.0916
nan
0.0
 
2019-05-11T17:46:26,724023291+02:00
57.013895167
9.9872135
2.142
nan
0.0
 
2019-05-11T17:46:26,922753604+02:00
57.013896167
9.987223667
2.4768
nan
0.0
 
2019-05-11T17:46:27,124685572+02:00
57.013894833
9.987229167
2.592
nan
0.0
 
2019-05-11T17:46:27,324144054+02:00
57.0138965
9.9872365
2.7684
nan
0.0
 
2019-05-11T17:46:27,527330804+02:00
57.013896
9.987241333
2.844
nan
0.0
 
2019-05-11T17:46:27,724500579+02:00
57.013894667
9.987239167
2.5848
nan
0.0
 
2019-05-11T17:46:27,923007007+02:00
57.013894
9.9872365
2.3004
nan
0.0
 
2019-05-11T17:46:28,132362675+02:00
57.013895333
9.9872375
2.1816
nan
0.0
 
2019-05-11T17:46:28,321812353+02:00
57.013895167
9.987237333
2.0448
nan
0.0
 
2019-05-11T17:46:28,531153140+02:00
57.013893333
9.987236167
1.8468
nan
0.0
 
2019-05-11T17:46:28,722526451+02:00
57.013891833
9.987236333
1.7496
nan
0.0
 
2019-05-11T17:46:28,927609042+02:00
57.0138925
9.987232167
1.4832
nan
0.0
 
2019-05-11T17:46:29,122853473+02:00
57.013896667
9.9872295
1.3896
nan
0.0
 
2019-05-11T17:46:29,523821860+02:00
57.013906833
9.987227
1.8216
nan
0.0
 
2019-05-11T17:46:29,720813130+02:00
57.013908833
9.987226167
1.8936
nan
0.0
 
2019-05-11T17:46:29,928705151+02:00
57.013909333
9.987227667
1.8684
nan
0.0
 
2019-05-11T17:46:30,128708788+02:00
57.013910333
9.987231
1.908
nan
0.0
 
2019-05-11T17:46:30,325109082+02:00
57.0139105
9.987231
1.8288
nan
0.0
 
2019-05-11T17:46:30,527132613+02:00
57.0139115
9.987229167
1.8036
nan
0.0
 
2019-05-11T17:46:30,722532733+02:00
57.013913833
9.987229833
1.9476
nan
0.0
 
2019-05-11T17:46:30,924543329+02:00
57.013916833
9.987230667
2.1384
nan
0.0
 
2019-05-11T17:46:31,117417148+02:00
57.013917833
9.987229667
2.1348
nan
0.0
 
2019-05-11T17:46:31,324447512+02:00
57.01392
9.987228833
2.2536
nan
0.0
 
2019-05-11T17:46:31,525617162+02:00
57.013922667
9.987228667
2.4192
nan
0.0
 
2019-05-11T17:46:31,723462795+02:00
57.0139235
9.987227167
2.4048
nan
0.0
 
2019-05-11T17:46:31,922966755+02:00
57.013924
9.987225167
2.3436
nan
0.0
 
2019-05-11T17:46:32,127848249+02:00
57.013925
9.987223
2.3472
nan
0.0
 
2019-05-11T17:46:32,324165845+02:00
57.013926833
9.987223
2.4084
nan
0.0
 
2019-05-11T17:46:32,523836157+02:00
57.013928667
9.987223
2.466
nan
0.0
 
2019-05-11T17:46:32,723108108+02:00
57.0139265
9.98722
2.16
nan
0.0
 
2019-05-11T17:46:32,925596209+02:00
57.013925167
9.987222
1.9116
nan
0.0
 
2019-05-11T17:46:33,121937000+02:00
57.0139245
9.987223667
1.7424
nan
0.0
 
2019-05-11T17:46:33,323596727+02:00
57.013924167
9.987226667
1.6236
nan
0.0
 
2019-05-11T17:46:33,524315146+02:00
57.013922667
9.9872245
1.4184
nan
0.0
 
2019-05-11T17:46:33,721171056+02:00
57.013919167
9.987220667
1.0512
nan
0.0
 
2019-05-11T17:46:33,921237480+02:00
57.013916833
9.98722
0.7884
nan
0.0
 
2019-05-11T17:46:34,134043772+02:00
57.013912333
9.987217833
0.4176
nan
0.0
 
2019-05-11T17:46:34,322195372+02:00
57.0139115
9.987215333
0.4716
nan
0.0
 
2019-05-11T17:46:34,525594508+02:00
57.013911
9.987218
0.306
nan
0.0
 
2019-05-11T17:46:34,724880663+02:00
57.013910667
9.9872215
0.1656
nan
0.0
 
2019-05-11T17:46:34,929594911+02:00
57.013908333
9.9872225
0.0432
nan
0.0
 
2019-05-11T17:46:35,122123223+02:00
57.013906167
9.987221833
0.2016
nan
0.0
 
2019-05-11T17:46:35,322820265+02:00
57.013905667
9.987224
0.2448
nan
0.0
 
2019-05-11T17:46:35,521079838+02:00
57.013907833
9.987224667
0.054
nan
0.0
 
2019-05-11T17:46:35,733796208+02:00
57.013907
9.987224167
0.0576
nan
0.0
 
2019-05-11T17:46:35,920080120+02:00
57.013905
9.987224
0.1656
nan
0.0
 
2019-05-11T17:46:36,126287932+02:00
57.013904333
9.987222333
0.1872
nan
0.0
 
2019-05-11T17:46:36,320828820+02:00
57.0139055
9.987223167
0.1332
nan
0.0
 
2019-05-11T17:46:36,520599527+02:00
57.0139065
9.987228167
0.1512
nan
0.0
 
2019-05-11T17:46:36,723400482+02:00
57.013907
9.9872335
0.4068
nan
0.0
 
2019-05-11T17:46:36,922975720+02:00
57.013909333
9.987235167
0.5472
nan
0.0
 
2019-05-11T17:46:37,123974930+02:00
57.013909667
9.987237333
0.6372
nan
0.0
 
2019-05-11T17:46:37,325166256+02:00
57.0139085
9.987238333
0.6012
nan
0.0
 
2019-05-11T17:46:37,527092077+02:00
57.013908333
9.987238667
0.594
nan
0.0
 
2019-05-11T17:46:37,726334841+02:00
57.013908
9.987239167
0.5796
nan
0.0
 
2019-05-11T17:46:37,919698127+02:00
57.0139065
9.987236667
0.3924
nan
0.0
 
2019-05-11T17:46:38,128029056+02:00
57.013905833
9.9872365
0.3456
nan
0.0
 
2019-05-11T17:46:38,334804228+02:00
57.013905667
9.987237667
0.3888
nan
0.0
 
2019-05-11T17:46:38,523929980+02:00
57.0139055
9.987237
0.378
nan
0.0
 
2019-05-11T17:46:38,723105184+02:00
57.013904333
9.987235167
0.2304
nan
0.0
 
2019-05-11T17:46:38,925404386+02:00
57.013902333
9.987238
0.342
nan
0.0
 
2019-05-11T17:46:39,122371379+02:00
57.013902667
9.987243167
0.6192
nan
0.0
 
2019-05-11T17:46:39,324495114+02:00
57.013904667
9.9872435
0.6264
nan
0.0
 
2019-05-11T17:46:39,522897093+02:00
57.013902
9.987241667
0.5868
nan
0.0
 
2019-05-11T17:46:39,728305365+02:00
57.013903167
9.987242833
2.664
28.2
nan
 
2019-05-11T17:46:39,924199370+02:00
57.013903833
9.987244333
0.6336
nan
0.0
 
2019-05-11T17:46:40,123012558+02:00
57.013905333
9.9872475
0.8352
nan
0.0
 
2019-05-11T17:46:40,319971919+02:00
57.0139055
9.9872495
0.9108
nan
0.0
 
2019-05-11T17:46:40,526554510+02:00
57.013904
9.9872485
0.7776
nan
0.0
 
2019-05-11T17:46:40,719554440+02:00
57.013901667
9.987246167
0.7272
nan
0.0
 
2019-05-11T17:46:40,923591748+02:00
57.013902333
9.987247
0.756
nan
0.0
 
2019-05-11T17:46:41,125144668+02:00
57.013902
9.987249167
0.8928
nan
0.0
 
2019-05-11T17:46:41,324542626+02:00
57.0139035
9.987253
1.0656
nan
0.0
 
2019-05-11T17:46:41,522126036+02:00
57.013903333
9.987253833
1.08
nan
0.0
 
2019-05-11T17:46:41,722998772+02:00
57.013902333
9.987249833
0.792
nan
0.0
 
2019-05-11T17:46:41,922420077+02:00
57.013901833
9.987247
0.5508
nan
0.0
 
2019-05-11T17:46:42,118920345+02:00
57.0139015
9.9872455
0.4572
nan
0.0
 
2019-05-11T17:46:42,318987313+02:00
57.013900833
9.987245667
0.54
nan
0.0
 
2019-05-11T17:46:42,527337843+02:00
57.0139
9.987244333
0.5472
nan
0.0
 
2019-05-11T17:46:42,723295050+02:00
57.013899833
9.987243333
0.5076
nan
0.0
 
2019-05-11T17:46:42,929981081+02:00
57.013899667
9.987241833
0.4644
nan
0.0
 
2019-05-11T17:46:43,120171388+02:00
57.013900167
9.987240667
0.4032
nan
0.0
 
2019-05-11T17:46:43,329513869+02:00
57.013900167
9.987238333
0.3276
nan
0.0
 
2019-05-11T17:46:43,524255506+02:00
57.013901167
9.987235667
0.198
nan
0.0
 
2019-05-11T17:46:43,724785104+02:00
57.013902167
9.9872365
0.2448
nan
0.0
 
2019-05-11T17:46:43,921780622+02:00
57.013902667
9.9872405
0.4932
nan
0.0
 
2019-05-11T17:46:44,123138080+02:00
57.013903
9.987240833
0.4896
nan
0.0
 
2019-05-11T17:46:44,322666809+02:00
57.013904333
9.987241333
0.576
nan
0.0
 
2019-05-11T17:46:44,521309177+02:00
57.013905333
9.987244
0.8064
nan
0.0
 
2019-05-11T17:46:44,721272138+02:00
57.013905833
9.987245833
0.9252
nan
0.0
 
2019-05-11T17:46:44,921923865+02:00
57.0139055
9.9872455
0.8856
nan
0.0
 
2019-05-11T17:46:45,122711622+02:00
57.013905833
9.987245
0.8136
nan
0.0
 
2019-05-11T17:46:45,324413412+02:00
57.0139055
9.987245833
0.8784
nan
0.0
 
2019-05-11T17:46:45,521971241+02:00
57.013904667
9.987246167
0.9288
nan
0.0
 
2019-05-11T17:46:45,724634418+02:00
57.013904167
9.987245
0.8928
nan
0.0
 
2019-05-11T17:46:45,921976056+02:00
57.013902833
9.987242833
0.828
nan
0.0
 
2019-05-11T17:46:46,123683357+02:00
57.013906333
9.9872425
0.6768
nan
0.0
 
2019-05-11T17:46:46,327873225+02:00
57.013907167
9.9872395
0.5796
nan
0.0
 
2019-05-11T17:46:46,531139962+02:00
57.013907333
9.987237
0.5148
nan
0.0
 
2019-05-11T17:46:46,730816224+02:00
57.013908333
9.987234667
0.4788
nan
0.0
 
2019-05-11T17:46:46,934131016+02:00
57.01391
9.9872325
0.522
nan
0.0
 
2019-05-11T17:46:47,125229409+02:00
57.013914667
9.987237667
0.9972
nan
0.0
 
2019-05-11T17:46:47,325979414+02:00
57.0139155
9.987237667
1.026
nan
0.0
 
2019-05-11T17:46:47,524453299+02:00
57.013918333
9.9872365
1.1916
nan
0.0
 
2019-05-11T17:46:47,729583183+02:00
57.0139205
9.987229833
1.2672
nan
0.0
 
2019-05-11T17:46:47,927854674+02:00
57.013922
9.987223833
1.3572
nan
0.0
 
2019-05-11T17:46:48,132063468+02:00
57.013921833
9.9872205
1.2456
nan
0.0
 
2019-05-11T17:46:48,332805952+02:00
57.013921333
9.987219833
1.0584
nan
0.0
 
2019-05-11T17:46:48,531203900+02:00
57.013923333
9.987215167
1.2312
nan
0.0
 
2019-05-11T17:46:48,721098734+02:00
57.0139245
9.987208167
1.4004
nan
0.0
 
2019-05-11T17:46:48,922882369+02:00
57.0139245
9.987202833
1.4292
nan
0.0
 
2019-05-11T17:46:49,123007426+02:00
57.0139245
9.987199333
1.4076
nan
0.0
 
2019-05-11T17:46:49,323810974+02:00
57.013923833
9.9871945
1.4472
nan
0.0
 
2019-05-11T17:46:49,523414834+02:00
57.013922333
9.987192833
1.2384
nan
0.0
 
2019-05-11T17:46:49,723103130+02:00
57.013922667
9.9871885
1.35
nan
0.0
 
2019-05-11T17:46:49,923871409+02:00
57.013920833
9.987185833
1.2708
nan
0.0
 
2019-05-11T17:46:50,129608407+02:00
57.013919333
9.9871855
1.1052
nan
0.0
 
2019-05-11T17:46:50,318079090+02:00
57.013920333
9.987184833
1.0224
nan
0.0
 
2019-05-11T17:46:50,525518716+02:00
57.013921833
9.987183
1.0152
nan
0.0
 
2019-05-11T17:46:50,727229590+02:00
57.0139225
9.987175
1.3608
nan
0.0
 
2019-05-11T17:46:50,923352366+02:00
57.013924
9.987169
1.5984
nan
0.0
 
2019-05-11T17:46:51,130791035+02:00
57.013924667
9.9871655
1.6596
nan
0.0
 
2019-05-11T17:46:51,335780915+02:00
57.013922167
9.987163167
1.494
nan
0.0
 
2019-05-11T17:46:51,521494316+02:00
57.01392
9.987157167
1.5876
nan
0.0
 
2019-05-11T17:46:51,721272150+02:00
57.0139205
9.987155167
1.5228
nan
0.0
 
2019-05-11T17:46:51,925376579+02:00
57.0139215
9.987155333
1.3644
nan
0.0
 
2019-05-11T17:46:52,131621632+02:00
57.013923333
9.987154667
1.2996
nan
0.0
 
2019-05-11T17:46:52,327233759+02:00
57.0139265
9.987154333
1.3212
nan
0.0
 
2019-05-11T17:46:52,522156154+02:00
57.013927333
9.987152667
1.3212
nan
0.0
 
2019-05-11T17:46:52,724523542+02:00
57.013926667
9.98715
1.26
nan
0.0
 
2019-05-11T17:46:52,924646676+02:00
57.013926
9.987147167
1.224
nan
0.0
 
2019-05-11T17:46:53,125443696+02:00
57.013924333
9.9871455
1.188
nan
0.0
 
2019-05-11T17:46:53,326732412+02:00
57.013924167
9.987143667
1.1736
nan
0.0
 
2019-05-11T17:46:53,521787270+02:00
57.013923333
9.987142
1.1736
nan
0.0
 
2019-05-11T17:46:53,725420265+02:00
57.0139215
9.987138333
1.2744
nan
0.0
 
2019-05-11T17:46:53,923036743+02:00
57.013921
9.987136833
1.2564
nan
0.0
 
2019-05-11T17:46:54,123992384+02:00
57.013921167
9.987135333
1.224
nan
0.0
 
2019-05-11T17:46:54,322051759+02:00
57.013922167
9.987133167
1.1988
nan
0.0
 
2019-05-11T17:46:54,522280503+02:00
57.013923
9.987130833
1.206
nan
0.0
 
2019-05-11T17:46:54,727082174+02:00
57.013922333
9.987128833
1.26
nan
0.0
 
2019-05-11T17:46:54,921539612+02:00
57.013922
9.987124333
1.3824
nan
0.0
 
2019-05-11T17:46:55,120430473+02:00
57.013919833
9.987123667
1.3572
nan
0.0
 
2019-05-11T17:46:55,322347996+02:00
57.013916833
9.987117833
1.6308
nan
0.0
 
2019-05-11T17:46:55,518182269+02:00
57.013915333
9.987110833
1.854
nan
0.0
 
2019-05-11T17:46:55,725615040+02:00
57.013913833
9.987103167
2.0988
nan
0.0
 
2019-05-11T17:46:55,930813926+02:00
57.013912333
9.987095667
2.3292
nan
0.0
 
2019-05-11T17:46:56,123168791+02:00
57.013912167
9.9870895
2.4876
nan
0.0
 
2019-05-11T17:46:56,341177539+02:00
57.013912833
9.9870835
2.5992
nan
0.0
 
2019-05-11T17:46:56,524655163+02:00
57.013913167
9.987076333
2.7288
nan
325.8
 
2019-05-11T17:46:56,722792101+02:00
57.0139115
9.987067667
2.9664
nan
286.13
 
2019-05-11T17:46:56,926433991+02:00
57.013909167
9.987058667
3.2148
nan
266.89
 
2019-05-11T17:46:57,121267944+02:00
57.013909
9.98705
3.4164
nan
259.71
 
2019-05-11T17:46:57,324568111+02:00
57.013908833
9.9870405
3.6468
nan
257.77
 
2019-05-11T17:46:57,518858253+02:00
57.0139095
9.987037
3.582
nan
257.94
 
2019-05-11T17:46:57,723162768+02:00
57.013909833
9.987034167
3.51
nan
258.48
 
2019-05-11T17:46:57,927226844+02:00
57.013906167
9.987029167
3.7224
nan
256.2
 
2019-05-11T17:46:58,124111984+02:00
57.013903833
9.9870255
3.78
nan
253.64
 
2019-05-11T17:46:58,325008800+02:00
57.013904333
9.987024833
3.582
nan
252.94
 
2019-05-11T17:46:58,522276377+02:00
57.013902833
9.987021167
3.5784
nan
251.44
 
2019-05-11T17:46:58,722938154+02:00
57.013902667
9.987014333
3.7728
nan
252.14
 
2019-05-11T17:46:58,928758153+02:00
57.013901667
9.98701
3.8124
nan
252.24
 
2019-05-11T17:46:59,120978589+02:00
57.0139025
9.987007333
3.7368
nan
253.61
 
2019-05-11T17:46:59,328698533+02:00
57.013903167
9.987002833
3.7728
nan
255.6
 
2019-05-11T17:46:59,525523340+02:00
57.013902167
9.986996833
3.8412
nan
256.56
 
2019-05-11T17:46:59,724639953+02:00
57.013901167
9.986991667
3.8808
nan
256.76
 
2019-05-11T17:46:59,929182200+02:00
57.013899
9.986989667
3.8196
nan
255.39
 
2019-05-11T17:47:00,124125055+02:00
57.013895833
9.986985833
3.8844
nan
252.66
 
2019-05-11T17:47:00,321778635+02:00
57.013893667
9.986978
4.0716
nan
250.99
 
2019-05-11T17:47:00,524577969+02:00
57.0138945
9.9869695
4.2264
nan
252.17
 
2019-05-11T17:47:00,719491635+02:00
57.013894667
9.986962
4.4064
nan
253.99
 
2019-05-11T17:47:00,927789719+02:00
57.013894333
9.986957333
4.4064
nan
254.99
 
