
2019-02-25T14:15:40,127612556+01:00
57.013879476
9.986615072
0.139
13.596
105.3461
 
2019-02-25T14:15:41,123691367+01:00
57.013883236
9.986623146
0.192
13.467
64.1946
 
2019-02-25T14:15:42,119914097+01:00
57.013882898
9.98661854
0.049
13.468
202.238
 
2019-02-25T14:15:43,116423213+01:00
57.013892307
9.98660796
0.396
13.42
324.9327
 
2019-02-25T14:15:44,124167394+01:00
57.013899363
9.986589237
0.718
13.255
304.6668
 
2019-02-25T14:15:45,137160642+01:00
57.013901366
9.986558922
1.044
13.003
285.9268
 
2019-02-25T14:15:46,120125459+01:00
57.013909949
9.98653339
1.203
12.967
290.8186
 
2019-02-25T14:15:47,126970688+01:00
57.013931767
9.986495864
1.656
12.952
304.5465
 
2019-02-25T14:15:48,122401767+01:00
57.013934842
9.986459809
1.727
12.92
294.8162
 
2019-02-25T14:15:49,126429027+01:00
57.013947042
9.986420954
1.918
12.945
295.0245
 
2019-02-25T14:15:50,124273292+01:00
57.013961273
9.986383156
2.037
12.965
298.0383
 
2019-02-25T14:15:51,129637909+01:00
57.013970949
9.986349519
2.044
12.957
296.8994
 
2019-02-25T14:15:52,130929677+01:00
57.013967115
9.986383942
1.445
12.304
301.0059
 
2019-02-25T14:15:53,125372519+01:00
57.013962661
9.986410699
1.065
11.637
302.4753
 
2019-02-25T14:15:54,124256762+01:00
57.013960763
9.98644269
0.764
10.951
305.5913
 
2019-02-25T14:15:55,126158473+01:00
57.013956831
9.986479135
0.453
10.377
304.2146
 
2019-02-25T14:15:56,121707549+01:00
57.013964397
9.986557616
0.409
9.711
43.5915
 
2019-02-25T14:15:57,121200788+01:00
57.013963259
9.986630166
0.823
nan
69.9252
 
2019-02-25T14:15:58,120854390+01:00
57.014132941
9.987149003
4.457
nan
64.2266
 
2019-02-25T14:15:59,122692879+01:00
57.014297677
9.987573046
7.169
nan
60.2175
 
2019-02-25T14:16:00,115743174+01:00
57.014420769
9.987958567
8.96
nan
61.4717
 
2019-02-25T14:16:01,129801417+01:00
57.014527801
9.988306526
10.331
nan
62.681
 
2019-02-25T14:16:02,122971897+01:00
57.014629425
9.988653241
11.523
nan
63.7803
 
2019-02-25T14:16:03,121830169+01:00
57.014730916
9.989012898
12.706
nan
64.7562
 
2019-02-25T14:16:04,111920579+01:00
nan
nan
nan
nan
nan
 
2019-02-25T14:16:05,114603544+01:00
nan
nan
nan
nan
nan
 
2019-02-25T14:16:06,109927495+01:00
nan
nan
nan
nan
nan
 
2019-02-25T14:16:07,112565626+01:00
nan
nan
nan
nan
nan
 
2019-02-25T14:16:08,115881206+01:00
nan
nan
nan
nan
nan
 
2019-02-25T14:16:09,119401040+01:00
nan
nan
nan
nan
nan
 
2019-02-25T14:16:10,107741823+01:00
nan
nan
nan
nan
nan
 
2019-02-25T14:16:11,112185124+01:00
nan
nan
nan
nan
nan
 
2019-02-25T14:16:12,136112395+01:00
nan
nan
nan
nan
nan
 
2019-02-25T14:16:13,110282057+01:00
nan
nan
nan
nan
nan
 
2019-02-25T14:16:14,118218956+01:00
nan
nan
nan
nan
nan
 
2019-02-25T14:16:15,112286056+01:00
nan
nan
nan
nan
nan
 
2019-02-25T14:16:16,109512405+01:00
nan
nan
nan
nan
nan
 
2019-02-25T14:16:17,113352021+01:00
nan
nan
nan
nan
nan
 
2019-02-25T14:16:18,113523554+01:00
nan
nan
nan
nan
nan
 
2019-02-25T14:16:19,114262816+01:00
nan
nan
nan
nan
nan
 
2019-02-25T14:16:20,111033269+01:00
nan
nan
nan
nan
nan
 
2019-02-25T14:16:21,116863313+01:00
nan
nan
nan
nan
nan
 
2019-02-25T14:16:22,106575870+01:00
nan
nan
nan
nan
nan
 
2019-02-25T14:16:23,107706348+01:00
nan
nan
nan
nan
nan
 
2019-02-25T14:16:24,111073674+01:00
nan
nan
nan
nan
nan
 
2019-02-25T14:16:25,108336943+01:00
nan
nan
nan
nan
nan
 
2019-02-25T14:16:26,104921977+01:00
nan
nan
nan
nan
nan
 
2019-02-25T14:16:27,111262062+01:00
nan
nan
nan
nan
nan
 
2019-02-25T14:16:28,111652280+01:00
nan
nan
nan
nan
nan
 
2019-02-25T14:16:29,107276223+01:00
nan
nan
nan
nan
nan
 
2019-02-25T14:16:30,112607365+01:00
nan
nan
nan
nan
nan
 
2019-02-25T14:16:31,113336180+01:00
nan
nan
nan
nan
nan
 
2019-02-25T14:16:32,105219559+01:00
nan
nan
nan
nan
nan
 
2019-02-25T14:16:33,104389733+01:00
nan
nan
nan
nan
nan
 
2019-02-25T14:16:34,107310435+01:00
nan
nan
nan
nan
nan
 
2019-02-25T14:16:35,106934772+01:00
nan
nan
nan
nan
nan
 
2019-02-25T14:16:36,104251159+01:00
nan
nan
nan
nan
nan
 
2019-02-25T14:16:37,111533469+01:00
nan
nan
nan
nan
nan
 
2019-02-25T14:16:38,101333031+01:00
nan
nan
nan
nan
nan
 
2019-02-25T14:16:39,104434937+01:00
nan
nan
nan
nan
nan
 
2019-02-25T14:16:40,097256786+01:00
nan
nan
nan
nan
nan
 
2019-02-25T14:16:44,101700864+01:00
nan
nan
nan
nan
nan
 
2019-02-25T14:16:45,100789867+01:00
nan
nan
nan
nan
nan
 
2019-02-25T14:16:46,101192440+01:00
nan
nan
nan
nan
nan
 
2019-02-25T14:16:47,101493448+01:00
nan
nan
nan
nan
nan
 
2019-02-25T14:16:48,265043778+01:00
nan
nan
nan
nan
nan
 
2019-02-25T14:16:49,103946995+01:00
nan
nan
nan
nan
nan
 
2019-02-25T14:16:50,099538379+01:00
nan
nan
nan
nan
nan
 
2019-02-25T14:16:51,100440310+01:00
nan
nan
nan
nan
nan
 
2019-02-25T14:16:52,100782199+01:00
nan
nan
nan
nan
nan
 
2019-02-25T14:16:53,106680359+01:00
nan
nan
nan
nan
nan
 
2019-02-25T14:16:54,266070896+01:00
nan
nan
nan
nan
nan
 
2019-02-25T14:16:55,097623759+01:00
nan
nan
nan
nan
nan
 
2019-02-25T14:16:56,096654226+01:00
nan
nan
nan
nan
nan
 
