
2019-05-07T15:27:47,027229230+02:00
57.0140475
9.987180333
0.4032
nan
0.0
 
2019-05-07T15:27:47,224421483+02:00
57.0140475
9.987180833
0.3636
nan
0.0
 
2019-05-07T15:27:47,420142101+02:00
57.014047333
9.987180667
0.2808
nan
0.0
 
2019-05-07T15:27:47,617484884+02:00
57.014047333
9.987180333
0.2088
nan
0.0
 
2019-05-07T15:27:47,814732071+02:00
57.014047333
9.987179833
0.1008
nan
0.0
 
2019-05-07T15:27:48,010979170+02:00
57.014047
9.987179833
0.1908
nan
0.0
 
2019-05-07T15:27:48,209596590+02:00
57.014046833
9.987179833
0.1548
nan
0.0
 
2019-05-07T15:27:48,402478022+02:00
57.014046667
9.9871805
0.2124
nan
0.0
 
2019-05-07T15:27:48,601565068+02:00
57.0140465
9.9871805
0.0576
nan
0.0
 
2019-05-07T15:27:48,793776659+02:00
57.0140465
9.987180667
0.2268
nan
0.0
 
2019-05-07T15:27:48,997041975+02:00
57.014046
9.9871805
0.1872
nan
0.0
 
2019-05-07T15:27:49,193682503+02:00
57.014046167
9.987180333
0.2484
nan
0.0
 
2019-05-07T15:27:49,408208981+02:00
57.014046
9.987180167
0.09
nan
0.0
 
2019-05-07T15:27:49,587174209+02:00
57.014045833
9.98718
0.0216
nan
0.0
 
2019-05-07T15:27:49,788380279+02:00
57.0140455
9.987179833
0.2088
nan
0.0
 
2019-05-07T15:27:50,189909412+02:00
57.0140455
9.9871795
0.1188
nan
0.0
 
2019-05-07T15:27:50,384674000+02:00
57.014045333
9.987179167
0.1944
nan
0.0
 
2019-05-07T15:27:50,586218222+02:00
57.014045
9.987179
0.3168
nan
0.0
 
2019-05-07T15:27:50,776690305+02:00
57.014045
9.987179
0.2412
nan
0.0
 
2019-05-07T15:27:51,169780825+02:00
57.014045333
9.9871785
0.2088
nan
0.0
 
2019-05-07T15:27:51,371414112+02:00
57.014045333
9.987178167
0.1944
nan
0.0
 
2019-05-07T15:27:51,766381365+02:00
57.0140445
9.987176833
0.6804
nan
0.0
 
2019-05-07T15:27:51,989240077+02:00
57.014043667
9.987175667
1.1196
nan
0.0
 
2019-05-07T15:27:52,365816366+02:00
57.014042167
9.987174167
1.1376
nan
0.0
 
2019-05-07T15:27:52,586128847+02:00
57.014042
9.987173333
0.8712
nan
0.0
 
2019-05-07T15:27:52,956881009+02:00
57.014041833
9.987172
0.4788
nan
0.0
 
2019-05-07T15:27:53,358355785+02:00
57.014041333
9.987170167
0.378
nan
0.0
 
2019-05-07T15:27:53,754582833+02:00
57.014041833
9.987169167
0.1656
nan
0.0
 
2019-05-07T15:27:54,357759189+02:00
57.014041
9.987167667
0.4608
nan
0.0
 
2019-05-07T15:27:54,745911963+02:00
57.014041667
9.987165833
0.4356
nan
0.0
 
2019-05-07T15:27:54,958184741+02:00
57.014041667
9.987165333
0.1728
nan
0.0
 
2019-05-07T15:27:55,347828611+02:00
57.0140415
9.987164333
0.1368
nan
0.0
 
2019-05-07T15:27:55,564505337+02:00
57.0140415
9.987164167
0.1944
nan
0.0
 
2019-05-07T15:27:55,936096695+02:00
57.014041167
9.987163833
0.2592
nan
0.0
 
2019-05-07T15:27:56,340559707+02:00
57.0140415
9.987163167
0.3456
nan
0.0
 
2019-05-07T15:27:56,738897519+02:00
57.0140415
9.987161667
0.396
nan
0.0
 
2019-05-07T15:27:57,129539067+02:00
57.014041167
9.987160667
0.0864
nan
0.0
 
2019-05-07T15:27:57,333905033+02:00
57.014041
9.987160333
0.1224
nan
0.0
 
2019-05-07T15:27:57,729145711+02:00
57.014041
9.9871595
0.2412
nan
0.0
 
2019-05-07T15:27:57,940697637+02:00
57.014041
9.9871595
0.1404
nan
0.0
 
2019-05-07T15:27:58,142794674+02:00
57.014041167
9.987159167
0.1944
nan
0.0
 
2019-05-07T15:27:58,725997816+02:00
57.014041667
9.987159167
0.2016
nan
0.0
 
2019-05-07T15:27:59,128295016+02:00
57.014041667
9.987158667
0.072
nan
0.0
 
2019-05-07T15:27:59,717594506+02:00
57.014041667
9.987158167
0.0648
nan
0.0
 
2019-05-07T15:28:00,134592006+02:00
57.014041667
9.987158
0.0684
nan
0.0
 
2019-05-07T15:28:00,339936859+02:00
57.014041333
9.987157833
0.2088
nan
0.0
 
2019-05-07T15:28:00,715523027+02:00
57.014041167
9.987157333
0.3744
nan
0.0
 
2019-05-07T15:28:01,118086852+02:00
57.014040833
9.9871575
0.2088
nan
0.0
 
2019-05-07T15:28:01,316473366+02:00
57.014040667
9.987157333
0.1368
nan
0.0
 
2019-05-07T15:28:01,721699129+02:00
57.014040833
9.987156833
0.0756
nan
0.0
 
2019-05-07T15:28:01,909326099+02:00
57.014040833
9.987156833
0.054
nan
0.0
 
2019-05-07T15:28:02,136277274+02:00
57.014041
9.9871565
0.0972
nan
0.0
 
2019-05-07T15:28:02,509425778+02:00
57.014040667
9.987156167
0.2304
nan
0.0
 
2019-05-07T15:28:02,737396737+02:00
57.014040667
9.987156333
0.1944
nan
0.0
 
2019-05-07T15:28:03,117874990+02:00
57.014041167
9.987156333
0.1512
nan
0.0
 
2019-05-07T15:28:03,339441531+02:00
57.014041
9.987156667
0.1836
nan
0.0
 
2019-05-07T15:28:03,551704699+02:00
57.014041167
9.987156833
0.2448
nan
0.0
 
2019-05-07T15:28:04,115567681+02:00
57.014041667
9.987157
0.1512
nan
0.0
 
2019-05-07T15:28:04,349100811+02:00
57.014041667
9.987157
0.0756
nan
0.0
 
2019-05-07T15:28:04,710620765+02:00
57.014041667
9.987157667
0.0936
nan
0.0
 
2019-05-07T15:28:05,120860468+02:00
57.014041667
9.987157833
0.1224
nan
0.0
 
2019-05-07T15:28:05,336322435+02:00
57.0140415
9.987158
0.2484
nan
0.0
 
2019-05-07T15:28:05,510848817+02:00
57.014041667
9.987158
0.054
nan
0.0
 
2019-05-07T15:28:05,736227405+02:00
57.0140415
9.987158
0.2052
nan
0.0
 
2019-05-07T15:28:06,110500488+02:00
57.0140415
9.987157833
0.2016
nan
0.0
 
2019-05-07T15:28:06,332718993+02:00
57.0140415
9.987157667
0.1512
nan
0.0
 
2019-05-07T15:28:06,700272015+02:00
57.0140415
9.9871575
0.1188
nan
0.0
 
2019-05-07T15:28:07,105975877+02:00
57.014041667
9.987157333
0.0864
nan
0.0
 
2019-05-07T15:28:07,309259106+02:00
57.014041833
9.987157667
0.144
nan
0.0
 
2019-05-07T15:28:07,910706465+02:00
57.014041833
9.987157167
0.1404
nan
0.0
 
2019-05-07T15:28:08,108403783+02:00
57.014041833
9.987156833
0.1224
nan
0.0
 
2019-05-07T15:28:08,321570575+02:00
57.014041833
9.9871565
0.09
nan
0.0
 
2019-05-07T15:28:08,702696675+02:00
57.014042167
9.9871565
0.0432
nan
0.0
 
2019-05-07T15:28:09,103460884+02:00
57.014042333
9.987156333
0.1116
nan
0.0
 
2019-05-07T15:28:09,500723337+02:00
57.014042333
9.987156333
0.1476
nan
0.0
 
2019-05-07T15:28:09,702073645+02:00
57.014042167
9.987156167
0.1728
nan
0.0
 
2019-05-07T15:28:10,104292521+02:00
57.014042
9.987156
0.0972
nan
0.0
 
2019-05-07T15:28:10,502531649+02:00
57.014042333
9.987156
0.0468
nan
0.0
 
2019-05-07T15:28:10,712853709+02:00
57.0140425
9.987156
0.09
nan
0.0
 
2019-05-07T15:28:11,101654541+02:00
57.014042833
9.987155667
0.1476
nan
0.0
 
2019-05-07T15:28:11,314134724+02:00
57.014042833
9.987155333
0.1692
nan
0.0
 
2019-05-07T15:28:11,502533428+02:00
57.014043
9.987155167
0.0792
nan
0.0
 
2019-05-07T15:28:11,723109375+02:00
57.014043167
9.987155167
0.0252
nan
0.0
 
2019-05-07T15:28:12,101323989+02:00
57.014043667
9.987155333
0.09
nan
0.0
 
2019-05-07T15:28:12,509295684+02:00
57.014044333
9.987154833
0.2556
nan
0.0
 
2019-05-07T15:28:12,717399592+02:00
57.014044333
9.987154667
0.0864
nan
0.0
 
2019-05-07T15:28:12,900240096+02:00
57.014044833
9.987154667
0.1512
nan
0.0
 
2019-05-07T15:28:13,307389764+02:00
57.014045167
9.9871545
0.0684
nan
0.0
 
2019-05-07T15:28:13,497565874+02:00
57.014045167
9.987154333
0.1368
nan
0.0
 
2019-05-07T15:28:13,729222305+02:00
57.014045167
9.987154167
0.2016
nan
0.0
 
2019-05-07T15:28:14,109554964+02:00
57.014045833
9.987154167
0.0684
nan
0.0
 
2019-05-07T15:28:14,701394494+02:00
57.014046
9.987153833
0.234
nan
0.0
 
2019-05-07T15:28:15,101077851+02:00
57.0140465
9.987153833
0.1656
nan
0.0
 
2019-05-07T15:28:15,501489808+02:00
57.014046833
9.987153333
0.0792
nan
0.0
 
2019-05-07T15:28:15,903149249+02:00
57.014047333
9.987153167
0.0828
nan
0.0
 
2019-05-07T15:28:16,122745804+02:00
57.014047333
9.987152833
0.108
nan
0.0
 
2019-05-07T15:28:16,506224710+02:00
57.014048
9.987153
0.2232
nan
0.0
 
2019-05-07T15:28:16,707629473+02:00
57.014048
9.987152833
0.054
nan
0.0
 
2019-05-07T15:28:17,100744684+02:00
57.014048667
9.987152833
0.288
nan
0.0
 
2019-05-07T15:28:17,303506417+02:00
57.014048833
9.987152833
0.0396
nan
0.0
 
2019-05-07T15:28:17,511582864+02:00
57.014049
9.987152833
0.0432
nan
0.0
 
2019-05-07T15:28:17,911977857+02:00
57.0140495
9.987152667
0.1224
nan
0.0
 
2019-05-07T15:28:18,121407977+02:00
57.014049833
9.987152833
0.0648
nan
0.0
 
2019-05-07T15:28:18,521905110+02:00
57.014050333
9.987152833
0.018
nan
0.0
 
2019-05-07T15:28:19,113644261+02:00
57.014051
9.987152667
0.0108
nan
0.0
 
2019-05-07T15:28:19,333607778+02:00
57.014051333
9.987152833
0.1296
nan
0.0
 
2019-05-07T15:28:19,568930697+02:00
57.014051667
9.987152833
0.0828
nan
0.0
 
2019-05-07T15:28:20,128172396+02:00
57.014052167
9.987152667
0.1548
nan
0.0
 
2019-05-07T15:28:20,519699984+02:00
57.014052667
9.9871525
0.0792
nan
0.0
 
2019-05-07T15:28:20,940408521+02:00
57.014053
9.987152667
0.1224
nan
0.0
 
2019-05-07T15:28:21,327542192+02:00
57.014053167
9.987152667
0.0828
nan
0.0
 
2019-05-07T15:28:21,543251107+02:00
57.0140535
9.9871525
0.0252
nan
0.0
 
2019-05-07T15:28:21,934851129+02:00
57.014054167
9.9871525
0.1332
nan
0.0
 
2019-05-07T15:28:22,341280334+02:00
57.0140545
9.9871525
0.1008
nan
0.0
 
2019-05-07T15:28:22,743407108+02:00
57.014055
9.9871525
0.1296
nan
0.0
 
2019-05-07T15:28:23,349391779+02:00
57.014055667
9.987152333
0.1188
nan
0.0
 
2019-05-07T15:28:23,749051113+02:00
57.014056667
9.987152667
0.252
nan
0.0
 
2019-05-07T15:28:23,953294758+02:00
57.014056833
9.987152833
0.2088
nan
0.0
 
2019-05-07T15:28:24,559023908+02:00
57.014058167
9.987153167
0.0432
nan
0.0
 
2019-05-07T15:28:24,952881303+02:00
57.014058833
9.9871535
0.1512
nan
0.0
 
2019-05-07T15:28:25,550126892+02:00
57.0140595
9.987153833
0.0108
nan
0.0
 
2019-05-07T15:28:25,950904715+02:00
57.01406
9.987154
0.0504
nan
0.0
 
2019-05-07T15:28:26,557312180+02:00
57.014061167
9.987154
0.0972
nan
0.0
 
2019-05-07T15:28:26,963423623+02:00
57.014062167
9.987154167
0.0864
nan
0.0
 
2019-05-07T15:28:27,350471350+02:00
57.014063
9.987154667
0.1872
nan
0.0
 
2019-05-07T15:28:27,751068881+02:00
57.014063833
9.987155167
0.1224
nan
0.0
 
2019-05-07T15:28:28,158771599+02:00
57.014064333
9.987155333
0.1224
nan
0.0
 
2019-05-07T15:28:28,750310903+02:00
57.014065167
9.987155667
0.0756
nan
0.0
 
2019-05-07T15:28:29,156873612+02:00
57.014065833
9.987156
0.126
nan
0.0
 
2019-05-07T15:28:29,362003094+02:00
57.014066167
9.987156333
0.1008
nan
0.0
 
2019-05-07T15:28:29,559636085+02:00
57.0140665
9.987156167
0.162
nan
0.0
 
2019-05-07T15:28:29,956108411+02:00
57.014067
9.987156667
0.2772
nan
0.0
 
2019-05-07T15:28:30,377138457+02:00
57.014067833
9.987156833
0.054
nan
0.0
 
2019-05-07T15:28:30,758405758+02:00
57.014068833
9.987157
0.1728
nan
0.0
 
2019-05-07T15:28:31,161897711+02:00
57.014070167
9.987157
0.0324
nan
0.0
 
2019-05-07T15:28:31,358993848+02:00
57.014070833
9.987157
0.1548
nan
0.0
 
2019-05-07T15:28:31,559102439+02:00
57.014071167
9.987157167
0.054
nan
0.0
 
2019-05-07T15:28:31,762444415+02:00
57.014071833
9.987157
0.018
nan
0.0
 
2019-05-07T15:28:31,962768327+02:00
57.014072333
9.987157
0.108
nan
0.0
 
2019-05-07T15:28:32,182382122+02:00
57.014072667
9.987156667
0.0828
nan
0.0
 
2019-05-07T15:28:32,376970585+02:00
57.014073167
9.9871565
0.144
nan
0.0
 
2019-05-07T15:28:32,760850883+02:00
57.014074333
9.987156333
0.3168
nan
0.0
 
2019-05-07T15:28:32,977086284+02:00
57.014074667
9.987156333
0.054
nan
0.0
 
2019-05-07T15:28:33,188826341+02:00
57.014075167
9.987156167
0.1656
nan
0.0
 
2019-05-07T15:28:33,371039752+02:00
57.0140755
9.987156167
0.09
nan
0.0
 
2019-05-07T15:28:33,578220919+02:00
57.014075833
9.987155833
0.18
nan
0.0
 
2019-05-07T15:28:33,965918939+02:00
57.014076167
9.987155833
0.2304
nan
0.0
 
2019-05-07T15:28:34,165548803+02:00
57.014076667
9.987155833
0.1152
nan
0.0
 
2019-05-07T15:28:34,561605140+02:00
57.014077667
9.9871555
0.1044
nan
0.0
 
2019-05-07T15:28:34,766833796+02:00
57.014077833
9.987154833
0.342
nan
0.0
 
2019-05-07T15:28:34,987816898+02:00
57.014078167
9.987154833
0.0684
nan
0.0
 
2019-05-07T15:28:35,392577498+02:00
57.014078333
9.987154
0.216
nan
0.0
 
2019-05-07T15:28:35,762191251+02:00
57.014079333
9.987153667
0.144
nan
0.0
 
2019-05-07T15:28:35,983628232+02:00
57.014079833
9.987153833
0.3168
nan
0.0
 
2019-05-07T15:28:36,196058808+02:00
57.014079833
9.987153667
0.0684
nan
0.0
 
2019-05-07T15:28:36,574456652+02:00
57.014080333
9.987153333
0.0396
nan
0.0
 
2019-05-07T15:28:36,801702036+02:00
57.0140805
9.987153167
0.0252
nan
0.0
 
2019-05-07T15:28:37,168982706+02:00
57.014080667
9.987152667
0.1368
nan
0.0
 
2019-05-07T15:28:37,398863183+02:00
57.014081
9.987152667
0.1116
nan
0.0
 
2019-05-07T15:28:37,769922864+02:00
57.014081667
9.987152333
0.1692
nan
0.0
 
2019-05-07T15:28:38,001239859+02:00
57.014082333
9.987152333
0.108
nan
0.0
 
2019-05-07T15:28:38,370768292+02:00
57.014083167
9.987152333
0.0216
nan
0.0
 
2019-05-07T15:28:38,610039100+02:00
57.014083333
9.987152333
0.1332
nan
0.0
 
2019-05-07T15:28:38,811415310+02:00
57.014084
9.987152667
0.0396
nan
0.0
 
2019-05-07T15:28:39,176460400+02:00
57.014085
9.987152833
0.0288
nan
0.0
 
2019-05-07T15:28:39,403944821+02:00
57.014085333
9.987153
0.0684
nan
0.0
 
2019-05-07T15:28:39,766618733+02:00
57.014086167
9.9871535
0.1476
nan
0.0
 
2019-05-07T15:28:39,980980285+02:00
57.014086167
9.987153667
0.27
nan
0.0
 
2019-05-07T15:28:40,373537994+02:00
57.0140875
9.987154167
0.0288
nan
0.0
 
2019-05-07T15:28:40,772674430+02:00
57.014088333
9.9871545
0.1836
nan
0.0
 
2019-05-07T15:28:41,017413319+02:00
57.014088667
9.9871545
0.1116
nan
0.0
 
2019-05-07T15:28:41,375085518+02:00
57.01409
9.987155
0.0144
nan
0.0
 
2019-05-07T15:28:41,576635624+02:00
57.014090333
9.987155
0.0864
nan
0.0
 
2019-05-07T15:28:41,779195605+02:00
57.014090667
9.987155
0.1476
nan
0.0
 
2019-05-07T15:28:41,997178244+02:00
57.014091167
9.987155333
0.126
nan
0.0
 
2019-05-07T15:28:42,368809084+02:00
57.014092333
9.987156
0.1008
nan
0.0
 
2019-05-07T15:28:42,601731061+02:00
57.014092833
9.987156333
0.0828
nan
0.0
 
2019-05-07T15:28:42,987143198+02:00
57.014094
9.987157
0.0504
nan
0.0
 
2019-05-07T15:28:43,180225887+02:00
57.014094667
9.987157333
0.1584
nan
0.0
 
2019-05-07T15:28:43,577064419+02:00
57.0140955
9.987158333
0.1728
nan
0.0
 
2019-05-07T15:28:43,972756004+02:00
57.014096667
9.987159167
0.234
nan
0.0
 
2019-05-07T15:28:44,176795823+02:00
57.014097667
9.987159667
0.306
nan
0.0
 
2019-05-07T15:28:44,577006889+02:00
57.014099167
9.9871605
0.0828
nan
0.0
 
2019-05-07T15:28:44,795687693+02:00
57.014099833
9.987160833
0.2052
nan
0.0
 
2019-05-07T15:28:45,174238399+02:00
57.014101
9.987161833
0.2268
nan
0.0
 
2019-05-07T15:28:45,406006571+02:00
57.014101833
9.987162333
0.2448
nan
0.0
 
2019-05-07T15:28:45,801866044+02:00
57.014103167
9.987162833
0.0684
nan
0.0
 
2019-05-07T15:28:46,179830561+02:00
57.014103667
9.987163167
0.018
nan
0.0
 
2019-05-07T15:28:46,404926818+02:00
57.014103833
9.987163167
0.1476
nan
0.0
 
2019-05-07T15:28:46,578211530+02:00
57.014104333
9.9871635
0.2412
nan
0.0
 
2019-05-07T15:28:46,984441975+02:00
57.014105333
9.987164333
0.1656
nan
0.0
 
2019-05-07T15:28:48,186137421+02:00
57.014107
9.987166
0.0252
nan
0.0
 
2019-05-07T15:28:48,585639666+02:00
57.014107833
9.987166833
0.144
nan
0.0
 
2019-05-07T15:28:49,144889066+02:00
57.0141085
9.9871675
0.0576
nan
0.0
 
2019-05-07T15:28:49,578899323+02:00
57.014109333
9.987168333
0.0576
nan
0.0
 
2019-05-07T15:28:49,813936171+02:00
57.014109667
9.9871685
0.036
nan
0.0
 
2019-05-07T15:28:50,181546038+02:00
57.014110167
9.987169
0.1188
nan
0.0
 
2019-05-07T15:28:50,408713974+02:00
57.0141105
9.9871695
0.0468
nan
0.0
 
2019-05-07T15:28:50,781424273+02:00
57.0141115
9.987170333
0.144
nan
0.0
 
2019-05-07T15:28:50,984780106+02:00
57.014112
9.987171
0.18
nan
0.0
 
2019-05-07T15:28:51,384923439+02:00
57.014112833
9.987171667
0.1692
nan
0.0
 
2019-05-07T15:28:51,781550361+02:00
57.014113167
9.987172333
0.234
nan
0.0
 
2019-05-07T15:28:52,183335357+02:00
57.014114333
9.987173
0.2016
nan
0.0
 
2019-05-07T15:28:52,588737437+02:00
57.014114833
9.987173833
0.0468
nan
0.0
 
2019-05-07T15:28:52,988272395+02:00
57.014115
9.9871745
0.1872
nan
0.0
 
2019-05-07T15:28:53,202067095+02:00
57.014115167
9.9871745
0.0756
nan
0.0
 
2019-05-07T15:28:53,592001833+02:00
57.014115833
9.987175
0.1008
nan
0.0
 
2019-05-07T15:28:53,995824586+02:00
57.014115667
9.987175333
0.0936
nan
0.0
 
2019-05-07T15:28:54,394799822+02:00
57.0141155
9.987175333
0.0936
nan
0.0
 
2019-05-07T15:28:54,789748376+02:00
57.014115333
9.987175667
0.09
nan
0.0
 
2019-05-07T15:28:55,193588214+02:00
57.014115333
9.987175667
0.0468
nan
0.0
 
2019-05-07T15:28:55,391123807+02:00
57.014115333
9.9871755
0.0756
nan
0.0
 
2019-05-07T15:28:55,790366434+02:00
57.014115667
9.987175833
0.1044
nan
0.0
 
2019-05-07T15:28:55,996840755+02:00
57.014116
9.987175833
0.1116
nan
0.0
 
2019-05-07T15:28:56,433514407+02:00
57.014116167
9.987176167
0.1116
nan
0.0
 
2019-05-07T15:28:57,035463596+02:00
57.014117333
9.987176833
0.0396
nan
0.0
 
2019-05-07T15:28:57,398476131+02:00
57.014117833
9.987177333
0.144
nan
0.0
 
2019-05-07T15:28:57,829813766+02:00
57.014118333
9.987177833
0.2988
nan
0.0
 
2019-05-07T15:28:58,395278595+02:00
57.01412
9.987179167
0.054
nan
0.0
 
2019-05-07T15:28:58,805798999+02:00
57.014120667
9.987179667
0.0468
nan
0.0
 
2019-05-07T15:28:59,207111047+02:00
57.014121167
9.987180333
0.1044
nan
0.0
 
2019-05-07T15:28:59,588226593+02:00
57.014121833
9.987180833
0.0864
nan
0.0
 
2019-05-07T15:29:00,021533041+02:00
57.014122167
9.9871815
0.198
nan
0.0
 
2019-05-07T15:29:00,399130628+02:00
57.014122833
9.987182167
0.0504
nan
0.0
 
2019-05-07T15:29:00,787418015+02:00
57.014123667
9.9871825
0.1332
nan
0.0
 
2019-05-07T15:29:01,012402982+02:00
57.014124
9.987182833
0.1116
nan
0.0
 
2019-05-07T15:29:01,389798387+02:00
57.014124833
9.9871835
0.126
nan
0.0
 
2019-05-07T15:29:01,809124047+02:00
57.014125167
9.987184
0.09
nan
0.0
 
2019-05-07T15:29:02,211443751+02:00
57.014126
9.987184667
0.1656
nan
0.0
 
2019-05-07T15:29:02,613088957+02:00
57.0141265
9.987185167
0.2124
nan
0.0
 
2019-05-07T15:29:03,210245455+02:00
57.014127333
9.987186167
0.1368
nan
0.0
 
2019-05-07T15:29:03,601541454+02:00
57.014127667
9.987186667
0.072
nan
0.0
 
2019-05-07T15:29:04,002583776+02:00
57.014128333
9.987187333
0.09
nan
0.0
 
2019-05-07T15:29:04,400195041+02:00
57.014128833
9.987187667
0.1008
nan
0.0
 
2019-05-07T15:29:04,624464290+02:00
57.014129333
9.987188
0.0396
nan
0.0
 
2019-05-07T15:29:05,010662235+02:00
57.014130167
9.9871885
0.1224
nan
0.0
 
2019-05-07T15:29:05,404333871+02:00
57.0141305
9.987188833
0.0468
nan
0.0
 
2019-05-07T15:29:05,806153090+02:00
57.0141315
9.9871895
0.1332
nan
0.0
 
2019-05-07T15:29:06,018068802+02:00
57.014131833
9.9871895
0.1188
nan
0.0
 
2019-05-07T15:29:06,396335071+02:00
57.014132333
9.98719
0.054
nan
0.0
 
2019-05-07T15:29:06,794909404+02:00
57.014132667
9.987190333
0.0684
nan
0.0
 
2019-05-07T15:29:07,028426623+02:00
57.0141325
9.9871905
0.3312
nan
0.0
 
2019-05-07T15:29:07,393082692+02:00
57.014132833
9.987190833
0.0612
nan
0.0
 
2019-05-07T15:29:07,597092921+02:00
57.014133
9.987191333
0.144
nan
0.0
 
2019-05-07T15:29:07,994946343+02:00
57.014133333
9.9871915
0.0396
nan
0.0
 
2019-05-07T15:29:08,436939511+02:00
57.014133833
9.987192
0.054
nan
0.0
 
2019-05-07T15:29:08,811119780+02:00
57.014134167
9.9871925
0.1368
nan
0.0
 
2019-05-07T15:29:09,208342642+02:00
57.014134333
9.987192833
0.0648
nan
0.0
 
2019-05-07T15:29:09,612754958+02:00
57.0141345
9.987193
0.2196
nan
0.0
 
2019-05-07T15:29:10,013990170+02:00
57.014135167
9.9871935
0.0612
nan
0.0
 
2019-05-07T15:29:10,406300192+02:00
57.014136
9.987193833
0.1044
nan
0.0
 
2019-05-07T15:29:10,800463220+02:00
57.014136
9.987194167
0.0396
nan
0.0
 
2019-05-07T15:29:11,056715614+02:00
57.014136167
9.9871945
0.1224
nan
0.0
 
2019-05-07T15:29:11,405163586+02:00
57.014136
9.987195167
0.09
nan
0.0
 
2019-05-07T15:29:11,805294487+02:00
57.0141355
9.9871955
0.072
nan
0.0
 
2019-05-07T15:29:12,205777959+02:00
57.014135167
9.987196
0.216
nan
0.0
 
2019-05-07T15:29:12,601879150+02:00
57.0141355
9.987196333
0.0864
nan
0.0
 
2019-05-07T15:29:13,000341245+02:00
57.014134833
9.9871965
0.1224
nan
0.0
 
2019-05-07T15:29:13,409231642+02:00
57.014134333
9.987196833
0.198
nan
0.0
 
2019-05-07T15:29:13,634237321+02:00
57.014134167
9.987197
0.0576
nan
0.0
 
2019-05-07T15:29:14,019766936+02:00
57.014133667
9.987197167
0.1476
nan
0.0
 
2019-05-07T15:29:14,400993297+02:00
57.014133167
9.9871975
0.126
nan
0.0
 
2019-05-07T15:29:14,812329595+02:00
57.014132833
9.987197667
0.1044
nan
0.0
 
2019-05-07T15:29:15,016948880+02:00
57.0141325
9.987197833
0.0324
nan
0.0
 
2019-05-07T15:29:15,408755592+02:00
57.014132
9.987198833
0.234
nan
0.0
 
2019-05-07T15:29:15,812391657+02:00
57.014131167
9.987199167
0.1476
nan
0.0
 
2019-05-07T15:29:16,209214680+02:00
57.014130333
9.987199167
0.27
nan
0.0
 
2019-05-07T15:29:16,608985171+02:00
57.014129667
9.987199667
0.1116
nan
0.0
 
2019-05-07T15:29:17,203464345+02:00
57.014129167
9.987200167
0.0432
nan
0.0
 
2019-05-07T15:29:17,810942266+02:00
57.014128333
9.987199833
0.144
nan
0.0
 
2019-05-07T15:29:18,216798528+02:00
57.014127833
9.987199833
0.126
nan
0.0
 
2019-05-07T15:29:18,812231556+02:00
57.0141265
9.9871995
0.1332
nan
0.0
 
2019-05-07T15:29:19,218119563+02:00
57.014125667
9.9871995
0.0972
nan
0.0
 
2019-05-07T15:29:19,615712475+02:00
57.014125
9.987199167
0.0864
nan
0.0
 
2019-05-07T15:29:20,007032890+02:00
57.014124167
9.987198833
0.3744
nan
0.0
 
2019-05-07T15:29:20,418777236+02:00
57.014123667
9.987199167
0.1692
nan
0.0
 
2019-05-07T15:29:20,811746711+02:00
57.014123333
9.987199167
0.036
nan
0.0
 
2019-05-07T15:29:21,214981591+02:00
57.014122667
9.987198667
0.2844
nan
0.0
 
2019-05-07T15:29:21,622436734+02:00
57.014122
9.987198333
0.0684
nan
0.0
 
2019-05-07T15:29:22,019007496+02:00
57.0141215
9.9871985
0.0828
nan
0.0
 
2019-05-07T15:29:22,422879549+02:00
57.014120833
9.987198333
0.3204
nan
0.0
 
2019-05-07T15:29:22,821031327+02:00
57.014120667
9.9871985
0.1584
nan
0.0
 
2019-05-07T15:29:23,233872502+02:00
57.014121
9.987199
0.0792
nan
0.0
 
2019-05-07T15:29:23,613760488+02:00
57.014121
9.987199667
0.1764
nan
0.0
 
2019-05-07T15:29:24,009821764+02:00
57.014120833
9.987200333
0.0756
nan
0.0
 
2019-05-07T15:29:24,416092012+02:00
57.0141205
9.987201
0.18
nan
0.0
 
2019-05-07T15:29:24,816302509+02:00
57.014119833
9.987201
0.0108
nan
0.0
 
2019-05-07T15:29:25,060198330+02:00
57.0141195
9.987201
0.1692
nan
0.0
 
2019-05-07T15:29:25,412517957+02:00
57.014119333
9.987201333
0.036
nan
0.0
 
2019-05-07T15:29:25,826252264+02:00
57.014119
9.9872015
0.1224
nan
0.0
 
2019-05-07T15:29:26,210833231+02:00
57.014118167
9.987201667
0.2124
nan
0.0
 
2019-05-07T15:29:26,631221740+02:00
57.014117667
9.987201667
0.2628
nan
0.0
 
2019-05-07T15:29:27,041929424+02:00
57.014116333
9.987201
0.0972
nan
0.0
 
2019-05-07T15:29:27,436941304+02:00
57.014115
9.987201
0.1656
nan
0.0
 
2019-05-07T15:29:27,832692936+02:00
57.014114167
9.987201
0.1008
nan
0.0
 
2019-05-07T15:29:28,238450889+02:00
57.014113
9.987200833
0.0288
nan
0.0
 
2019-05-07T15:29:28,638658723+02:00
57.014112
9.987200667
0.0576
nan
0.0
 
2019-05-07T15:29:29,020961657+02:00
57.0141105
9.987200167
0.1908
nan
0.0
 
2019-05-07T15:29:29,425836318+02:00
57.014109667
9.987200167
0.2124
nan
0.0
 
2019-05-07T15:29:29,612068572+02:00
57.014109333
9.987200167
0.0792
nan
0.0
 
2019-05-07T15:29:30,013945333+02:00
57.014107667
9.987199667
0.5292
nan
0.0
 
2019-05-07T15:29:30,418888687+02:00
57.014105667
9.9871995
0.3708
nan
0.0
 
2019-05-07T15:29:30,812411163+02:00
57.0141045
9.987199333
0.288
nan
0.0
 
2019-05-07T15:29:31,227737622+02:00
57.0141035
9.987198667
0.4212
nan
0.0
 
2019-05-07T15:29:31,618235020+02:00
57.014102833
9.987198
0.0828
nan
0.0
 
2019-05-07T15:29:32,014858916+02:00
57.014102167
9.987197167
0.1404
nan
0.0
 
2019-05-07T15:29:32,414050687+02:00
57.014101333
9.987196333
0.018
nan
0.0
 
2019-05-07T15:29:32,658999832+02:00
57.014101
9.987196167
0.0864
nan
0.0
 
2019-05-07T15:29:33,223088376+02:00
57.014100167
9.987196
0.1188
nan
0.0
 
2019-05-07T15:29:33,657868327+02:00
57.014099667
9.987195667
0.18
nan
0.0
 
2019-05-07T15:29:34,018085698+02:00
57.014099167
9.987195833
0.0576
nan
0.0
 
2019-05-07T15:29:34,623636246+02:00
57.014098167
9.9871955
0.1296
nan
0.0
 
2019-05-07T15:29:35,026245503+02:00
57.014098
9.987195333
0.126
nan
0.0
 
2019-05-07T15:29:35,241183548+02:00
57.014097667
9.987195167
0.1044
nan
0.0
 
2019-05-07T15:29:35,630289422+02:00
57.014096833
9.987195167
0.2916
nan
0.0
 
2019-05-07T15:29:35,819534779+02:00
57.014096167
9.987194833
0.0792
nan
0.0
 
2019-05-07T15:29:36,219448046+02:00
57.014094667
9.987194333
0.4356
nan
0.0
 
2019-05-07T15:29:36,627460827+02:00
57.014094
9.987194
0.1404
nan
0.0
 
2019-05-07T15:29:37,030548334+02:00
57.0140925
9.987193
0.2124
nan
0.0
 
2019-05-07T15:29:37,419166189+02:00
57.014091167
9.987192333
0.1656
nan
0.0
 
2019-05-07T15:29:37,644793647+02:00
57.0140905
9.987192167
0.1044
nan
0.0
 
2019-05-07T15:29:38,232824077+02:00
57.014089
9.987191833
0.2124
nan
0.0
 
2019-05-07T15:29:38,635595298+02:00
57.0140885
9.987191333
0.0972
nan
0.0
 
2019-05-07T15:29:39,022370681+02:00
57.014087667
9.987191
0.1764
nan
0.0
 
2019-05-07T15:29:39,421762539+02:00
57.014086667
9.987190833
0.2412
nan
0.0
 
2019-05-07T15:29:39,654866512+02:00
57.0140865
9.987190833
0.1512
nan
0.0
 
2019-05-07T15:29:40,029002583+02:00
57.0140855
9.987190667
0.1188
nan
0.0
 
2019-05-07T15:29:40,418062289+02:00
57.014084333
9.987190667
0.234
nan
0.0
 
2019-05-07T15:29:40,661814345+02:00
57.014083667
9.987190833
0.144
nan
0.0
 
2019-05-07T15:29:41,024812837+02:00
57.014082833
9.9871905
0.1764
nan
0.0
 
2019-05-07T15:29:41,460150059+02:00
57.0140825
9.987190667
0.342
nan
0.0
 
2019-05-07T15:29:41,824297444+02:00
57.014082333
9.987190833
0.144
nan
0.0
 
2019-05-07T15:29:42,254252260+02:00
57.014081833
9.987191333
0.1944
nan
0.0
 
2019-05-07T15:29:42,625668987+02:00
57.014081833
9.987191833
0.072
nan
0.0
 
2019-05-07T15:29:43,029039573+02:00
57.014081167
9.987192167
0.0288
nan
0.0
 
2019-05-07T15:29:43,636295976+02:00
57.01408
9.9871925
0.0792
nan
0.0
 
2019-05-07T15:29:44,030067044+02:00
57.01408
9.9871925
0.1332
nan
0.0
 
2019-05-07T15:29:44,448858963+02:00
57.01408
9.987192833
0.1188
nan
0.0
 
2019-05-07T15:29:44,833197844+02:00
57.01408
9.987193
0.0468
nan
0.0
 
2019-05-07T15:29:45,428927733+02:00
57.01408
9.987193833
0.0936
nan
0.0
 
2019-05-07T15:29:45,852069004+02:00
57.01408
9.987194333
0.1044
nan
0.0
 
2019-05-07T15:29:46,223982063+02:00
57.014079333
9.987194333
0.2232
nan
0.0
 
2019-05-07T15:29:46,448338378+02:00
57.014078833
9.9871945
0.0828
nan
0.0
 
2019-05-07T15:29:46,852028781+02:00
57.014077667
9.987194667
0.1116
nan
0.0
 
2019-05-07T15:29:47,232214456+02:00
57.0140765
9.987194667
0.0576
nan
0.0
 
2019-05-07T15:29:47,449678126+02:00
57.014076167
9.987194667
0.0504
nan
0.0
 
2019-05-07T15:29:47,841512036+02:00
57.014075333
9.9871945
0.2484
nan
0.0
 
2019-05-07T15:29:48,246706018+02:00
57.014074833
9.9871945
0.0792
nan
0.0
 
2019-05-07T15:29:48,847270575+02:00
57.014072167
9.9871935
0.1152
nan
0.0
 
2019-05-07T15:29:49,832926213+02:00
57.014068167
9.9871925
0.1152
nan
0.0
 
2019-05-07T15:29:50,057164416+02:00
57.0140675
9.9871925
0.162
nan
0.0
 
2019-05-07T15:29:50,424549211+02:00
57.0140665
9.9871925
0.0972
nan
0.0
 
2019-05-07T15:29:50,629063550+02:00
57.014065667
9.987192333
0.2412
nan
0.0
 
2019-05-07T15:29:50,845779814+02:00
57.014065167
9.9871925
0.144
nan
0.0
 
2019-05-07T15:29:51,228949103+02:00
57.014064167
9.9871925
0.1836
nan
0.0
 
2019-05-07T15:29:51,621769140+02:00
57.0140635
9.987192333
0.18
nan
0.0
 
2019-05-07T15:29:51,833919868+02:00
57.014063
9.987192167
0.0648
nan
0.0
 
2019-05-07T15:29:52,231587994+02:00
57.014061667
9.987192
0.342
nan
0.0
 
2019-05-07T15:29:52,428139819+02:00
57.014061333
9.987192
0.342
nan
0.0
 
2019-05-07T15:29:52,646024971+02:00
57.014061
9.987191833
0.1944
nan
0.0
 
2019-05-07T15:29:53,039835872+02:00
57.014059833
9.9871915
0.2988
nan
0.0
 
2019-05-07T15:29:53,260044801+02:00
57.0140595
9.987191167
0.3132
nan
0.0
 
2019-05-07T15:29:53,638180472+02:00
57.014058833
9.987190833
0.3888
nan
0.0
 
2019-05-07T15:29:54,030743767+02:00
57.014058833
9.987191
0.0972
nan
0.0
 
2019-05-07T15:29:54,258066044+02:00
57.014058667
9.987191
0.3024
nan
0.0
 
2019-05-07T15:29:54,638713443+02:00
57.014058833
9.987190833
0.072
nan
0.0
 
2019-05-07T15:29:54,862343902+02:00
57.014059
9.987190667
0.18
nan
0.0
 
2019-05-07T15:29:55,234757979+02:00
57.014058833
9.987190167
0.0504
nan
0.0
 
2019-05-07T15:29:55,629726946+02:00
57.014058333
9.9871905
0.3744
nan
0.0
 
2019-05-07T15:29:55,839935316+02:00
57.014058167
9.9871905
0.1872
nan
0.0
 
2019-05-07T15:29:56,036884156+02:00
57.014058167
9.987190833
0.2196
nan
0.0
 
2019-05-07T15:29:56,232416450+02:00
57.014058667
9.987190833
0.1584
nan
0.0
 
2019-05-07T15:29:56,431617768+02:00
57.014058833
9.987191
0.0612
nan
0.0
 
2019-05-07T15:29:56,832615994+02:00
57.014059167
9.9871915
0.1116
nan
0.0
 
2019-05-07T15:29:57,047445006+02:00
57.0140595
9.987191833
0.2088
nan
0.0
 
2019-05-07T15:29:57,430963001+02:00
57.014059333
9.987192167
0.1404
nan
0.0
 
2019-05-07T15:29:57,629910298+02:00
57.014059
9.9871925
0.2232
nan
0.0
 
2019-05-07T15:29:57,855533478+02:00
57.014059
9.987192833
0.2268
nan
0.0
 
2019-05-07T15:29:58,237611671+02:00
57.014059167
9.987193167
0.162
nan
0.0
 
2019-05-07T15:29:58,638407445+02:00
57.014059667
9.987193833
0.1368
nan
0.0
 
2019-05-07T15:29:58,829949295+02:00
57.014059
9.987194
0.252
nan
0.0
 
2019-05-07T15:29:59,041900501+02:00
57.014059167
9.9871945
0.288
nan
0.0
 
2019-05-07T15:29:59,269622734+02:00
57.014059167
9.987194667
0.1728
nan
0.0
 
2019-05-07T15:29:59,631109192+02:00
57.014059833
9.987195333
0.3276
nan
0.0
 
2019-05-07T15:29:59,829113694+02:00
57.014059667
9.987195333
0.1008
nan
0.0
 
2019-05-07T15:30:00,229045633+02:00
57.014059167
9.9871955
0.27
nan
0.0
 
2019-05-07T15:30:00,472223294+02:00
57.014059167
9.9871955
0.1044
nan
0.0
 
2019-05-07T15:30:00,838307064+02:00
57.014058667
9.987195833
0.2772
nan
0.0
 
2019-05-07T15:30:01,031173492+02:00
57.014058167
9.987196
0.0936
nan
0.0
 
2019-05-07T15:30:01,236866878+02:00
57.014057333
9.987195833
0.126
nan
0.0
 
2019-05-07T15:30:01,458835370+02:00
57.0140565
9.987195833
0.216
nan
0.0
 
2019-05-07T15:30:01,826800730+02:00
57.014056667
9.987196333
0.0072
nan
0.0
 
2019-05-07T15:30:02,029850412+02:00
57.014057
9.9871965
0.1008
nan
0.0
 
2019-05-07T15:30:02,426814085+02:00
57.014057
9.987196333
0.6012
nan
0.0
 
2019-05-07T15:30:02,633085112+02:00
57.014057167
9.987196333
0.0828
nan
0.0
 
2019-05-07T15:30:02,854864328+02:00
57.014057167
9.987196333
0.0684
nan
0.0
 
2019-05-07T15:30:03,232799316+02:00
57.014056333
9.987195667
0.1044
nan
0.0
 
2019-05-07T15:30:03,436292246+02:00
57.014056333
9.987195333
0.18
nan
0.0
 
2019-05-07T15:30:03,830435341+02:00
57.014056
9.987195167
0.2628
nan
0.0
 
2019-05-07T15:30:04,054367144+02:00
57.014055833
9.987195
0.126
nan
0.0
 
2019-05-07T15:30:04,257546834+02:00
57.014055833
9.987194667
0.072
nan
0.0
 
2019-05-07T15:30:04,630569982+02:00
57.0140555
9.9871945
0.1584
nan
0.0
 
2019-05-07T15:30:04,866088211+02:00
57.014055167
9.987194167
0.036
nan
0.0
 
2019-05-07T15:30:05,230886494+02:00
57.014054167
9.987194
0.3672
nan
0.0
 
2019-05-07T15:30:05,629959934+02:00
57.0140545
9.987194333
0.036
nan
0.0
 
2019-05-07T15:30:06,025574236+02:00
57.014054167
9.987194333
0.0288
nan
0.0
 
2019-05-07T15:30:06,249237731+02:00
57.014053667
9.987194333
0.1224
nan
0.0
 
2019-05-07T15:30:06,628791488+02:00
57.014053
9.987194333
0.1872
nan
0.0
 
2019-05-07T15:30:06,828259836+02:00
57.014053
9.987194667
0.2376
nan
0.0
 
2019-05-07T15:30:07,032567073+02:00
57.014053333
9.987194667
0.1008
nan
0.0
 
2019-05-07T15:30:07,231445012+02:00
57.014053167
9.987195
0.1944
nan
0.0
 
2019-05-07T15:30:07,428946350+02:00
57.014052833
9.987194833
0.3384
nan
0.0
 
2019-05-07T15:30:07,827357467+02:00
57.014052333
9.987195
0.0648
nan
0.0
 
2019-05-07T15:30:08,028180868+02:00
57.014052
9.987194833
0.1728
nan
0.0
 
2019-05-07T15:30:08,233924888+02:00
57.014051833
9.987195
0.1692
nan
0.0
 
2019-05-07T15:30:08,636585869+02:00
57.014051167
9.987194833
0.2268
nan
0.0
 
2019-05-07T15:30:09,031047800+02:00
57.014050667
9.987195167
0.054
nan
0.0
 
2019-05-07T15:30:09,429485862+02:00
57.01405
9.987195333
0.1656
nan
0.0
 
2019-05-07T15:30:09,641190113+02:00
57.014050333
9.987195333
0.3096
nan
0.0
 
2019-05-07T15:30:10,025737723+02:00
57.014050167
9.9871955
0.036
nan
0.0
 
2019-05-07T15:30:10,255550125+02:00
57.01405
9.987195667
0.0108
nan
0.0
 
2019-05-07T15:30:10,638729723+02:00
57.01405
9.987196167
0.1476
nan
0.0
 
2019-05-07T15:30:10,846718773+02:00
57.014049833
9.9871965
0.2052
nan
0.0
 
2019-05-07T15:30:11,226037716+02:00
57.014049167
9.987196667
0.0684
nan
0.0
 
2019-05-07T15:30:11,629627815+02:00
57.0140485
9.987197167
0.1188
nan
0.0
 
2019-05-07T15:30:11,830944154+02:00
57.014048333
9.9871975
0.0252
nan
0.0
 
2019-05-07T15:30:12,231525759+02:00
57.014048167
9.987198
0.0612
nan
0.0
 
2019-05-07T15:30:12,422409415+02:00
57.014048167
9.987198333
0.0684
nan
0.0
 
2019-05-07T15:30:12,635563060+02:00
57.014047833
9.987198833
0.162
nan
0.0
 
2019-05-07T15:30:13,030807372+02:00
57.014047333
9.987199333
0.0324
nan
0.0
 
2019-05-07T15:30:13,246130014+02:00
57.014047167
9.9871995
0.1548
nan
0.0
 
2019-05-07T15:30:13,837078602+02:00
57.014046667
9.987200333
0.0936
nan
0.0
 
2019-05-07T15:30:14,227999936+02:00
57.014046
9.987200667
0.1944
nan
0.0
 
2019-05-07T15:30:14,631528857+02:00
57.014045167
9.987200833
0.09
nan
0.0
 
2019-05-07T15:30:14,848583452+02:00
57.014044833
9.987201
0.1656
nan
0.0
 
2019-05-07T15:30:15,438456378+02:00
57.014043833
9.987201333
0.1512
nan
0.0
 
2019-05-07T15:30:16,025750302+02:00
57.014043
9.987202
0.2016
nan
0.0
 
2019-05-07T15:30:16,428871028+02:00
57.014041833
9.9872025
0.18
nan
0.0
 
2019-05-07T15:30:17,027175772+02:00
57.014040833
9.987203
0.162
nan
0.0
 
2019-05-07T15:30:17,428898323+02:00
57.01404
9.987203333
0.1332
nan
0.0
 
2019-05-07T15:30:17,824801510+02:00
57.014039333
9.987203667
0.1476
nan
0.0
 
2019-05-07T15:30:18,028589128+02:00
57.014039
9.987203667
0.0864
nan
0.0
 
2019-05-07T15:30:18,444841326+02:00
57.014038333
9.987203667
0.1152
nan
0.0
 
2019-05-07T15:30:19,034953301+02:00
57.014036833
9.987204333
0.1152
nan
0.0
 
2019-05-07T15:30:19,430730158+02:00
57.014035667
9.987204667
0.072
nan
0.0
 
2019-05-07T15:30:19,835028478+02:00
57.014034667
9.987205167
0.198
nan
0.0
 
2019-05-07T15:30:20,229841047+02:00
57.0140345
9.987206
0.1368
nan
0.0
 
2019-05-07T15:30:20,430934825+02:00
57.014034333
9.987206
0.0792
nan
0.0
 
2019-05-07T15:30:20,624585127+02:00
57.014034
9.987206333
0.1332
nan
0.0
 
2019-05-07T15:30:21,028426266+02:00
57.014033167
9.987206833
0.2376
nan
0.0
 
2019-05-07T15:30:21,438676902+02:00
57.014032833
9.987206833
0.1404
nan
0.0
 
2019-05-07T15:30:21,657578975+02:00
57.014032667
9.987207333
0.2232
nan
0.0
 
2019-05-07T15:30:21,830844802+02:00
57.0140325
9.9872075
0.1152
nan
0.0
 
2019-05-07T15:30:22,434323537+02:00
57.014031333
9.9872075
0.1944
nan
0.0
 
2019-05-07T15:30:22,832285863+02:00
57.014030833
9.9872075
0.18
nan
0.0
 
2019-05-07T15:30:23,056321455+02:00
57.0140305
9.9872075
0.18
nan
0.0
 
2019-05-07T15:30:23,435990347+02:00
57.014029667
9.987206667
0.3888
nan
0.0
 
2019-05-07T15:30:23,837157969+02:00
57.014029167
9.987206333
0.2448
nan
0.0
 
2019-05-07T15:30:24,230226405+02:00
57.014028667
9.987206
0.378
nan
0.0
 
2019-05-07T15:30:24,442877277+02:00
57.014028167
9.987205667
0.4536
nan
0.0
 
2019-05-07T15:30:24,833998796+02:00
57.014027333
9.987206
0.3816
nan
0.0
 
2019-05-07T15:30:25,065854380+02:00
57.014026833
9.987206167
0.2016
nan
0.0
 
2019-05-07T15:30:25,630779937+02:00
57.014025167
9.9872065
0.2916
nan
0.0
 
2019-05-07T15:30:25,839098147+02:00
57.014025
9.987206667
0.162
nan
0.0
 
2019-05-07T15:30:26,234875285+02:00
57.014024333
9.987207333
0.1116
nan
0.0
 
2019-05-07T15:30:26,637198706+02:00
57.014024
9.9872075
0.3456
nan
0.0
 
2019-05-07T15:30:27,248009287+02:00
57.0140225
9.987209333
0.2016
nan
0.0
 
2019-05-07T15:30:27,830081105+02:00
57.014020667
9.987210667
0.144
nan
0.0
 
2019-05-07T15:30:28,033954455+02:00
57.014020333
9.987211333
0.3564
nan
0.0
 
2019-05-07T15:30:28,428530367+02:00
57.014019333
9.987212167
0.1188
nan
0.0
 
2019-05-07T15:30:28,669595037+02:00
57.0140185
9.987212333
0.2448
nan
0.0
 
2019-05-07T15:30:29,031930069+02:00
57.0140175
9.987213333
0.1764
nan
0.0
 
2019-05-07T15:30:29,233446277+02:00
57.014016833
9.9872145
0.0648
nan
0.0
 
2019-05-07T15:30:29,628966516+02:00
57.014015167
9.987216833
0.1584
nan
0.0
 
2019-05-07T15:30:29,833130103+02:00
57.0140145
9.987217833
0.1476
nan
0.0
 
2019-05-07T15:30:30,247501636+02:00
57.014013333
9.987219167
0.054
nan
0.0
 
2019-05-07T15:30:30,464159681+02:00
57.0140125
9.9872205
0.1656
nan
0.0
 
2019-05-07T15:30:31,034784391+02:00
57.014011167
9.987223
0.0792
nan
0.0
 
2019-05-07T15:30:31,231175526+02:00
57.014010667
9.9872235
0.1656
nan
0.0
 
2019-05-07T15:30:31,451557649+02:00
57.014010333
9.987224167
0.0612
nan
0.0
 
2019-05-07T15:30:31,854185291+02:00
57.014009
9.9872255
0.0972
nan
0.0
 
2019-05-07T15:30:32,236956151+02:00
57.014008833
9.9872265
0.162
nan
0.0
 
2019-05-07T15:30:32,638279996+02:00
57.014007833
9.987228
0.0936
nan
0.0
 
2019-05-07T15:30:33,028692303+02:00
57.0140065
9.987228833
0.1008
nan
0.0
 
2019-05-07T15:30:33,232580719+02:00
57.014006
9.9872295
0.126
nan
0.0
 
2019-05-07T15:30:33,436277927+02:00
57.014005667
9.987230167
0.1836
nan
0.0
 
2019-05-07T15:30:33,637133636+02:00
57.014004833
9.987231167
0.1224
nan
0.0
 
2019-05-07T15:30:33,863373087+02:00
57.014004167
9.987231833
0.0576
nan
0.0
 
2019-05-07T15:30:34,235025584+02:00
57.014003167
9.987233333
0.1044
nan
0.0
 
2019-05-07T15:30:34,636877805+02:00
57.014002667
9.987234667
0.2484
nan
0.0
 
2019-05-07T15:30:35,037841147+02:00
57.0140025
9.9872355
0.0468
nan
0.0
 
2019-05-07T15:30:35,448129344+02:00
57.014001667
9.987237
0.0504
nan
0.0
 
2019-05-07T15:30:36,042750588+02:00
57.014000333
9.987239833
0.1872
nan
0.0
 
2019-05-07T15:30:36,441459503+02:00
57.013998833
9.9872425
0.1224
nan
0.0
 
2019-05-07T15:30:36,636892765+02:00
57.013998333
9.987243667
0.2448
nan
0.0
 
2019-05-07T15:30:36,859208191+02:00
57.013997833
9.987244667
0.1656
nan
0.0
 
2019-05-07T15:30:37,034024958+02:00
57.013997333
9.987246167
0.2268
nan
0.0
 
2019-05-07T15:30:37,436613431+02:00
57.013996333
9.9872485
0.2016
nan
0.0
 
2019-05-07T15:30:37,834499290+02:00
57.0139965
9.987250167
0.1008
nan
0.0
 
2019-05-07T15:30:38,431186907+02:00
57.013995833
9.9872525
0.2448
nan
0.0
 
2019-05-07T15:30:38,671543193+02:00
57.013995333
9.987253667
0.2484
nan
0.0
 
2019-05-07T15:30:39,033915638+02:00
57.013995
9.9872555
0.1332
nan
0.0
 
2019-05-07T15:30:39,435729748+02:00
57.013994667
9.987257333
0.1188
nan
0.0
 
2019-05-07T15:30:39,629452737+02:00
57.0139945
9.987258
0.054
nan
0.0
 
2019-05-07T15:30:40,028040213+02:00
57.013994333
9.98726
0.198
nan
0.0
 
2019-05-07T15:30:40,264392163+02:00
57.013994167
9.987260667
0.1656
nan
0.0
 
2019-05-07T15:30:40,638416496+02:00
57.0139935
9.987262333
0.1404
nan
0.0
 
2019-05-07T15:30:41,233473860+02:00
57.013993167
9.987264833
0.198
nan
0.0
 
2019-05-07T15:30:41,644641326+02:00
57.013992833
9.987267
0.2016
nan
0.0
 
2019-05-07T15:30:42,038824690+02:00
57.013992167
9.987269
0.18
nan
0.0
 
2019-05-07T15:30:42,668375560+02:00
57.0139915
9.987272333
0.108
nan
0.0
 
2019-05-07T15:30:43,058046047+02:00
57.013991667
9.987274
0.0396
nan
0.0
 
2019-05-07T15:30:43,634644577+02:00
57.013990833
9.987277
0.0828
nan
0.0
 
2019-05-07T15:30:43,855538908+02:00
57.013990667
9.987278
0.0648
nan
0.0
 
2019-05-07T15:30:44,253046256+02:00
57.013990333
9.987279667
0.1584
nan
0.0
 
2019-05-07T15:30:44,639790364+02:00
57.0139895
9.987282167
0.1152
nan
0.0
 
2019-05-07T15:30:45,032405786+02:00
57.013989333
9.987283833
0.036
nan
0.0
 
2019-05-07T15:30:45,241557480+02:00
57.013989167
9.987285
0.2124
nan
0.0
 
2019-05-07T15:30:45,427913926+02:00
57.013989
9.987285833
0.09
nan
0.0
 
2019-05-07T15:30:45,670059321+02:00
57.013989
9.987286833
0.0612
nan
0.0
 
2019-05-07T15:30:46,040073846+02:00
57.013988167
9.987288833
0.1368
nan
0.0
 
2019-05-07T15:30:46,235758332+02:00
57.013988167
9.987289667
0.054
nan
0.0
 
2019-05-07T15:30:46,633526110+02:00
57.013988
9.987291167
0.1656
nan
0.0
 
2019-05-07T15:30:47,036388094+02:00
57.013987833
9.9872925
0.1764
nan
0.0
 
2019-05-07T15:30:47,438320046+02:00
57.013987833
9.987294167
0.0216
nan
0.0
 
2019-05-07T15:30:47,660609211+02:00
57.013987667
9.987295167
0.126
nan
0.0
 
2019-05-07T15:30:48,063623553+02:00
57.0139875
9.987296167
0.2412
nan
0.0
 
2019-05-07T15:30:48,435866169+02:00
57.0139875
9.987297667
0.0576
nan
0.0
 
2019-05-07T15:30:48,642955284+02:00
57.0139875
9.9872985
0.1692
nan
0.0
 
2019-05-07T15:30:49,046992220+02:00
57.0139875
9.987299833
0.162
nan
0.0
 
2019-05-07T15:30:49,454256530+02:00
57.0139875
9.987301167
0.2664
nan
0.0
 
2019-05-07T15:30:49,838434586+02:00
57.0139875
9.9873025
0.0972
nan
0.0
 
2019-05-07T15:30:51,039420250+02:00
57.0139865
9.987307
0.2808
nan
0.0
 
2019-05-07T15:30:51,231439689+02:00
57.013986667
9.987307333
0.2448
nan
0.0
 
2019-05-07T15:30:51,460656171+02:00
57.013986833
9.987307833
0.2664
nan
0.0
 
2019-05-07T15:30:51,834847581+02:00
57.013986833
9.987308833
0.1692
nan
0.0
 
2019-05-07T15:30:52,049324684+02:00
57.013986833
9.987309667
0.2088
nan
0.0
 
2019-05-07T15:30:52,243361054+02:00
57.013986833
9.98731
0.0288
nan
0.0
 
2019-05-07T15:30:52,447228534+02:00
57.013986667
9.9873105
0.108
nan
0.0
 
2019-05-07T15:30:52,677505510+02:00
57.013986667
9.987311
0.0864
29.7
0.0
 
2019-05-07T15:30:53,044817272+02:00
57.013986667
9.987312
0.144
nan
0.0
 
2019-05-07T15:30:53,289196700+02:00
57.013986667
9.9873125
0.1368
nan
0.0
 
2019-05-07T15:30:53,653949710+02:00
57.013986
9.987313833
0.1224
nan
0.0
 
2019-05-07T15:30:53,851249423+02:00
57.013986
9.9873145
0.1044
nan
0.0
 
2019-05-07T15:30:54,038200783+02:00
57.013985833
9.987315
0.0612
nan
0.0
 
2019-05-07T15:30:54,433990137+02:00
57.0139855
9.987316167
0.0432
nan
0.0
 
2019-05-07T15:30:54,640259068+02:00
57.013985667
9.987316667
0.1188
nan
0.0
 
2019-05-07T15:30:55,039342550+02:00
57.013985167
9.987318
0.0756
nan
0.0
 
2019-05-07T15:30:55,442049743+02:00
57.013984833
9.987319167
0.0144
nan
0.0
 
2019-05-07T15:30:55,671514383+02:00
57.013984333
9.987319833
0.1152
nan
0.0
 
2019-05-07T15:30:56,039517426+02:00
57.0139835
9.987321
0.162
nan
0.0
 
2019-05-07T15:30:56,237850535+02:00
57.013983333
9.9873215
0.126
nan
0.0
 
2019-05-07T15:30:56,443445235+02:00
57.013982667
9.987322167
0.3096
nan
0.0
 
2019-05-07T15:30:56,640978433+02:00
57.013982833
9.987322667
0.0972
nan
0.0
 
2019-05-07T15:30:56,848698910+02:00
57.013982667
9.987323167
0.1368
nan
0.0
 
2019-05-07T15:30:57,240865889+02:00
57.013982667
9.987323667
0.0648
nan
0.0
 
2019-05-07T15:30:57,437652970+02:00
57.013982667
9.987323833
0.1008
nan
0.0
 
2019-05-07T15:30:57,642476845+02:00
57.0139825
9.987324333
0.1512
nan
0.0
 
2019-05-07T15:30:57,868033027+02:00
57.0139825
9.9873245
0.0756
nan
0.0
 
2019-05-07T15:30:58,249999673+02:00
57.013982167
9.987325333
0.0828
nan
0.0
 
2019-05-07T15:30:58,644792289+02:00
57.013982
9.987325667
0.2556
nan
0.0
 
2019-05-07T15:30:59,042692599+02:00
57.013981333
9.987326333
0.126
nan
0.0
 
2019-05-07T15:30:59,440068118+02:00
57.013980833
9.987327
0.2736
nan
0.0
 
2019-05-07T15:30:59,842118826+02:00
57.013981
9.987327333
0.2196
nan
0.0
 
2019-05-07T15:31:00,041595861+02:00
57.013981
9.987328333
0.36
nan
0.0
 
2019-05-07T15:31:00,273190308+02:00
57.013981
9.987328667
0.288
nan
0.0
 
2019-05-07T15:31:00,641883951+02:00
57.0139815
9.987329167
0.18
nan
0.0
 
2019-05-07T15:31:00,840886240+02:00
57.0139815
9.9873295
0.0612
nan
0.0
 
2019-05-07T15:31:01,242181143+02:00
57.013981667
9.987330667
0.2268
nan
0.0
 
2019-05-07T15:31:01,647362504+02:00
57.013981667
9.987331167
0.1224
nan
0.0
 
2019-05-07T15:31:02,036105284+02:00
57.0139815
9.987331833
0.1332
nan
0.0
 
2019-05-07T15:31:02,439620462+02:00
57.013982
9.987332
0.0108
nan
0.0
 
2019-05-07T15:31:02,641266618+02:00
57.013982333
9.987332167
0.1152
nan
0.0
 
2019-05-07T15:31:03,049936204+02:00
57.013982667
9.987332333
0.0828
nan
0.0
 
2019-05-07T15:31:03,434734404+02:00
57.013983833
9.987332333
0.2412
nan
0.0
 
2019-05-07T15:31:03,649177243+02:00
57.013984167
9.987332667
0.0936
nan
0.0
 
2019-05-07T15:31:03,861253900+02:00
57.013984667
9.987332667
0.1404
nan
0.0
 
2019-05-07T15:31:04,076470569+02:00
57.013984833
9.9873325
0.126
nan
0.0
 
2019-05-07T15:31:04,441801509+02:00
57.0139855
9.987332333
0.2412
nan
0.0
 
2019-05-07T15:31:04,833700710+02:00
57.013986
9.987332167
0.1044
nan
0.0
 
2019-05-07T15:31:05,041393222+02:00
57.013986
9.987332167
0.0612
nan
0.0
 
2019-05-07T15:31:05,298646554+02:00
57.0139865
9.987331667
0.1836
nan
0.0
 
2019-05-07T15:31:05,641804970+02:00
57.0139865
9.987331333
0.1224
nan
0.0
 
2019-05-07T15:31:05,851935632+02:00
57.013986833
9.987331167
0.108
nan
0.0
 
2019-05-07T15:31:06,244868472+02:00
57.013987167
9.987330667
0.2952
nan
0.0
 
2019-05-07T15:31:06,459384819+02:00
57.013987333
9.987330167
0.2556
nan
0.0
 
2019-05-07T15:31:06,839567092+02:00
57.013987667
9.98733
0.0684
nan
0.0
 
2019-05-07T15:31:07,050073256+02:00
57.013987667
9.987329667
0.2844
nan
0.0
 
2019-05-07T15:31:07,242303261+02:00
57.013988
9.987329
0.45
nan
0.0
 
2019-05-07T15:31:07,443474471+02:00
57.013987833
9.987329
0.0864
nan
0.0
 
2019-05-07T15:31:07,637016787+02:00
57.013987833
9.987328833
0.054
nan
0.0
 
2019-05-07T15:31:07,859988538+02:00
57.013988167
9.987328167
0.1872
nan
0.0
 
2019-05-07T15:31:08,265476712+02:00
57.013988167
9.987328
0.0972
nan
0.0
 
2019-05-07T15:31:08,641541581+02:00
57.013988167
9.987327667
0.144
nan
0.0
 
2019-05-07T15:31:08,855472154+02:00
57.013988
9.987327333
0.1368
nan
0.0
 
2019-05-07T15:31:09,062603992+02:00
57.013988
9.9873275
0.1728
nan
0.0
 
2019-05-07T15:31:09,275356143+02:00
57.013988
9.987327167
0.0612
nan
0.0
 
2019-05-07T15:31:09,640463104+02:00
57.013987833
9.987327333
0.288
nan
0.0
 
2019-05-07T15:31:09,873116253+02:00
57.013987833
9.987326667
0.0756
nan
0.0
 
2019-05-07T15:31:10,250966332+02:00
57.0139885
9.987325333
0.1872
nan
0.0
 
2019-05-07T15:31:10,665704944+02:00
57.013988333
9.987324667
0.2556
nan
0.0
 
2019-05-07T15:31:11,047820661+02:00
57.013988167
9.987324333
0.1512
nan
0.0
 
2019-05-07T15:31:11,447337000+02:00
57.013987833
9.987323667
0.2124
nan
0.0
 
2019-05-07T15:31:11,849799845+02:00
57.013988167
9.987322667
0.018
nan
0.0
 
2019-05-07T15:31:12,279502926+02:00
57.013988
9.987321667
0.0432
nan
0.0
 
2019-05-07T15:31:12,656368847+02:00
57.013988333
9.987320833
0.1044
nan
0.0
 
2019-05-07T15:31:13,039607395+02:00
57.013989
9.987319667
0.0468
nan
0.0
 
2019-05-07T15:31:13,451346788+02:00
57.0139885
9.987319167
0.864
26.3
nan
 
2019-05-07T15:31:13,843722518+02:00
57.013989167
9.987318167
0.1692
nan
0.0
 
2019-05-07T15:31:14,244902894+02:00
57.0139895
9.987317333
0.1008
nan
0.0
 
2019-05-07T15:31:14,645477123+02:00
57.013989667
9.987317
0.3528
nan
0.0
 
2019-05-07T15:31:15,047877049+02:00
57.013990167
9.987316
0.2304
nan
0.0
 
2019-05-07T15:31:15,446493583+02:00
57.01399
9.987315
0.0648
nan
0.0
 
2019-05-07T15:31:15,844445447+02:00
57.013990167
9.987313833
0.072
nan
0.0
 
2019-05-07T15:31:16,252140963+02:00
57.013990167
9.987312833
0.1548
nan
0.0
 
2019-05-07T15:31:16,652179009+02:00
57.013990333
9.987311833
0.1116
nan
0.0
 
2019-05-07T15:31:17,049135563+02:00
57.013990167
9.987310833
0.1188
nan
0.0
 
2019-05-07T15:31:17,454082862+02:00
57.013990333
9.9873095
0.1224
nan
0.0
 
2019-05-07T15:31:17,855162213+02:00
57.013990167
9.987308167
0.18
nan
0.0
 
2019-05-07T15:31:18,042304079+02:00
57.013990333
9.987307667
0.1332
nan
0.0
 
2019-05-07T15:31:18,273858868+02:00
57.013989833
9.9873075
0.234
nan
0.0
 
2019-05-07T15:31:18,646766875+02:00
57.013988833
9.987306833
0.1872
nan
0.0
 
2019-05-07T15:31:19,052200267+02:00
57.013989667
9.987305167
0.1188
nan
0.0
 
2019-05-07T15:31:19,268838741+02:00
57.013989833
9.9873045
0.036
nan
0.0
 
2019-05-07T15:31:19,641455660+02:00
57.01399
9.987303667
0.1512
nan
0.0
 
2019-05-07T15:31:19,861722638+02:00
57.013990167
9.987303167
0.0864
nan
0.0
 
2019-05-07T15:31:20,249730675+02:00
57.013990167
9.987302
0.3852
nan
0.0
 
2019-05-07T15:31:20,444802935+02:00
57.01399
9.987301833
0.1656
nan
0.0
 
2019-05-07T15:31:20,684119320+02:00
57.013990167
9.9873015
0.0828
nan
0.0
 
2019-05-07T15:31:21,049333572+02:00
57.01399
9.987300167
0.0576
nan
0.0
 
2019-05-07T15:31:21,452366387+02:00
57.01399
9.987299333
0.0792
nan
0.0
 
2019-05-07T15:31:21,641760104+02:00
57.01399
9.987298833
0.1836
nan
0.0
 
2019-05-07T15:31:21,850865916+02:00
57.013990333
9.987298167
0.126
nan
0.0
 
2019-05-07T15:31:22,065066413+02:00
57.0139905
9.987297333
0.108
nan
0.0
 
2019-05-07T15:31:22,450002853+02:00
57.013991
9.987295667
0.0396
nan
0.0
 
2019-05-07T15:31:22,850429383+02:00
57.013991333
9.987294333
0.1584
nan
0.0
 
2019-05-07T15:31:23,046950525+02:00
57.013991333
9.987293667
0.0936
nan
0.0
 
2019-05-07T15:31:23,259570839+02:00
57.013991333
9.987293167
0.1368
nan
0.0
 
2019-05-07T15:31:23,645073683+02:00
57.013991167
9.987292167
0.09
nan
0.0
 
2019-05-07T15:31:23,850770269+02:00
57.013991
9.987291667
0.018
nan
0.0
 
2019-05-07T15:31:24,246845863+02:00
57.0139905
9.987290667
0.0612
nan
0.0
 
2019-05-07T15:31:24,457679953+02:00
57.013990167
9.98729
0.162
nan
0.0
 
2019-05-07T15:31:24,666299868+02:00
57.013989833
9.987289833
0.342
nan
0.0
 
2019-05-07T15:31:25,048755391+02:00
57.0139895
9.987288667
0.306
nan
0.0
 
2019-05-07T15:31:25,449874039+02:00
57.013990667
9.987287667
0.1188
nan
0.0
 
2019-05-07T15:31:25,688126237+02:00
57.013990667
9.987287
0.1368
nan
0.0
 
2019-05-07T15:31:26,058658120+02:00
57.013990833
9.987286
0.0648
nan
0.0
 
2019-05-07T15:31:26,452080854+02:00
57.013991167
9.987285
0.2016
nan
0.0
 
2019-05-07T15:31:26,842529339+02:00
57.013990833
9.9872845
0.0828
nan
0.0
 
2019-05-07T15:31:27,077868421+02:00
57.0139915
9.9872835
0.288
nan
0.0
 
2019-05-07T15:31:27,448558418+02:00
57.013991333
9.987282833
0.036
nan
0.0
 
2019-05-07T15:31:27,649006014+02:00
57.013991167
9.9872825
0.0576
nan
0.0
 
2019-05-07T15:31:28,049623938+02:00
57.013991667
9.9872815
0.1116
nan
0.0
 
2019-05-07T15:31:28,472044709+02:00
57.013991
9.987280667
0.0504
nan
0.0
 
2019-05-07T15:31:28,664539256+02:00
57.013991
9.987280167
0.0972
nan
0.0
 
2019-05-07T15:31:29,062949209+02:00
57.0139915
9.987278833
0.18
nan
0.0
 
2019-05-07T15:31:29,461392320+02:00
57.013991333
9.987277833
0.2016
nan
0.0
 
2019-05-07T15:31:29,859004705+02:00
57.0139905
9.987277167
0.144
nan
0.0
 
2019-05-07T15:31:30,062158770+02:00
57.013990833
9.987276667
0.234
nan
0.0
 
2019-05-07T15:31:30,477924280+02:00
57.013990667
9.987275667
0.1872
nan
0.0
 
2019-05-07T15:31:30,854939729+02:00
57.013991
9.987274667
0.252
nan
0.0
 
2019-05-07T15:31:31,057136658+02:00
57.013990667
9.987274333
0.108
nan
0.0
 
2019-05-07T15:31:31,453100709+02:00
57.0139905
9.987273333
0.2124
nan
0.0
 
2019-05-07T15:31:31,674436168+02:00
57.01399
9.987273
0.0792
nan
0.0
 
2019-05-07T15:31:32,055731774+02:00
57.013989667
9.987272333
0.1188
nan
0.0
 
2019-05-07T15:31:32,270718970+02:00
57.013990167
9.987272
0.144
nan
0.0
 
2019-05-07T15:31:32,660405854+02:00
57.0139905
9.987271
0.2772
nan
0.0
 
2019-05-07T15:31:33,061876031+02:00
57.013991167
9.98727
0.3924
nan
0.0
 
2019-05-07T15:31:33,464793968+02:00
57.013991167
9.987269333
0.252
nan
0.0
 
2019-05-07T15:31:33,664543522+02:00
57.0139915
9.987268833
0.3312
nan
0.0
 
2019-05-07T15:31:33,856989672+02:00
57.013991
9.987268667
0.0936
nan
0.0
 
2019-05-07T15:31:34,260117626+02:00
57.013990667
9.987267667
0.1908
nan
0.0
 
2019-05-07T15:31:34,504358950+02:00
57.013990833
9.987267333
0.3132
nan
0.0
 
2019-05-07T15:31:34,858436393+02:00
57.013990333
9.9872665
0.1116
nan
0.0
 
2019-05-07T15:31:35,256378323+02:00
57.013989833
9.987265667
0.018
nan
0.0
 
2019-05-07T15:31:35,467253811+02:00
57.013989833
9.987265333
0.0864
nan
0.0
 
2019-05-07T15:31:35,862225239+02:00
57.013989
9.987264667
0.1224
nan
0.0
 
2019-05-07T15:31:36,264067976+02:00
57.013988167
9.987263833
0.0792
nan
0.0
 
2019-05-07T15:31:36,666931818+02:00
57.013987333
9.987263167
0.1116
nan
0.0
 
2019-05-07T15:31:37,061765001+02:00
57.013987167
9.9872625
0.1836
nan
0.0
 
2019-05-07T15:31:37,289921936+02:00
57.013986833
9.987262167
0.0144
nan
0.0
 
2019-05-07T15:31:37,660457852+02:00
57.013986167
9.9872615
0.1296
nan
0.0
 
2019-05-07T15:31:37,873555354+02:00
57.013985667
9.987261167
0.2772
nan
0.0
 
2019-05-07T15:31:38,266135128+02:00
57.0139855
9.987260167
0.1044
nan
0.0
 
2019-05-07T15:31:38,663965632+02:00
57.013985
9.987259667
0.216
nan
0.0
 
2019-05-07T15:31:38,899821575+02:00
57.013984833
9.987259333
0.09
nan
0.0
 
2019-05-07T15:31:39,257017584+02:00
57.013984333
9.9872585
0.036
nan
0.0
 
2019-05-07T15:31:39,491097652+02:00
57.013983667
9.987258
0.1224
nan
0.0
 
2019-05-07T15:31:39,861901466+02:00
57.013983167
9.9872575
0.1368
nan
0.0
 
2019-05-07T15:31:40,089526787+02:00
57.013982667
9.987257333
0.072
nan
0.0
 
2019-05-07T15:31:40,459160948+02:00
57.013982167
9.987257
0.1764
nan
0.0
 
2019-05-07T15:31:40,682541983+02:00
57.013981833
9.9872565
0.144
nan
0.0
 
2019-05-07T15:31:41,084715187+02:00
57.013981333
9.987256167
0.072
nan
0.0
 
2019-05-07T15:31:41,464309472+02:00
57.013980667
9.9872555
0.0828
nan
0.0
 
2019-05-07T15:31:41,872606582+02:00
57.013980167
9.987255333
0.0936
nan
0.0
 
2019-05-07T15:31:42,271436480+02:00
57.013979833
9.987255
0.0324
nan
0.0
 
2019-05-07T15:31:42,668456295+02:00
57.013979333
9.987254833
0.1152
nan
0.0
 
2019-05-07T15:31:42,894288351+02:00
57.013979167
9.987254667
0.1656
nan
0.0
 
2019-05-07T15:31:43,259549889+02:00
57.013978333
9.9872545
0.126
nan
0.0
 
2019-05-07T15:31:43,462025294+02:00
57.013977667
9.987254167
0.1692
nan
0.0
 
2019-05-07T15:31:43,869870057+02:00
57.013977
9.987254333
0.0432
nan
0.0
 
2019-05-07T15:31:44,273341485+02:00
57.013976333
9.987254333
0.1044
nan
0.0
 
2019-05-07T15:31:44,668728229+02:00
57.0139755
9.987254333
0.09
nan
0.0
 
2019-05-07T15:31:45,070192425+02:00
57.013975
9.987254333
0.0936
nan
0.0
 
2019-05-07T15:31:45,289369076+02:00
57.013975
9.987254333
0.072
nan
0.0
 
2019-05-07T15:31:45,661993385+02:00
57.013974333
9.987254333
0.0396
nan
0.0
 
2019-05-07T15:31:46,067009913+02:00
57.013974
9.987254833
0.1584
nan
0.0
 
2019-05-07T15:31:46,298411931+02:00
57.013974
9.987254833
0.1224
nan
0.0
 
2019-05-07T15:31:46,661372196+02:00
57.013973833
9.987255333
0.0396
nan
0.0
 
2019-05-07T15:31:46,898250036+02:00
57.013974
9.9872555
0.1836
nan
0.0
 
2019-05-07T15:31:47,265928785+02:00
57.013973833
9.987255833
0.162
nan
0.0
 
2019-05-07T15:31:47,659134738+02:00
57.0139735
9.987255333
0.1368
nan
0.0
 
2019-05-07T15:31:47,863092995+02:00
57.013973
9.9872555
0.1224
nan
0.0
 
2019-05-07T15:31:48,085367370+02:00
57.013972667
9.9872555
0.1332
nan
0.0
 
2019-05-07T15:31:48,461916211+02:00
57.0139725
9.9872555
0.1872
nan
0.0
 
2019-05-07T15:31:48,872806325+02:00
57.013972333
9.987255167
0.1404
nan
0.0
 
2019-05-07T15:31:49,282327153+02:00
57.013972333
9.9872555
0.1368
nan
0.0
 
2019-05-07T15:31:49,668323196+02:00
57.013971667
9.987255667
0.0684
nan
0.0
 
2019-05-07T15:31:50,062831448+02:00
57.013971
9.987256
0.2484
nan
0.0
 
2019-05-07T15:31:50,275180093+02:00
57.013970667
9.987256167
0.2016
nan
0.0
 
2019-05-07T15:31:50,499740304+02:00
57.013970667
9.987256667
0.2412
nan
0.0
 
2019-05-07T15:31:50,865011169+02:00
57.013970833
9.987257
0.072
nan
0.0
 
2019-05-07T15:31:51,273041879+02:00
57.013971
9.987257667
0.162
nan
0.0
 
2019-05-07T15:31:51,691142110+02:00
57.013971333
9.987258667
0.2664
nan
0.0
 
2019-05-07T15:31:52,059005525+02:00
57.0139715
9.9872595
0.1152
nan
0.0
 
2019-05-07T15:31:53,265920800+02:00
57.0139725
9.987261333
0.2052
nan
0.0
 
2019-05-07T15:31:53,467253844+02:00
57.013972833
9.987261667
0.2268
nan
0.0
 
2019-05-07T15:31:53,866919055+02:00
57.013973833
9.987262667
0.1836
nan
0.0
 
2019-05-07T15:31:54,096964422+02:00
57.013974167
9.987262833
0.072
nan
0.0
 
2019-05-07T15:31:54,464829358+02:00
57.013975
9.987263833
0.0576
nan
0.0
 
2019-05-07T15:31:54,676553235+02:00
57.0139755
9.9872645
0.0756
nan
0.0
 
2019-05-07T15:31:54,867842114+02:00
57.013975833
9.987265
0.1836
nan
0.0
 
2019-05-07T15:31:55,070901277+02:00
57.013976
9.987265667
0.2268
nan
0.0
 
2019-05-07T15:31:55,471881376+02:00
57.013976333
9.987266333
0.2196
nan
0.0
 
2019-05-07T15:31:55,862626020+02:00
57.013977
9.987266833
0.1008
nan
0.0
 
2019-05-07T15:31:56,271452293+02:00
57.013977667
9.987267667
0.0396
nan
0.0
 
2019-05-07T15:31:56,491298752+02:00
57.013978
9.987268
0.0252
nan
0.0
 
2019-05-07T15:31:56,872379106+02:00
57.0139785
9.9872685
0.0936
nan
0.0
 
2019-05-07T15:31:57,070811565+02:00
57.013978833
9.987268833
0.072
nan
0.0
 
2019-05-07T15:31:57,471638298+02:00
57.013979167
9.9872695
0.0252
nan
0.0
 
2019-05-07T15:31:57,874102006+02:00
57.0139795
9.987270333
0.1008
nan
0.0
 
2019-05-07T15:31:58,284517513+02:00
57.0139795
9.987271
0.018
nan
0.0
 
2019-05-07T15:31:58,665117133+02:00
57.0139795
9.9872715
0.0972
nan
0.0
 
2019-05-07T15:31:58,871213412+02:00
57.013979833
9.987271833
0.1368
nan
0.0
 
2019-05-07T15:31:59,275362807+02:00
57.013979833
9.987272167
0.1116
nan
0.0
 
2019-05-07T15:31:59,672967379+02:00
57.01398
9.987272667
0.1296
nan
0.0
 
2019-05-07T15:32:00,064581133+02:00
57.013979667
9.987273333
0.2232
nan
0.0
 
2019-05-07T15:32:00,274473392+02:00
57.0139795
9.987273667
0.144
nan
0.0
 
2019-05-07T15:32:00,480274685+02:00
57.013979667
9.987273833
0.0396
nan
0.0
 
2019-05-07T15:32:00,673899491+02:00
57.01398
9.987273833
0.0684
nan
0.0
 
2019-05-07T15:32:00,896206989+02:00
57.013980333
9.987274
0.1548
nan
0.0
 
2019-05-07T15:32:01,266275406+02:00
57.013981
9.987274167
0.1188
nan
0.0
 
2019-05-07T15:32:01,500442130+02:00
57.013981167
9.987274167
0.1368
nan
0.0
 
2019-05-07T15:32:01,704549333+02:00
57.013981333
9.987274333
0.1764
nan
0.0
 
2019-05-07T15:32:01,898855970+02:00
57.013981667
9.987274167
0.4176
nan
0.0
 
2019-05-07T15:32:02,266869273+02:00
57.013981833
9.987274
0.126
nan
0.0
 
2019-05-07T15:32:02,470261827+02:00
57.013981833
9.987274
0.1152
nan
0.0
 
2019-05-07T15:32:02,868259380+02:00
57.013982333
9.987274167
0.3132
nan
0.0
 
2019-05-07T15:32:03,269521438+02:00
57.013982333
9.9872745
0.144
nan
0.0
 
2019-05-07T15:32:03,491904932+02:00
57.013982167
9.987274667
0.0972
nan
0.0
 
2019-05-07T15:32:03,885482666+02:00
57.013982167
9.987275
0.1152
nan
0.0
 
2019-05-07T15:32:04,061751277+02:00
57.0139825
9.987275
0.1224
nan
0.0
 
2019-05-07T15:32:04,294612919+02:00
57.0139825
9.987275167
0.0864
nan
0.0
 
2019-05-07T15:32:04,495545935+02:00
57.0139825
9.987275333
0.072
nan
0.0
 
2019-05-07T15:32:04,897457270+02:00
57.013982833
9.987275333
0.108
nan
0.0
 
2019-05-07T15:32:05,264617825+02:00
57.0139835
9.9872755
0.396
nan
0.0
 
2019-05-07T15:32:05,664854998+02:00
57.013984
9.987275333
0.4104
nan
0.0
 
2019-05-07T15:32:05,891472435+02:00
57.013984167
9.987275667
0.288
nan
0.0
 
2019-05-07T15:32:06,060391055+02:00
57.013984333
9.987275667
0.144
nan
0.0
 
2019-05-07T15:32:06,258649361+02:00
57.013984333
9.987275833
0.1008
nan
0.0
 
2019-05-07T15:32:06,460532089+02:00
57.0139845
9.987276
0.1764
nan
0.0
 
2019-05-07T15:32:06,692767225+02:00
57.013984333
9.987276333
0.1656
nan
0.0
 
2019-05-07T15:32:07,060445728+02:00
57.0139845
9.987276667
0.1008
nan
0.0
 
2019-05-07T15:32:07,460520557+02:00
57.0139845
9.987277167
0.1728
nan
0.0
 
2019-05-07T15:32:07,853002818+02:00
57.013984667
9.987277667
0.0756
nan
0.0
 
2019-05-07T15:32:08,081326664+02:00
57.013984667
9.987277667
0.0504
nan
0.0
 
2019-05-07T15:32:08,458557545+02:00
57.013984833
9.987278
0.0324
nan
0.0
 
2019-05-07T15:32:08,864069145+02:00
57.013984833
9.987278
0.0684
nan
0.0
 
