
2019-05-12T19:55:50,403428210+02:00
57.0509855
9.9229335
0.09
nan
0.0
 
2019-05-12T19:55:50,601753891+02:00
57.050985333
9.9229335
0.1152
nan
0.0
 
2019-05-12T19:55:50,803708262+02:00
57.050985333
9.9229335
0.072
nan
0.0
 
2019-05-12T19:55:51,007895087+02:00
57.0509855
9.9229335
0.018
nan
0.0
 
2019-05-12T19:55:51,204160658+02:00
57.0509855
9.9229335
0.0072
nan
0.0
 
2019-05-12T19:55:51,406672734+02:00
57.0509855
9.922933667
0.0288
nan
0.0
 
2019-05-12T19:55:51,592998162+02:00
57.050985333
9.9229335
0.0792
nan
0.0
 
2019-05-12T19:55:51,802924187+02:00
57.050985333
9.9229335
0.0612
nan
0.0
 
2019-05-12T19:55:52,002998779+02:00
57.050985333
9.922933667
0.0432
nan
0.0
 
2019-05-12T19:55:52,200107444+02:00
57.050985333
9.922933667
0.036
nan
0.0
 
2019-05-12T19:55:52,400142199+02:00
57.050985333
9.9229335
0.1224
nan
0.0
 
2019-05-12T19:55:52,603535343+02:00
57.050985333
9.922933667
0.108
nan
0.0
 
2019-05-12T19:55:52,800573298+02:00
57.050985333
9.922933667
0.0108
nan
0.0
 
2019-05-12T19:55:53,001011239+02:00
57.050985333
9.922933667
0.036
nan
0.0
 
2019-05-12T19:55:53,198020333+02:00
57.050985167
9.9229335
0.1296
nan
0.0
 
2019-05-12T19:55:53,400098051+02:00
57.050985167
9.922933667
0.0612
nan
0.0
 
2019-05-12T19:55:53,596892478+02:00
57.050985167
9.9229335
0.0756
nan
0.0
 
2019-05-12T19:55:53,799976009+02:00
57.050985167
9.922933667
0.1872
nan
0.0
 
2019-05-12T19:55:53,999595956+02:00
57.050985167
9.922933667
0.0612
nan
0.0
 
2019-05-12T19:55:54,205735573+02:00
57.050985167
9.922933667
0.0936
nan
0.0
 
2019-05-12T19:55:54,401821103+02:00
57.050985
9.922933667
0.0792
nan
0.0
 
2019-05-12T19:55:54,603529660+02:00
57.050985
9.922933667
0.0648
nan
0.0
 
2019-05-12T19:55:54,799680786+02:00
57.050985
9.922933667
0.072
nan
0.0
 
2019-05-12T19:55:55,002459941+02:00
57.050985
9.9229335
0.072
nan
0.0
 
2019-05-12T19:55:55,197973680+02:00
57.050984833
9.9229335
0.0468
nan
0.0
 
2019-05-12T19:55:55,411157948+02:00
57.050985
9.9229335
0.0468
nan
0.0
 
2019-05-12T19:55:55,598309335+02:00
57.050985
9.9229335
0.0468
nan
0.0
 
2019-05-12T19:55:55,802624109+02:00
57.050984833
9.9229335
0.1764
nan
0.0
 
2019-05-12T19:55:56,008583071+02:00
57.050984833
9.9229335
0.0396
nan
0.0
 
2019-05-12T19:55:56,203466471+02:00
57.050984833
9.9229335
0.0504
nan
0.0
 
2019-05-12T19:55:56,407796019+02:00
57.050984833
9.9229335
0.0396
nan
0.0
 
2019-05-12T19:55:56,605709869+02:00
57.050984667
9.9229335
0.2016
nan
0.0
 
2019-05-12T19:55:56,805840136+02:00
57.050984833
9.922933333
0.162
nan
0.0
 
2019-05-12T19:55:57,001146407+02:00
57.050984667
9.9229335
0.0828
nan
0.0
 
2019-05-12T19:55:57,201828142+02:00
57.050984667
9.922933333
0.036
nan
0.0
 
2019-05-12T19:55:57,402699857+02:00
57.0509845
9.922933333
0.2304
nan
0.0
 
2019-05-12T19:55:57,602375267+02:00
57.050984667
9.922933333
0.0972
nan
0.0
 
2019-05-12T19:55:57,808668593+02:00
57.050984667
9.9229335
0.0252
nan
0.0
 
2019-05-12T19:55:58,002035350+02:00
57.050984667
9.9229335
0.072
nan
0.0
 
2019-05-12T19:55:58,203326950+02:00
57.050984667
9.9229335
0.1764
nan
0.0
 
2019-05-12T19:55:58,399226100+02:00
57.050984667
9.922933667
0.0828
nan
0.0
 
2019-05-12T19:55:58,603809840+02:00
57.0509845
9.922933667
0.1512
nan
0.0
 
2019-05-12T19:55:58,804401879+02:00
57.050984667
9.922933833
0.198
nan
0.0
 
2019-05-12T19:55:59,015550287+02:00
57.0509845
9.922934
0.1368
nan
0.0
 
2019-05-12T19:55:59,199296878+02:00
57.050984333
9.922933833
0.1116
nan
0.0
 
2019-05-12T19:55:59,405874444+02:00
57.0509845
9.922934
0.036
nan
0.0
 
2019-05-12T19:55:59,599889003+02:00
57.0509845
9.922934
0.0756
nan
0.0
 
2019-05-12T19:55:59,798960861+02:00
57.050984333
9.922933833
0.126
nan
0.0
 
2019-05-12T19:56:00,006037309+02:00
57.050984333
9.922933833
0.2052
nan
0.0
 
2019-05-12T19:56:00,208428656+02:00
57.050984333
9.922933667
0.0684
nan
0.0
 
2019-05-12T19:56:00,402445703+02:00
57.050984333
9.922933667
0.054
nan
0.0
 
2019-05-12T19:56:00,603881399+02:00
57.0509845
9.9229335
0.0216
nan
0.0
 
2019-05-12T19:56:00,802336793+02:00
57.0509845
9.9229335
0.054
nan
0.0
 
2019-05-12T19:56:01,020264325+02:00
57.0509845
9.9229335
0.0504
nan
0.0
 
2019-05-12T19:56:01,198041451+02:00
57.0509845
9.922933333
0.0468
nan
0.0
 
2019-05-12T19:56:01,403151911+02:00
57.0509845
9.922933333
0.036
nan
0.0
 
2019-05-12T19:56:01,600800323+02:00
57.0509845
9.922933333
0.1476
nan
0.0
 
2019-05-12T19:56:01,803984592+02:00
57.0509845
9.922933167
0.108
nan
0.0
 
2019-05-12T19:56:02,005635967+02:00
57.0509845
9.922933167
0.0324
nan
0.0
 
2019-05-12T19:56:02,205889846+02:00
57.0509845
9.922933167
0.1152
nan
0.0
 
2019-05-12T19:56:02,404241020+02:00
57.0509845
9.922933
0.0288
nan
0.0
 
2019-05-12T19:56:02,597175970+02:00
57.0509845
9.922933
0.1764
nan
0.0
 
2019-05-12T19:56:02,799855996+02:00
57.0509845
9.922933
0.0576
nan
0.0
 
2019-05-12T19:56:03,009010405+02:00
57.050984667
9.922933
0.0792
nan
0.0
 
2019-05-12T19:56:03,204937770+02:00
57.050984667
9.922933
0.0864
nan
0.0
 
2019-05-12T19:56:03,399380202+02:00
57.050984667
9.922932833
0.0684
nan
0.0
 
2019-05-12T19:56:03,600570709+02:00
57.050984667
9.922933
0.0576
nan
0.0
 
2019-05-12T19:56:03,801427678+02:00
57.050984667
9.922933
0.0864
nan
0.0
 
2019-05-12T19:56:04,002083516+02:00
57.050984667
9.922933
0.0756
nan
0.0
 
2019-05-12T19:56:04,205416319+02:00
57.050984667
9.922933
0.0828
nan
0.0
 
2019-05-12T19:56:04,402907738+02:00
57.050984667
9.922933
0.0504
nan
0.0
 
2019-05-12T19:56:04,602625537+02:00
57.050984667
9.922932833
0.0684
nan
0.0
 
2019-05-12T19:56:04,797853391+02:00
57.050984667
9.922933
0.0756
nan
0.0
 
2019-05-12T19:56:05,002016512+02:00
57.050984667
9.922933
0.0324
nan
0.0
 
2019-05-12T19:56:05,200639603+02:00
57.050984667
9.922933
0.1224
nan
0.0
 
2019-05-12T19:56:05,402277994+02:00
57.050984667
9.922933
0.0828
nan
0.0
 
2019-05-12T19:56:05,609567874+02:00
57.0509845
9.922933
0.0828
nan
0.0
 
2019-05-12T19:56:05,806369220+02:00
57.0509845
9.922933
0.144
nan
0.0
 
2019-05-12T19:56:06,003488966+02:00
57.0509845
9.922933
0.0756
nan
0.0
 
2019-05-12T19:56:06,212900169+02:00
57.0509845
9.922933
0.108
nan
0.0
 
2019-05-12T19:56:06,403374338+02:00
57.0509845
9.922932833
0.0792
nan
0.0
 
2019-05-12T19:56:06,601600418+02:00
57.0509845
9.922932833
0.1296
nan
0.0
 
2019-05-12T19:56:06,803722054+02:00
57.050984667
9.922932833
0.1872
nan
0.0
 
2019-05-12T19:56:07,006050708+02:00
57.0509845
9.922932833
0.126
nan
0.0
 
2019-05-12T19:56:07,202924439+02:00
57.050984667
9.922932833
0.0144
nan
0.0
 
2019-05-12T19:56:07,407364389+02:00
57.0509845
9.922932833
0.0936
nan
0.0
 
2019-05-12T19:56:07,604780901+02:00
57.050984667
9.922932833
0.1008
nan
0.0
 
2019-05-12T19:56:07,805220250+02:00
57.050984667
9.922932833
0.0828
nan
0.0
 
2019-05-12T19:56:08,009624589+02:00
57.050984667
9.922932833
0.0576
nan
0.0
 
2019-05-12T19:56:08,199871892+02:00
57.050984667
9.922932833
0.09
nan
0.0
 
2019-05-12T19:56:08,401276343+02:00
57.050984667
9.922932833
0.0216
nan
0.0
 
2019-05-12T19:56:08,603134140+02:00
57.050984667
9.922932833
0.0972
nan
0.0
 
2019-05-12T19:56:08,800520678+02:00
57.050984833
9.922933
0.054
nan
0.0
 
2019-05-12T19:56:09,007228157+02:00
57.050984833
9.922933
0.0684
nan
0.0
 
2019-05-12T19:56:09,203745390+02:00
57.050984833
9.922933167
0.1296
nan
0.0
 
2019-05-12T19:56:09,412525268+02:00
57.050985
9.922933167
0.1008
nan
0.0
 
2019-05-12T19:56:09,600910603+02:00
57.050984833
9.922933167
0.0972
nan
0.0
 
2019-05-12T19:56:09,814277473+02:00
57.050985
9.922933333
0.0936
nan
0.0
 
2019-05-12T19:56:10,005173753+02:00
57.050985
9.922933167
0.0612
nan
0.0
 
2019-05-12T19:56:10,201272127+02:00
57.050985
9.922933333
0.0684
nan
0.0
 
2019-05-12T19:56:10,414609998+02:00
57.050985
9.922933333
0.0792
nan
0.0
 
2019-05-12T19:56:10,604234151+02:00
57.050984833
9.9229335
0.1404
nan
0.0
 
2019-05-12T19:56:10,802521556+02:00
57.050984833
9.922933333
0.1296
nan
0.0
 
2019-05-12T19:56:11,005507124+02:00
57.050984667
9.922933333
0.0864
nan
0.0
 
2019-05-12T19:56:11,200589337+02:00
57.050984667
9.9229335
0.1152
nan
0.0
 
2019-05-12T19:56:11,408931245+02:00
57.050984667
9.922933333
0.0432
nan
0.0
 
2019-05-12T19:56:11,607538551+02:00
57.0509845
9.922933333
0.0612
nan
0.0
 
2019-05-12T19:56:11,803459158+02:00
57.0509845
9.9229335
0.0936
nan
0.0
 
2019-05-12T19:56:12,016916825+02:00
57.0509845
9.922933333
0.1188
nan
0.0
 
2019-05-12T19:56:12,206011260+02:00
57.050984333
9.922933333
0.1116
nan
0.0
 
2019-05-12T19:56:12,408658942+02:00
57.050984167
9.922933333
0.054
nan
0.0
 
2019-05-12T19:56:12,601440778+02:00
57.050984167
9.922933333
0.1152
nan
0.0
 
2019-05-12T19:56:12,802505869+02:00
57.050984
9.922933333
0.1188
nan
0.0
 
2019-05-12T19:56:13,012547602+02:00
57.050984
9.922933333
0.0612
nan
0.0
 
2019-05-12T19:56:13,203802883+02:00
57.050984
9.922933333
0.0252
nan
0.0
 
2019-05-12T19:56:13,404818626+02:00
57.050984
9.9229335
0.0144
nan
0.0
 
2019-05-12T19:56:13,593996396+02:00
57.050983833
9.9229335
0.1584
nan
0.0
 
2019-05-12T19:56:13,803925958+02:00
57.050983833
9.9229335
0.0396
nan
0.0
 
2019-05-12T19:56:14,007138082+02:00
57.050983833
9.9229335
0.0288
nan
0.0
 
2019-05-12T19:56:14,200465624+02:00
57.050983667
9.9229335
0.1584
nan
0.0
 
2019-05-12T19:56:14,403566390+02:00
57.050983667
9.9229335
0.0792
nan
0.0
 
2019-05-12T19:56:14,607008969+02:00
57.050983667
9.9229335
0.018
nan
0.0
 
2019-05-12T19:56:14,804918378+02:00
57.0509835
9.922933667
0.0288
nan
0.0
 
2019-05-12T19:56:15,004034018+02:00
57.050983333
9.922933667
0.18
nan
0.0
 
2019-05-12T19:56:15,203693250+02:00
57.050983333
9.922933667
0.0756
nan
0.0
 
2019-05-12T19:56:15,401993407+02:00
57.0509835
9.922933667
0.036
nan
0.0
 
2019-05-12T19:56:15,602184382+02:00
57.050983333
9.922933667
0.09
nan
0.0
 
2019-05-12T19:56:15,804266699+02:00
57.050983333
9.922933667
0.0684
nan
0.0
 
2019-05-12T19:56:16,001479985+02:00
57.050983333
9.922933667
0.0936
nan
0.0
 
2019-05-12T19:56:16,206485169+02:00
57.050983333
9.922933833
0.0396
nan
0.0
 
2019-05-12T19:56:16,394634779+02:00
57.050983333
9.922934
0.0864
nan
0.0
 
2019-05-12T19:56:16,607353164+02:00
57.050983333
9.922933833
0.09
nan
0.0
 
2019-05-12T19:56:16,801115878+02:00
57.050983333
9.922934
0.0792
nan
0.0
 
2019-05-12T19:56:17,007805850+02:00
57.050983333
9.922934
0.0684
nan
0.0
 
2019-05-12T19:56:17,204609714+02:00
57.050983333
9.922934
0.0684
nan
0.0
 
2019-05-12T19:56:17,410239088+02:00
57.050983333
9.922934167
0.0756
nan
0.0
 
2019-05-12T19:56:17,604271292+02:00
57.050983167
9.922934167
0.09
nan
0.0
 
2019-05-12T19:56:17,796873638+02:00
57.050983167
9.922934167
0.0864
nan
0.0
 
2019-05-12T19:56:18,006096115+02:00
57.050983333
9.922934167
0.0216
nan
0.0
 
2019-05-12T19:56:18,214265558+02:00
57.050983333
9.922934333
0.0576
nan
0.0
 
2019-05-12T19:56:18,402606512+02:00
57.050983333
9.922934333
0.0144
nan
0.0
 
2019-05-12T19:56:18,603753003+02:00
57.050983333
9.922934333
0.0684
nan
0.0
 
2019-05-12T19:56:18,801484858+02:00
57.050983167
9.9229345
0.144
nan
0.0
 
2019-05-12T19:56:19,007842506+02:00
57.050983167
9.9229345
0.0684
nan
0.0
 
2019-05-12T19:56:19,194407264+02:00
57.050983167
9.9229345
0.1584
nan
0.0
 
2019-05-12T19:56:19,408107576+02:00
57.050983167
9.922934333
0.09
nan
0.0
 
2019-05-12T19:56:19,600935164+02:00
57.050983333
9.9229345
0.0972
nan
0.0
 
2019-05-12T19:56:19,801922787+02:00
57.050983333
9.9229345
0.0252
nan
0.0
 
2019-05-12T19:56:20,003513524+02:00
57.050983167
9.922934333
0.0828
nan
0.0
 
2019-05-12T19:56:20,208224971+02:00
57.050983167
9.922934333
0.1224
nan
0.0
 
2019-05-12T19:56:20,407706450+02:00
57.050983167
9.922934333
0.1044
nan
0.0
 
2019-05-12T19:56:20,618283767+02:00
57.050983167
9.922934333
0.0288
nan
0.0
 
2019-05-12T19:56:20,800481737+02:00
57.050983167
9.922934333
0.036
nan
0.0
 
2019-05-12T19:56:21,005322642+02:00
57.050983167
9.922934333
0.0216
nan
0.0
 
2019-05-12T19:56:21,216810176+02:00
57.050983
9.9229345
0.1836
nan
0.0
 
2019-05-12T19:56:21,404951339+02:00
57.050983
9.922934333
0.0756
nan
0.0
 
2019-05-12T19:56:21,607118618+02:00
57.050983
9.922934333
0.0432
nan
0.0
 
2019-05-12T19:56:21,804435815+02:00
57.050983
9.922934333
0.1008
nan
0.0
 
2019-05-12T19:56:21,999951479+02:00
57.050983
9.922934333
0.0324
nan
0.0
 
2019-05-12T19:56:22,208188409+02:00
57.050983
9.922934333
0.1008
nan
0.0
 
2019-05-12T19:56:22,407747073+02:00
57.050983
9.922934333
0.0684
nan
0.0
 
2019-05-12T19:56:22,610562992+02:00
57.050983
9.922934333
0.0972
nan
0.0
 
2019-05-12T19:56:22,806926337+02:00
57.050983
9.9229345
0.072
nan
0.0
 
2019-05-12T19:56:23,010733732+02:00
57.050982833
9.922934333
0.1656
nan
0.0
 
2019-05-12T19:56:23,202967594+02:00
57.050983
9.9229345
0.1332
nan
0.0
 
2019-05-12T19:56:23,407003142+02:00
57.050982833
9.9229345
0.0972
nan
0.0
 
2019-05-12T19:56:23,609356929+02:00
57.050982833
9.9229345
0.1332
nan
0.0
 
2019-05-12T19:56:23,811166335+02:00
57.050982833
9.9229345
0.0864
nan
0.0
 
2019-05-12T19:56:24,002228415+02:00
57.050982833
9.9229345
0.0792
nan
0.0
 
2019-05-12T19:56:24,213713963+02:00
57.050982833
9.922934667
0.0432
nan
0.0
 
2019-05-12T19:56:24,402598787+02:00
57.050982667
9.922934667
0.1224
nan
0.0
 
2019-05-12T19:56:24,603321572+02:00
57.050982667
9.922934667
0.0828
nan
0.0
 
2019-05-12T19:56:24,810735146+02:00
57.050982833
9.922934667
0.0216
nan
0.0
 
2019-05-12T19:56:25,004266772+02:00
57.050982667
9.922934667
0.036
nan
0.0
 
2019-05-12T19:56:25,199784188+02:00
57.050982667
9.922934667
0.0324
nan
0.0
 
2019-05-12T19:56:25,405708468+02:00
57.050982667
9.922934833
0.1224
nan
0.0
 
2019-05-12T19:56:25,602456926+02:00
57.050982667
9.922934833
0.018
nan
0.0
 
2019-05-12T19:56:25,803037804+02:00
57.050982667
9.922934833
0.0972
nan
0.0
 
2019-05-12T19:56:26,001554846+02:00
57.050982667
9.922934833
0.0504
nan
0.0
 
2019-05-12T19:56:26,203774614+02:00
57.0509825
9.922935
0.18
nan
0.0
 
2019-05-12T19:56:26,406784239+02:00
57.050982333
9.922935
0.0792
nan
0.0
 
2019-05-12T19:56:26,606895398+02:00
57.050982333
9.922935
0.0324
nan
0.0
 
2019-05-12T19:56:26,803181011+02:00
57.050982333
9.922935167
0.0792
nan
0.0
 
2019-05-12T19:56:27,010367432+02:00
57.050982333
9.922935
0.1116
nan
0.0
 
2019-05-12T19:56:27,203924696+02:00
57.050982333
9.922935
0.0972
nan
0.0
 
2019-05-12T19:56:27,396057689+02:00
57.050982167
9.922935
0.2988
nan
0.0
 
2019-05-12T19:56:27,604593623+02:00
57.050982167
9.922935
0.018
nan
0.0
 
2019-05-12T19:56:27,807133879+02:00
57.050982167
9.922934833
0.0612
nan
0.0
 
2019-05-12T19:56:28,007425557+02:00
57.050982167
9.922934833
0.162
nan
0.0
 
2019-05-12T19:56:28,212472495+02:00
57.050982
9.922934833
0.1332
nan
0.0
 
2019-05-12T19:56:28,410764435+02:00
57.050982
9.922934667
0.072
nan
0.0
 
2019-05-12T19:56:28,602235102+02:00
57.050982
9.922934667
0.1008
nan
0.0
 
2019-05-12T19:56:28,800740446+02:00
57.050982167
9.922934667
0.018
nan
0.0
 
2019-05-12T19:56:29,011081639+02:00
57.050982167
9.9229345
0.1152
nan
0.0
 
2019-05-12T19:56:29,202668040+02:00
57.050982167
9.9229345
0.09
nan
0.0
 
2019-05-12T19:56:29,412339071+02:00
57.050982167
9.9229345
0.072
nan
0.0
 
2019-05-12T19:56:29,601869461+02:00
57.050982167
9.922934333
0.0432
nan
0.0
 
2019-05-12T19:56:29,804923011+02:00
57.050982
9.922934333
0.0648
nan
0.0
 
2019-05-12T19:56:30,005159542+02:00
57.050982
9.922934167
0.0828
nan
0.0
 
2019-05-12T19:56:30,202012373+02:00
57.050982
9.922934167
0.1008
nan
0.0
 
2019-05-12T19:56:30,406286442+02:00
57.050981833
9.922934167
0.0504
nan
0.0
 
2019-05-12T19:56:30,613209312+02:00
57.050981833
9.922934
0.1692
nan
0.0
 
2019-05-12T19:56:30,803212622+02:00
57.050981667
9.922934
0.0972
nan
0.0
 
2019-05-12T19:56:31,007462117+02:00
57.050981667
9.922934
0.0468
nan
0.0
 
2019-05-12T19:56:31,412987842+02:00
57.0509815
9.922934167
0.1008
nan
0.0
 
2019-05-12T19:56:31,600421249+02:00
57.0509815
9.922934167
0.0684
nan
0.0
 
2019-05-12T19:56:31,816247539+02:00
57.050981333
9.922934333
0.0828
nan
0.0
 
2019-05-12T19:56:32,000423591+02:00
57.050981333
9.922934167
0.0972
nan
0.0
 
2019-05-12T19:56:32,201694359+02:00
57.050981333
9.922934
0.1008
nan
0.0
 
2019-05-12T19:56:32,402473646+02:00
57.050981167
9.922934
0.1008
nan
0.0
 
2019-05-12T19:56:32,602310818+02:00
57.050981167
9.922934
0.1116
nan
0.0
 
2019-05-12T19:56:32,807939100+02:00
57.050981
9.922934
0.09
nan
0.0
 
2019-05-12T19:56:32,998585375+02:00
57.050981
9.922934167
0.0864
nan
0.0
 
2019-05-12T19:56:33,206267581+02:00
57.050980833
9.922934167
0.0396
nan
0.0
 
2019-05-12T19:56:33,404151113+02:00
57.050980667
9.922934167
0.2016
nan
0.0
 
2019-05-12T19:56:33,606353772+02:00
57.050980667
9.922934167
0.1152
nan
0.0
 
2019-05-12T19:56:33,802438284+02:00
57.050980667
9.922934167
0.054
nan
0.0
 
2019-05-12T19:56:34,011540412+02:00
57.0509805
9.922934167
0.0684
nan
0.0
 
2019-05-12T19:56:34,212231928+02:00
57.0509805
9.922934167
0.0108
nan
0.0
 
2019-05-12T19:56:34,398228339+02:00
57.050980333
9.922934167
0.1656
nan
0.0
 
2019-05-12T19:56:34,603999791+02:00
57.050980167
9.922934333
0.0468
nan
0.0
 
2019-05-12T19:56:34,800971908+02:00
57.050980333
9.922934167
0.1476
nan
0.0
 
2019-05-12T19:56:35,004466757+02:00
57.050980167
9.922934333
0.1332
nan
0.0
 
2019-05-12T19:56:35,200514971+02:00
57.05098
9.9229345
0.2016
nan
0.0
 
2019-05-12T19:56:35,405298348+02:00
57.050980167
9.9229345
0.0432
nan
0.0
 
2019-05-12T19:56:35,605783722+02:00
57.050980167
9.922934333
0.1008
nan
0.0
 
2019-05-12T19:56:35,800281219+02:00
57.050980167
9.922934333
0.09
nan
0.0
 
2019-05-12T19:56:36,002528827+02:00
57.050980167
9.922934333
0.1404
nan
0.0
 
2019-05-12T19:56:36,215593772+02:00
57.050980333
9.922934333
0.1188
nan
0.0
 
2019-05-12T19:56:36,401354769+02:00
57.050980333
9.922934333
0.0396
nan
0.0
 
2019-05-12T19:56:36,603045736+02:00
57.050980333
9.922934333
0.0756
nan
0.0
 
2019-05-12T19:56:36,808358081+02:00
57.050980333
9.922934333
0.0288
nan
0.0
 
2019-05-12T19:56:37,005185329+02:00
57.050980167
9.922934333
0.234
nan
0.0
 
2019-05-12T19:56:37,205649230+02:00
57.050980333
9.922934167
0.1368
nan
0.0
 
2019-05-12T19:56:37,405239776+02:00
57.050980333
9.922934333
0.0648
nan
0.0
 
2019-05-12T19:56:37,600567380+02:00
57.050980333
9.922934333
0.0576
nan
0.0
 
2019-05-12T19:56:37,808688209+02:00
57.050980167
9.9229345
0.1224
nan
0.0
 
2019-05-12T19:56:38,012023666+02:00
57.050980167
9.9229345
0.144
nan
0.0
 
2019-05-12T19:56:38,203846800+02:00
57.050980167
9.9229345
0.0612
nan
0.0
 
2019-05-12T19:56:38,403427459+02:00
57.050980167
9.9229345
0.0756
nan
0.0
 
2019-05-12T19:56:38,607525588+02:00
57.050980167
9.9229345
0.1008
nan
0.0
 
2019-05-12T19:56:38,805637615+02:00
57.050980167
9.9229345
0.0108
nan
0.0
 
2019-05-12T19:56:39,005320545+02:00
57.050980333
9.9229345
0.0504
nan
0.0
 
2019-05-12T19:56:39,198952138+02:00
57.050980167
9.9229345
0.234
nan
0.0
 
2019-05-12T19:56:39,412849554+02:00
57.050980167
9.922934333
0.0972
nan
0.0
 
2019-05-12T19:56:39,601680187+02:00
57.050980167
9.9229345
0.0684
nan
0.0
 
2019-05-12T19:56:39,809635936+02:00
57.050980167
9.922934667
0.108
nan
0.0
 
2019-05-12T19:56:40,003854682+02:00
57.05098
9.9229345
0.0468
nan
0.0
 
2019-05-12T19:56:40,206195465+02:00
57.05098
9.9229345
0.0396
nan
0.0
 
2019-05-12T19:56:40,400004839+02:00
57.05098
9.9229345
0.0252
nan
0.0
 
2019-05-12T19:56:40,610376774+02:00
57.05098
9.9229345
0.09
nan
0.0
 
2019-05-12T19:56:40,802682104+02:00
57.05098
9.922934667
0.0864
nan
0.0
 
2019-05-12T19:56:41,009316890+02:00
57.050979833
9.922934667
0.1692
nan
0.0
 
2019-05-12T19:56:41,197499298+02:00
57.050979833
9.922934667
0.108
nan
0.0
 
2019-05-12T19:56:41,401611716+02:00
57.050979833
9.922934667
0.0396
nan
0.0
 
2019-05-12T19:56:41,596371530+02:00
57.05098
9.922934667
0.0936
nan
0.0
 
2019-05-12T19:56:41,803816611+02:00
57.050979833
9.922934667
0.072
nan
0.0
 
2019-05-12T19:56:42,010265455+02:00
57.050979833
9.922934833
0.0936
nan
0.0
 
2019-05-12T19:56:42,206714032+02:00
57.050979833
9.922934833
0.0828
nan
0.0
 
2019-05-12T19:56:42,405744926+02:00
57.050979667
9.922934667
0.18
nan
0.0
 
2019-05-12T19:56:42,605343712+02:00
57.0509795
9.922934833
0.2304
nan
0.0
 
2019-05-12T19:56:42,800871535+02:00
57.0509795
9.922934833
0.072
nan
0.0
 
2019-05-12T19:56:43,007151298+02:00
57.050979333
9.922935
0.1584
nan
0.0
 
2019-05-12T19:56:43,202661211+02:00
57.0509795
9.922934833
0.0936
nan
0.0
 
2019-05-12T19:56:43,403442478+02:00
57.050979667
9.922935
0.1188
nan
0.0
 
2019-05-12T19:56:43,601510220+02:00
57.050979667
9.922934833
0.0396
nan
0.0
