57.0218567
57.0525483
57.05253
57.0525656
57.0221833
57.0221833
57.0221833
57.0088406
57.0088406
57.0088406
57.0088406
57.0088406
57.0088406
57.0218494
57.0217856
57.0227694
57.0227694
57.0227694
57.0393542
57.0393542
57.0393542
57.0489269
57.048855
57.0038281
57.0038281
57.0038281
57.0303778
57.0303778
57.0303778
57.0493389
57.0221833
57.0221833
57.0221833
57.0444669
57.0444669
57.0444669
56.9937958
56.9937958
56.9937958
57.0426144
57.0425867
57.0426319
57.0491511
57.0491511
57.0491511
57.0757239
57.0757239
57.0609569
57.0609831
57.0610642
57.0272528
57.0272528
57.0272528
57.0871111
57.0871111
57.0871111
57.0008661
57.0008661
57.0008661
57.0488222
57.0488222
57.0488222
57.0418692
57.0417628
57.0417436
57.0418511
57.0473392
57.0473083
57.0474078
57.0297189
57.0297189
57.0297189
57.0168275
57.0165953
57.0235889
57.0235889
57.0235889
57.0168275
57.0023139
57.0023139
57.0023139
57.0850839
57.0278531
57.0278531
57.02796
57.0351919
57.0351919
57.0351919
57.0428611
57.0850839
57.0850839
57.0428611
57.0428611
57.0184861
57.0184861
57.072975
57.072975
57.072975
57.04483
57.04483
57.0125586
57.0125586
57.0125586
57.0388319
57.0388319
57.0388319
57.04483
57.0364331
57.0364331
57.0364331
57.03559
57.03559
57.03559
57.0091611
57.0091611
57.0091611
57.0482617
57.0482617
57.0482617
57.0259539
57.0184861
57.0259539
57.0259539
57.0012839
57.0012839
57.0012839
57.1091711
57.1091711
57.1091711
57.0521069
57.0521069
57.0521069
57.0733661
57.0733661
57.0733661
57.0216861
57.0216861
57.0216861
57.039885
57.039885
57.039885
57.0316694
57.0316694
57.0316694
57.0114583
57.0114583
57.0114583
57.0552956
57.0551078
57.0551867
57.04162
57.0413925
57.0413925
57.0398619
57.0398619
57.0398619
57.0639278
57.0639278
57.0639278
57.0440461
57.0440461
57.0440461
57.0625839
57.0623942
57.0625786
57.0167139
57.0167139
57.0167139
57.0694267
57.0693917
57.0521667
57.0521667
57.0521667
56.9960789
57.0382539
57.0302056
57.0302056
57.0302056
57.0648464
57.064865
57.064865
57.0497819
57.0497814
57.0498353
57.0876281
57.0876281
57.0876281
57.01009
57.0100897
57.0101078
57.0172631
57.0172631
57.0172631
57.0382539
57.0382539
57.0502361
57.0502361
57.0502361
57.0694444
57.0076511
57.0076511
57.0076511
57.0717889
57.0717889
57.0717889
57.0225297
57.0434569
57.0434569
57.0434569
57.0439219
57.0439219
57.0439219
57.0435222
57.0432967
57.0558417
57.0436111
57.02549
57.02549
57.02549
57.0326219
57.0320028
57.0320028
57.0326219
57.0326219
57.0523453
57.0523453
57.0526756
57.0235581
57.0235581
57.0235581
57.0096764
57.0096764
57.0096764