9.8978817
9.8975178
9.8975669
9.8976172
9.8994611
9.8994611
9.8994611
9.9903142
9.9903142
9.9903142
9.9903142
9.9903142
9.9903142
9.8976675
9.8977978
9.8992611
9.8992611
9.8992611
9.9411344
9.9411344
9.9411344
9.91131
9.9125444
9.8240031
9.8240031
9.8240031
9.9557778
9.9557778
9.9557778
9.911485
9.8994611
9.8994611
9.8994611
9.921845
9.921845
9.921845
9.9240758
9.9240758
9.9240758
9.9424531
9.9425511
9.9425194
9.916505
9.916505
9.916505
9.952775
9.952775
9.9428025
9.9430639
9.9428711
10.0189189
10.0189189
10.0189189
9.96109
9.96109
9.96109
9.869305
9.869305
9.869305
10.0496089
10.0496089
10.0496089
9.9046272
9.9044433
9.9046078
9.9046433
9.9220181
9.9224528
9.9224978
9.9642339
9.9642339
9.9642339
9.9428547
9.9427006
9.8800019
9.8800019
9.8800019
9.9428875
9.8815319
9.8815319
9.8815319
9.8701189
9.9414839
9.9414839
9.9415056
9.945245
9.945245
9.945245
9.960965
9.8701189
9.8701189
9.960965
9.960965
9.9594839
9.9594839
9.8988861
9.8988861
9.8988861
9.9286611
9.9286611
9.9893589
9.9893589
9.9893589
9.8829011
9.8829011
9.8829011
9.9286611
10.0206
10.0206
10.0206
9.8666389
9.8666389
9.8666389
10.0587011
10.0587011
10.0587011
9.9476894
9.9476894
9.9476894
9.8979289
9.9594839
9.8979289
9.8979289
9.9987461
9.9987461
9.9987461
10.0233911
10.0233911
10.0233911
9.8876789
9.8876789
9.8876789
9.8859769
9.8859769
9.8859769
9.9773
9.9773
9.9773
9.9218311
9.9218311
9.9218311
9.9272289
9.9272289
9.9272289
9.9012
9.9012
9.9012
9.9285628
9.9284592
9.9287083
9.9691761
9.9707028
9.9706864
9.9322619
9.9322619
9.9322619
9.9252
9.9252
9.9252
9.9493261
9.9493261
9.9493261
9.9697389
9.9698989
9.9704314
9.8974
9.8974
9.8974
9.9334678
9.9334969
9.967875
9.967875
9.967875
9.8661089
9.9583411
9.9902722
9.9902722
9.9902722
9.9026136
9.9026281
9.9026281
9.8732689
9.8733511
9.8733361
9.9713469
9.9713469
9.9713469
9.8786122
9.878645
9.8786125
9.9328161
9.9328161
9.9328161
9.9583411
9.9583411
9.92008
9.92008
9.92008
9.9334847
9.8736489
9.8736489
9.8736489
9.9136361
9.9136361
9.9136361
9.8989436
9.912525
9.912525
9.912525
9.9346711
9.9346711
9.9346711
9.9141694
9.9146661
10.0358639
9.9146739
9.9859361
9.9859361
9.9859361
9.8875281
9.9363111
9.9363111
9.8875281
9.8875281
9.9168667
9.9168667
9.9171386
10.0029831
10.0029831
10.0029831
9.9993108
9.9993108
9.9993108