
2019-03-08T17:58:41,105900550+01:00
57.013959167
9.987207833
0.0828
18.7
0.0
 
2019-03-08T17:58:42,079060147+01:00
57.013960167
9.987207167
0.1044
18.8
0.0
 
2019-03-08T17:58:43,085418700+01:00
57.0139615
9.987205833
0.0396
18.8
0.0
 
2019-03-08T17:58:44,084336489+01:00
57.013962333
9.9872045
0.0504
18.8
0.0
 
2019-03-08T17:58:45,086318758+01:00
57.013963833
9.987204167
0.1908
19.0
0.0
 
2019-03-08T17:58:46,115545872+01:00
57.013965
9.987203833
0.252
19.0
0.0
 
2019-03-08T17:58:47,086487552+01:00
57.013965667
9.987203167
0.0504
19.0
0.0
 
2019-03-08T17:58:48,073899327+01:00
57.013966833
9.987202333
0.0108
19.0
0.0
 
2019-03-08T17:58:49,079998080+01:00
57.0139675
9.987201
0.0144
19.0
0.0
 
2019-03-08T17:58:50,090283003+01:00
57.0139675
9.987199833
0.0324
18.8
0.0
 
2019-03-08T17:58:51,085547416+01:00
57.013968333
9.987199667
0.0828
18.9
0.0
 
2019-03-08T17:58:52,085652126+01:00
57.0139695
9.9871995
0.144
18.9
0.0
 
2019-03-08T17:58:53,081675991+01:00
57.0139705
9.987199
0.0612
19.0
0.0
 
2019-03-08T17:58:54,080534914+01:00
57.013970667
9.987198333
0.0432
18.8
0.0
 
2019-03-08T17:58:55,084023311+01:00
57.013971
9.987197833
0.0504
18.7
0.0
 
2019-03-08T17:58:56,089031191+01:00
57.013971667
9.987197167
0.0216
18.6
0.0
 
2019-03-08T17:58:57,085238467+01:00
57.013973
9.9871965
0.0648
18.5
0.0
 
2019-03-08T17:58:58,086221480+01:00
57.013974833
9.987196667
0.0612
18.6
0.0
 
2019-03-08T17:58:59,088686129+01:00
57.0139755
9.987196667
0.0504
18.6
0.0
 
2019-03-08T17:59:00,082792976+01:00
57.013976167
9.987196833
0.0936
18.7
0.0
 
2019-03-08T17:59:01,084030247+01:00
57.0139765
9.987197
0.054
18.7
0.0
 
2019-03-08T17:59:02,087985434+01:00
57.013977333
9.9871975
0.0936
18.8
0.0
 
2019-03-08T17:59:03,080850524+01:00
57.013978167
9.9871985
0.0792
19.1
0.0
 
2019-03-08T17:59:04,083225496+01:00
57.013979
9.9871985
0.0864
19.2
0.0
 
2019-03-08T17:59:05,092571405+01:00
57.013978667
9.987198167
0.1548
19.1
0.0
 
2019-03-08T17:59:06,073533685+01:00
57.013979667
9.9871985
0.1188
19.2
0.0
 
2019-03-08T17:59:07,083607854+01:00
57.013980833
9.9871985
0.0576
19.4
0.0
 
2019-03-08T17:59:08,081646732+01:00
57.013981833
9.9871985
0.0288
19.5
0.0
 
2019-03-08T17:59:09,081827557+01:00
57.0139825
9.987198833
0.072
19.7
0.0
 
2019-03-08T17:59:10,081675627+01:00
57.013982667
9.987199
0.0216
19.6
0.0
 
2019-03-08T17:59:11,073416472+01:00
57.013983667
9.987199
0.1512
19.7
0.0
 
2019-03-08T17:59:12,076128016+01:00
57.0139845
9.987199667
0.072
19.8
0.0
 
2019-03-08T17:59:13,097202993+01:00
57.0139855
9.9871995
0.0648
19.8
0.0
 
2019-03-08T17:59:14,087754572+01:00
57.013986333
9.9871995
0.018
19.8
0.0
 
2019-03-08T17:59:15,081463922+01:00
57.013987167
9.987199167
0.1368
19.8
0.0
 
2019-03-08T17:59:16,081859727+01:00
57.013987833
9.987199333
0.0648
19.8
0.0
 
2019-03-08T17:59:17,102466328+01:00
57.013988833
9.987199333
0.0252
19.8
0.0
 
2019-03-08T17:59:18,082331518+01:00
57.013989667
9.987199167
0.0252
19.7
0.0
 
2019-03-08T17:59:19,079004407+01:00
57.013991167
9.987199167
0.0756
19.6
0.0
 
2019-03-08T17:59:20,087630746+01:00
57.013992167
9.987199167
0.0576
19.6
0.0
 
2019-03-08T17:59:21,080601423+01:00
57.013993333
9.987199167
0.0576
19.5
0.0
 
2019-03-08T17:59:22,074149261+01:00
57.013994833
9.987199167
0.036
19.6
0.0
 
2019-03-08T17:59:23,105503034+01:00
57.013996
9.987198667
0.0684
19.6
0.0
 
2019-03-08T17:59:24,088494445+01:00
57.013997
9.9871985
0.0684
19.5
0.0
 
2019-03-08T17:59:25,090489381+01:00
57.013998
9.987198333
0.09
19.5
0.0
 
2019-03-08T17:59:26,085391313+01:00
57.013999333
9.987198
0.1548
19.4
0.0
 
2019-03-08T17:59:27,084586505+01:00
57.013999833
9.987197667
0.0396
19.3
0.0
 
2019-03-08T17:59:28,081293062+01:00
57.014000667
9.9871975
0.126
19.3
0.0
 
2019-03-08T17:59:29,078139800+01:00
57.014001333
9.9871975
0.0288
19.3
0.0
 
2019-03-08T17:59:30,074851577+01:00
57.014002167
9.987196667
0.0504
19.2
0.0
 
2019-03-08T17:59:31,097333201+01:00
57.014002833
9.987196167
0.0216
19.2
0.0
 
2019-03-08T17:59:32,076034466+01:00
57.014003667
9.987196167
0.0612
19.1
0.0
 
2019-03-08T17:59:33,080584697+01:00
57.014003667
9.987196167
0.144
18.9
0.0
 
2019-03-08T17:59:34,091900852+01:00
57.014004
9.987196
0.0396
18.8
0.0
 
2019-03-08T17:59:35,099117655+01:00
57.014004167
9.987195667
0.0288
18.6
0.0
 
2019-03-08T17:59:36,086719982+01:00
57.014004333
9.987195167
0.0576
18.4
0.0
 
2019-03-08T17:59:37,082059863+01:00
57.014004833
9.987194833
0.0612
18.3
0.0
 
2019-03-08T17:59:38,116509388+01:00
57.014005
9.987195
0.09
18.2
0.0
 
2019-03-08T17:59:39,082080176+01:00
57.014004167
9.987195167
0.1008
18.0
0.0
 
2019-03-08T17:59:40,077300412+01:00
57.0140035
9.9871945
0.054
17.7
0.0
 
2019-03-08T17:59:41,077878840+01:00
57.014002833
9.987194
0.1044
17.5
0.0
 
2019-03-08T17:59:42,073643291+01:00
57.0140015
9.987194167
0.234
17.2
0.0
 
2019-03-08T17:59:43,083436502+01:00
57.014001
9.987194167
0.0684
17.0
0.0
 
2019-03-08T17:59:44,075535155+01:00
57.014001
9.987194167
0.0504
16.8
0.0
 
2019-03-08T17:59:45,086201957+01:00
57.014000167
9.987194
0.0288
16.6
0.0
 
2019-03-08T17:59:46,077125402+01:00
57.013999333
9.9871945
0.1476
16.4
0.0
 
2019-03-08T17:59:47,108626412+01:00
57.013999667
9.987194833
0.0504
16.4
0.0
 
2019-03-08T17:59:48,085237086+01:00
57.013999833
9.9871945
0.0648
16.4
0.0
 
2019-03-08T17:59:49,078976065+01:00
57.0139995
9.987194
0.1728
16.2
0.0
 
2019-03-08T17:59:50,087735307+01:00
57.013998
9.987193333
0.2268
15.9
0.0
 
2019-03-08T17:59:51,080421431+01:00
57.0139965
9.987193167
0.1332
15.6
0.0
 
2019-03-08T17:59:52,091256097+01:00
57.013995
9.9871935
0.1944
15.4
0.0
 
2019-03-08T17:59:53,086610001+01:00
57.013993833
9.987194167
0.1728
15.2
0.0
 
2019-03-08T17:59:54,090076192+01:00
57.0139925
9.987195167
0.1044
15.1
0.0
 
2019-03-08T17:59:55,086817183+01:00
57.013990333
9.987194833
0.2988
14.7
0.0
 
2019-03-08T17:59:56,086611311+01:00
57.013988167
9.987194833
0.2736
14.3
0.0
 
2019-03-08T17:59:57,091721209+01:00
57.013987333
9.9871955
0.054
14.0
0.0
 
2019-03-08T17:59:58,076776019+01:00
57.013984667
9.987196667
0.3132
13.7
0.0
 
2019-03-08T17:59:59,085156126+01:00
57.0139835
9.9871975
0.1296
13.5
0.0
 
2019-03-08T18:00:00,091734768+01:00
57.013983
9.987198
0.072
13.3
0.0
 
2019-03-08T18:00:01,110823122+01:00
57.013981333
9.9871985
0.3528
13.0
0.0
 
2019-03-08T18:00:02,083769117+01:00
57.013981
9.987198667
0.1044
12.9
0.0
 
2019-03-08T18:00:03,084051278+01:00
57.013981
9.987198
0.162
12.7
0.0
 
2019-03-08T18:00:04,085843663+01:00
57.01398
9.9871975
0.1512
12.5
0.0
 
2019-03-08T18:00:05,091903209+01:00
57.013979333
9.987196833
0.4428
12.2
0.0
 
2019-03-08T18:00:06,079215379+01:00
57.013975
9.9871955
0.1188
12.0
0.0
 
2019-03-08T18:00:07,086193994+01:00
57.013973333
9.9871945
0.216
11.7
0.0
 
2019-03-08T18:00:08,088835293+01:00
57.0139735
9.9871945
0.0828
11.6
0.0
 
2019-03-08T18:00:09,080960719+01:00
57.013973667
9.987195667
0.1188
11.6
0.0
 
2019-03-08T18:00:10,082202546+01:00
57.013973333
9.987196167
0.0396
11.6
0.0
 
2019-03-08T18:00:11,098248028+01:00
57.013972667
9.9871965
0.0648
11.5
0.0
 
2019-03-08T18:00:12,089968345+01:00
57.013971667
9.987196333
0.0468
11.4
0.0
 
2019-03-08T18:00:13,118525602+01:00
57.0139705
9.9871965
0.0936
11.2
0.0
 
2019-03-08T18:00:14,087319300+01:00
57.0139695
9.987196833
0.1404
11.1
0.0
 
2019-03-08T18:00:15,084789315+01:00
57.013969167
9.987197833
0.0828
11.2
0.0
 
2019-03-08T18:00:16,087795346+01:00
57.013968167
9.987198167
0.0396
11.2
0.0
 
2019-03-08T18:00:17,087718541+01:00
57.0139675
9.987199
0.234
11.3
0.0
 
2019-03-08T18:00:18,083855264+01:00
57.013966333
9.987199
0.18
11.2
0.0
 
2019-03-08T18:00:19,084671442+01:00
57.013965333
9.9871985
0.1008
11.1
0.0
 
2019-03-08T18:00:20,079081786+01:00
57.013963667
9.987198
0.1368
10.9
0.0
 
2019-03-08T18:00:21,099455694+01:00
57.013962667
9.987198167
0.1116
10.9
0.0
 
2019-03-08T18:00:22,076883896+01:00
57.013961167
9.987198167
0.1368
10.9
0.0
 
2019-03-08T18:00:23,108617423+01:00
57.013960333
9.987198333
0.0468
11.0
0.0
 
2019-03-08T18:00:24,090331460+01:00
57.0139595
9.9871985
0.0864
11.1
0.0
 
2019-03-08T18:00:25,090792739+01:00
57.013958667
9.987198333
0.0432
11.2
0.0
 
2019-03-08T18:00:26,089893879+01:00
57.013957167
9.9871985
0.0504
11.1
0.0
 
2019-03-08T18:00:27,075847919+01:00
57.0139565
9.987198833
0.0288
11.2
0.0
 
2019-03-08T18:00:28,078078429+01:00
57.013956167
9.9871985
0.0324
11.2
0.0
 
2019-03-08T18:00:29,089459215+01:00
57.0139555
9.987198167
0.0396
11.0
0.0
 
2019-03-08T18:00:30,079643794+01:00
57.0139555
9.987198167
0.2088
11.1
0.0
 
2019-03-08T18:00:31,078261619+01:00
57.0139545
9.987198
0.0648
11.1
0.0
 
2019-03-08T18:00:32,076692130+01:00
57.013953167
9.987197667
0.1548
11.0
0.0
 
2019-03-08T18:00:33,098177707+01:00
57.013952333
9.987197167
0.0864
10.9
0.0
 
2019-03-08T18:00:34,083323240+01:00
57.013951333
9.9871965
0.1008
10.9
0.0
 
2019-03-08T18:00:35,082792524+01:00
57.013950167
9.987196333
0.054
10.9
0.0
 
2019-03-08T18:00:36,076404077+01:00
57.0139495
9.987196167
0.0756
10.9
0.0
 
2019-03-08T18:00:37,082688785+01:00
57.0139485
9.987196333
0.0432
10.9
0.0
 
2019-03-08T18:00:38,074396870+01:00
57.0139475
9.987196333
0.0504
10.9
0.0
 
2019-03-08T18:00:39,088442592+01:00
57.013946667
9.9871965
0.0576
11.0
0.0
 
2019-03-08T18:00:40,085038969+01:00
57.0139455
9.987196667
0.2124
10.9
0.0
 
2019-03-08T18:00:41,095032662+01:00
57.013944667
9.987197333
0.108
10.9
0.0
 
2019-03-08T18:00:42,075683038+01:00
57.013944
9.987198167
0.0396
10.9
0.0
 
2019-03-08T18:00:43,078347492+01:00
57.0139435
9.987198833
0.1008
10.9
0.0
 
2019-03-08T18:00:44,089296612+01:00
57.013942833
9.9871995
0.0252
10.8
0.0
 
2019-03-08T18:00:45,096296473+01:00
57.013941167
9.9871995
0.1008
10.7
0.0
 
2019-03-08T18:00:46,083700553+01:00
57.013940833
9.9871995
0.036
10.8
0.0
 
2019-03-08T18:00:47,079504978+01:00
57.01394
9.987199167
0.0432
10.6
0.0
 
2019-03-08T18:00:48,083025936+01:00
57.013939667
9.9871995
0.0756
10.5
0.0
 
2019-03-08T18:00:49,071771443+01:00
57.013938333
9.987199833
0.0144
10.3
0.0
 
2019-03-08T18:00:50,081624419+01:00
57.0139365
9.9872005
0.2196
10.0
0.0
 
2019-03-08T18:00:51,084857526+01:00
57.013936
9.9872005
0.0684
10.0
0.0
 
2019-03-08T18:00:52,095373763+01:00
57.013935167
9.987201167
0.1764
9.9
0.0
 
2019-03-08T18:00:53,092822445+01:00
57.013934
9.987201833
0.0936
9.8
0.0
 
2019-03-08T18:00:54,079950697+01:00
57.013932833
9.9872025
0.0828
9.7
0.0
 
2019-03-08T18:00:55,092645149+01:00
57.013932833
9.987203167
0.1224
9.7
0.0
 
2019-03-08T18:00:56,077346867+01:00
57.0139305
9.987204333
0.288
9.4
0.0
 
2019-03-08T18:00:57,083265992+01:00
57.013930667
9.987205333
0.1116
9.6
0.0
 
2019-03-08T18:00:58,089582590+01:00
57.0139305
9.987206
0.1188
9.5
0.0
 
2019-03-08T18:00:59,091732932+01:00
57.013929167
9.987207
0.2592
9.3
0.0
 
2019-03-08T18:01:00,088305187+01:00
57.013927167
9.987208167
0.1404
9.0
0.0
 
2019-03-08T18:01:01,081119176+01:00
57.013926
9.987208833
0.0252
8.8
0.0
 
2019-03-08T18:01:02,079873411+01:00
57.013924167
9.987209667
0.18
8.5
0.0
 
2019-03-08T18:01:03,083463693+01:00
57.013923167
9.987210667
0.2196
8.4
0.0
 
2019-03-08T18:01:04,097669416+01:00
57.013921667
9.987211167
0.2196
8.2
0.0
 
2019-03-08T18:01:05,100666123+01:00
57.013920667
9.987211333
0.0828
8.0
0.0
 
2019-03-08T18:01:06,082025202+01:00
57.013919833
9.987211833
0.1692
7.8
0.0
 
2019-03-08T18:01:07,080035518+01:00
57.013920167
9.987212667
0.0864
7.9
0.0
 
2019-03-08T18:01:08,089952429+01:00
57.013920167
9.9872135
0.198
7.8
0.0
 
2019-03-08T18:01:09,093439657+01:00
57.0139205
9.987214333
0.036
7.9
0.0
 
2019-03-08T18:01:10,086815146+01:00
57.013920167
9.987215167
0.0108
7.9
0.0
 
2019-03-08T18:01:11,086734694+01:00
57.013921167
9.987215667
0.0828
8.0
0.0
 
2019-03-08T18:01:12,078423532+01:00
57.013922
9.987216333
0.0216
8.2
0.0
 
2019-03-08T18:01:13,097472851+01:00
57.013920167
9.987216833
0.2376
8.0
0.0
 
2019-03-08T18:01:14,085647692+01:00
57.013918167
9.987217333
0.036
7.6
0.0
 
2019-03-08T18:01:15,091863589+01:00
57.013917333
9.987217833
0.0828
7.6
0.0
 
2019-03-08T18:01:16,079483696+01:00
57.013916667
9.987218833
0.1332
7.6
0.0
 
2019-03-08T18:01:17,083922523+01:00
57.013916667
9.987219
0.018
7.5
0.0
 
2019-03-08T18:01:18,077918863+01:00
57.013917167
9.987219167
0.0468
7.6
0.0
 
2019-03-08T18:01:19,105980308+01:00
57.013917167
9.987219333
0.108
7.5
0.0
 
2019-03-08T18:01:20,078075428+01:00
57.013917167
9.987219833
0.1152
7.5
0.0
 
2019-03-08T18:01:21,088411380+01:00
57.013918
9.987220333
0.2268
7.7
0.0
 
2019-03-08T18:01:22,096549140+01:00
57.013917833
9.987220333
0.0396
7.6
0.0
 
2019-03-08T18:01:23,084023449+01:00
57.013916833
9.987220833
0.0396
7.4
0.0
 
2019-03-08T18:01:24,082089056+01:00
57.013915667
9.987221
0.072
7.1
0.0
 
2019-03-08T18:01:25,092401651+01:00
57.013915667
9.9872215
0.1044
7.0
0.0
 
2019-03-08T18:01:26,075537700+01:00
57.013916333
9.987221833
0.036
7.1
0.0
 
2019-03-08T18:01:27,078075386+01:00
57.013916333
9.987222
0.0576
7.0
0.0
 
2019-03-08T18:01:28,085892617+01:00
57.013916833
9.987222167
0.072
7.0
0.0
 
2019-03-08T18:01:29,078481540+01:00
57.0139165
9.987222333
0.0792
6.9
0.0
 
2019-03-08T18:01:30,075019598+01:00
57.013917333
9.987222667
0.054
7.0
0.0
 
2019-03-08T18:01:31,090380151+01:00
57.013917833
9.987222833
0.1476
7.1
0.0
 
2019-03-08T18:01:32,093485834+01:00
57.013919167
9.987222833
0.2736
7.3
0.0
 
2019-03-08T18:01:33,086651149+01:00
57.01392
9.987223
0.2628
7.4
0.0
 
2019-03-08T18:01:34,089141033+01:00
57.013920167
9.987223333
0.1008
7.4
0.0
 
2019-03-08T18:01:35,085920786+01:00
57.013921833
9.987223167
0.036
7.6
0.0
 
2019-03-08T18:01:36,082442491+01:00
57.013922667
9.987222833
0.09
7.6
0.0
 
2019-03-08T18:01:37,087271295+01:00
57.013923333
9.987222833
0.1116
7.6
0.0
 
2019-03-08T18:01:38,094161354+01:00
57.0139245
9.987222833
0.054
7.7
0.0
 
2019-03-08T18:01:39,087838474+01:00
57.0139255
9.987222333
0.0108
7.8
0.0
 
2019-03-08T18:01:40,080101411+01:00
57.013926333
9.987221833
0.018
7.7
0.0
 
2019-03-08T18:01:41,090982910+01:00
57.013928
9.9872205
0.09
7.8
0.0
 
2019-03-08T18:01:42,101277769+01:00
57.013930167
9.987219667
0.0252
8.0
0.0
 
2019-03-08T18:01:43,104720142+01:00
57.013931833
9.987219167
0.0432
8.2
0.0
 
2019-03-08T18:01:44,084237478+01:00
57.013933667
9.9872185
0.0324
8.3
0.0
 
2019-03-08T18:01:45,085170660+01:00
57.013935167
9.987218167
0.1224
8.4
0.0
 
2019-03-08T18:01:46,077708237+01:00
57.0139375
9.987217833
0.0864
8.6
0.0
 
2019-03-08T18:01:47,084316445+01:00
57.0139395
9.987217333
0.1584
8.8
0.0
 
2019-03-08T18:01:48,081336674+01:00
57.013941333
9.987216833
0.072
9.0
0.0
 
2019-03-08T18:01:49,084402704+01:00
57.013942667
9.987215833
0.1692
9.0
0.0
 
2019-03-08T18:01:50,079874143+01:00
57.013944333
9.987215167
0.1728
9.2
0.0
 
2019-03-08T18:01:51,093732472+01:00
57.013945667
9.987214667
0.072
9.4
0.0
 
2019-03-08T18:01:52,106193561+01:00
57.0139455
9.987214
0.1152
9.2
0.0
 
2019-03-08T18:01:53,087542937+01:00
57.013945667
9.987213667
0.0072
9.2
0.0
 
2019-03-08T18:01:54,076742376+01:00
57.013946
9.987213167
0.0576
9.1
0.0
 
2019-03-08T18:01:55,088342333+01:00
57.0139475
9.987212
0.0684
9.3
0.0
 
2019-03-08T18:01:56,084552147+01:00
57.013947833
9.987210833
0.036
9.2
0.0
 
2019-03-08T18:01:57,086940169+01:00
57.013948667
9.987209833
0.2052
9.3
0.0
 
2019-03-08T18:01:58,086186862+01:00
57.013948667
9.987209
0.0828
9.1
0.0
 
2019-03-08T18:01:59,085172423+01:00
57.013950167
9.987208
0.1332
9.3
0.0
 
2019-03-08T18:02:00,103672839+01:00
57.013951833
9.987206667
0.0792
9.4
0.0
 
2019-03-08T18:02:01,099286866+01:00
57.013960833
9.987206
0.072
10.7
0.0
 
2019-03-08T18:02:02,092921431+01:00
57.013969333
9.987205167
0.072
12.0
0.0
 
2019-03-08T18:02:03,088756810+01:00
57.0139775
9.987204
0.0252
13.1
0.0
 
2019-03-08T18:02:04,089503512+01:00
57.013984833
9.987203667
0.0144
14.2
0.0
 
2019-03-08T18:02:05,091229843+01:00
57.013991333
9.987203167
0.0288
15.2
0.0
 
2019-03-08T18:02:06,086719930+01:00
57.013997
9.987202833
0.0396
16.1
0.0
 
2019-03-08T18:02:07,090265900+01:00
57.014001833
9.987201833
0.0432
16.7
0.0
 
2019-03-08T18:02:08,097667216+01:00
57.014006
9.987201167
0.036
17.3
0.0
 
2019-03-08T18:02:09,087047072+01:00
57.014008667
9.987201667
0.1008
17.9
0.0
 
2019-03-08T18:02:10,086545322+01:00
57.014011167
9.987202333
0.0684
18.4
0.0
 
2019-03-08T18:02:11,086258699+01:00
57.014014
9.987202833
0.054
18.9
0.0
 
2019-03-08T18:02:12,090717063+01:00
57.0140165
9.987203833
0.0792
19.4
0.0
 
2019-03-08T18:02:13,094194708+01:00
57.0140195
9.9872045
0.0288
19.9
0.0
 
2019-03-08T18:02:14,085460314+01:00
57.014022667
9.987204833
0.036
20.5
0.0
 
2019-03-08T18:02:15,092113071+01:00
57.014025833
9.987205
0.1044
20.9
0.0
 
2019-03-08T18:02:16,078524612+01:00
57.014028333
9.987204833
0.054
21.2
0.0
 
2019-03-08T18:02:17,093883074+01:00
57.014030333
9.987204667
0.036
21.6
0.0
 
2019-03-08T18:02:18,095703748+01:00
57.0140325
9.987204333
0.018
21.9
0.0
 
2019-03-08T18:02:19,099200265+01:00
57.014033833
9.987204
0.0324
22.2
0.0
 
2019-03-08T18:02:20,086471399+01:00
57.014036
9.987203667
0.0756
22.4
0.0
 
2019-03-08T18:02:21,096174788+01:00
57.014037667
9.987203333
0.0432
22.6
0.0
 
2019-03-08T18:02:22,114275223+01:00
57.014038333
9.987203833
0.036
22.8
0.0
 
2019-03-08T18:02:23,094410296+01:00
57.014039667
9.9872045
0.0756
23.1
0.0
 
2019-03-08T18:02:24,095001021+01:00
57.014041167
9.987204667
0.036
23.3
0.0
 
2019-03-08T18:02:25,088107927+01:00
57.014041833
9.9872045
0.1116
23.6
0.0
 
2019-03-08T18:02:26,096511569+01:00
57.0140435
9.987204667
0.0252
23.9
0.0
 
2019-03-08T18:02:27,087208814+01:00
57.014044167
9.9872045
0.036
24.2
0.0
 
2019-03-08T18:02:28,091012914+01:00
57.014044333
9.987204
0.0468
24.5
0.0
 
2019-03-08T18:02:29,095294756+01:00
57.014046
9.987204167
0.0468
24.7
0.0
 
2019-03-08T18:02:30,093789039+01:00
57.014046667
9.987204167
0.0396
25.0
0.0
 
2019-03-08T18:02:31,091909752+01:00
57.014047
9.987204333
0.09
25.3
0.0
 
2019-03-08T18:02:32,090401674+01:00
57.0140475
9.9872045
0.0324
25.5
0.0
 
2019-03-08T18:02:33,098490106+01:00
57.014048167
9.987204667
0.0504
25.7
0.0
 
2019-03-08T18:02:34,084878903+01:00
57.0140485
9.987204833
0.1044
25.9
0.0
 
2019-03-08T18:02:35,085474940+01:00
57.0140495
9.987204667
0.0216
26.1
0.0
 
2019-03-08T18:02:36,087369686+01:00
57.01405
9.987204333
0.1476
26.3
0.0
 
2019-03-08T18:02:37,122481801+01:00
57.014050833
9.987204667
0.09
26.5
0.0
 
2019-03-08T18:02:38,082066110+01:00
57.014051667
9.987205333
0.108
26.7
0.0
 
2019-03-08T18:02:39,093604540+01:00
57.014052667
9.9872055
0.054
26.9
0.0
 
2019-03-08T18:02:40,092966938+01:00
57.014054167
9.987206
0.0396
27.1
0.0
 
2019-03-08T18:02:41,093899665+01:00
57.014055
9.987206667
0.054
27.4
0.0
 
2019-03-08T18:02:42,095719826+01:00
57.014055833
9.987207167
0.0504
27.6
0.0
 
2019-03-08T18:02:43,099844406+01:00
57.014057
9.987207667
0.0612
27.8
0.0
 
2019-03-08T18:02:44,094605405+01:00
57.014058167
9.987208167
0.0288
28.0
0.0
 
2019-03-08T18:02:45,085518685+01:00
57.014058833
9.987208667
0.0576
28.2
0.0
 
2019-03-08T18:02:46,085818210+01:00
57.014060333
9.987209333
0.072
28.3
0.0
 
2019-03-08T18:02:47,096724027+01:00
57.014061167
9.98721
0.0504
28.5
0.0
 
2019-03-08T18:02:48,084077439+01:00
57.014062167
9.987210667
0.0252
28.7
0.0
 
2019-03-08T18:02:49,094489788+01:00
57.0140625
9.987211167
0.0468
28.9
0.0
 
2019-03-08T18:02:50,093504290+01:00
57.014063
9.987211833
0.0432
29.0
0.0
 
2019-03-08T18:02:51,097932778+01:00
57.014063667
9.987212667
0.0684
29.2
0.0
 
2019-03-08T18:02:52,094184513+01:00
57.014064
9.9872135
0.0612
29.4
0.0
 
2019-03-08T18:02:53,092281759+01:00
57.014064333
9.987214333
0.09
29.5
0.0
 
2019-03-08T18:02:54,089243872+01:00
57.014064833
9.987215333
0.054
29.7
0.0
 
2019-03-08T18:02:55,099380115+01:00
57.0140655
9.987216167
0.0216
29.8
0.0
 
2019-03-08T18:02:56,086033131+01:00
57.014065833
9.987216833
0.0504
30.0
0.0
 
2019-03-08T18:02:57,093840673+01:00
57.014065833
9.987217667
0.0432
30.2
0.0
 
2019-03-08T18:02:58,098332177+01:00
57.0140665
9.987218833
0.054
30.4
0.0
 
2019-03-08T18:02:59,091951238+01:00
57.014067167
9.987219833
0.1152
30.6
0.0
 
2019-03-08T18:03:00,099742566+01:00
57.014067333
9.9872205
0.1044
30.7
0.0
 
2019-03-08T18:03:01,100286772+01:00
57.014067667
9.9872215
0.0288
30.9
0.0
 
2019-03-08T18:03:02,091676561+01:00
57.014067667
9.987222
0.072
31.1
0.0
 
2019-03-08T18:03:03,098767101+01:00
57.014068167
9.987222833
0.054
31.3
0.0
 
2019-03-08T18:03:04,107254719+01:00
57.0140685
9.987223667
0.0828
31.4
0.0
 
2019-03-08T18:03:05,106247056+01:00
57.014068833
9.987224667
0.0684
31.6
0.0
 
2019-03-08T18:03:06,087691559+01:00
57.014069167
9.9872255
0.0144
31.8
0.0
 
2019-03-08T18:03:07,082069876+01:00
57.014069
9.9872265
0.1188
31.9
0.0
 
2019-03-08T18:03:08,095688009+01:00
57.014068833
9.987227167
0.1116
32.1
0.0
 
2019-03-08T18:03:09,114501728+01:00
57.014069
9.987228
0.0324
32.2
0.0
 
2019-03-08T18:03:10,091092292+01:00
57.014069
9.987228833
0.0576
32.3
0.0
 
2019-03-08T18:03:11,092977566+01:00
57.014069167
9.987229667
0.036
32.5
0.0
 
2019-03-08T18:03:12,085816446+01:00
57.0140695
9.9872305
0.054
32.6
0.0
 
2019-03-08T18:03:13,103247252+01:00
57.014069833
9.987231167
0.0216
32.8
0.0
 
2019-03-08T18:03:14,088562631+01:00
57.014069833
9.987232167
0.0576
32.9
0.0
 
2019-03-08T18:03:15,096538361+01:00
57.014069667
9.987232833
0.1188
33.1
0.0
 
2019-03-08T18:03:16,097720924+01:00
57.014069833
9.9872335
0.036
33.2
0.0
 
2019-03-08T18:03:17,097882416+01:00
57.01407
9.987234167
0.0324
33.4
0.0
 
2019-03-08T18:03:18,089262614+01:00
57.014070333
9.987234667
0.072
33.5
0.0
 
2019-03-08T18:03:19,093389531+01:00
57.014070667
9.987235167
0.0252
33.6
0.0
 
2019-03-08T18:03:20,098349261+01:00
57.014071167
9.987235667
0.1116
33.7
0.0
 
2019-03-08T18:03:21,098496152+01:00
57.0140715
9.987236333
0.0792
33.8
0.0
 
2019-03-08T18:03:22,086460312+01:00
57.014067
9.9872425
0.072
34.0
0.0
 
2019-03-08T18:03:23,086989219+01:00
57.0140635
9.987246333
0.1656
34.0
0.0
 
2019-03-08T18:03:24,087335415+01:00
57.0140605
9.987248667
0.0756
34.0
0.0
 
2019-03-08T18:03:25,090077673+01:00
57.014058
9.987251
0.0576
34.0
0.0
 
2019-03-08T18:03:26,119303780+01:00
57.0140555
9.987252833
0.0936
33.9
0.0
 
2019-03-08T18:03:27,094062656+01:00
57.014054167
9.987254167
0.0216
34.0
0.0
 
2019-03-08T18:03:28,099185057+01:00
57.014052667
9.987255167
0.0324
34.1
0.0
 
2019-03-08T18:03:29,092727392+01:00
57.0140515
9.9872565
0.144
34.1
0.0
 
2019-03-08T18:03:30,087618529+01:00
57.014051667
9.987256
0.054
34.1
0.0
 
2019-03-08T18:03:31,093742175+01:00
57.0140505
9.987257333
0.054
34.0
0.0
 
2019-03-08T18:03:32,097317812+01:00
57.014049667
9.987258833
0.1008
34.0
0.0
 
2019-03-08T18:03:33,131132281+01:00
57.014048167
9.987261167
0.1296
34.0
0.0
 
2019-03-08T18:03:34,098507059+01:00
57.014046167
9.987263833
0.036
34.1
0.0
 
2019-03-08T18:03:35,091724996+01:00
57.014044333
9.987265333
0.0936
34.1
0.0
 
2019-03-08T18:03:36,088825818+01:00
57.014044667
9.987266833
0.0468
33.9
0.0
 
2019-03-08T18:03:37,093620161+01:00
57.014042667
9.987267
0.0828
33.8
0.0
 
2019-03-08T18:03:38,094458438+01:00
57.014041333
9.987267
0.1224
33.7
0.0
 
2019-03-08T18:03:39,089078170+01:00
57.014041
9.987268
0.2304
33.6
0.0
 
2019-03-08T18:03:40,102511950+01:00
57.014041167
9.9872685
0.0432
33.6
0.0
 
2019-03-08T18:03:41,105214590+01:00
57.014041
9.987268167
0.1152
33.5
0.0
 
2019-03-08T18:03:42,087611599+01:00
57.014040667
9.987267333
0.0108
33.3
0.0
 
2019-03-08T18:03:43,100432284+01:00
57.014040333
9.987266833
0.1584
33.2
0.0
 
2019-03-08T18:03:44,093681137+01:00
57.014040167
9.9872665
0.1008
33.1
0.0
 
2019-03-08T18:03:45,089913449+01:00
57.0140405
9.987265833
0.036
33.0
0.0
 
2019-03-08T18:03:46,089437268+01:00
57.0140405
9.987265
0.0468
32.9
0.0
 
2019-03-08T18:03:47,092335716+01:00
57.014040167
9.987265167
0.0252
32.8
0.0
 
2019-03-08T18:03:48,084335093+01:00
57.014039833
9.987265
0.1116
32.7
0.0
 
2019-03-08T18:03:49,095280037+01:00
57.014039667
9.987264667
0.0432
32.5
0.0
 
2019-03-08T18:03:50,091806220+01:00
57.014039667
9.987264167
0.0324
32.4
0.0
 
2019-03-08T18:03:51,110345336+01:00
57.014039833
9.987263
0.0324
32.2
0.0
 
2019-03-08T18:03:52,088939930+01:00
57.0140395
9.987262667
0.036
32.1
0.0
 
2019-03-08T18:03:53,090525919+01:00
57.014039333
9.987262333
0.072
32.0
0.0
 
2019-03-08T18:03:54,101996025+01:00
57.014038667
9.987262667
0.1332
31.8
0.0
 
2019-03-08T18:03:55,096712958+01:00
57.014038667
9.987262167
0.09
31.8
0.0
 
