
2019-03-06T17:41:52,431394192+01:00
57.013945
9.987317667
0.3564
33.7
0.0
 
2019-03-06T17:41:53,429459209+01:00
57.013949333
9.987326667
0.8748
33.3
0.0
 
2019-03-06T17:41:54,430977725+01:00
57.013955667
9.98734
2.0556
33.0
0.0
 
2019-03-06T17:41:55,431707415+01:00
57.013963833
9.987351667
2.6748
33.2
0.0
 
2019-03-06T17:41:56,431370155+01:00
57.013953833
9.9873495
1.8972
30.3
0.0
 
2019-03-06T17:41:57,435092279+01:00
57.013926333
9.9873335
1.7244
27.9
0.0
 
2019-03-06T17:41:58,433529821+01:00
57.013909833
9.9873315
3.0816
28.2
0.0
 
2019-03-06T17:41:59,435301690+01:00
57.013893167
9.987312667
3.924
29.3
0.0
 
2019-03-06T17:42:00,439562615+01:00
57.013884333
9.987303
3.9528
30.2
0.0
 
2019-03-06T17:42:01,440726962+01:00
57.013872667
9.9872975
4.3848
31.4
187.43
 
2019-03-06T17:42:02,436454806+01:00
57.013871667
9.987293667
3.8844
31.7
0.0
 
2019-03-06T17:42:03,435744332+01:00
57.013864667
9.987288667
3.8232
31.6
0.0
 
2019-03-06T17:42:04,452160365+01:00
57.013855333
9.987289667
3.8628
31.7
0.0
 
2019-03-06T17:42:05,445504196+01:00
57.013850667
9.987282167
3.51
32.0
0.0
 
2019-03-06T17:42:06,442927168+01:00
57.013847
9.9872755
3.2184
31.0
0.0
 
2019-03-06T17:42:07,440377773+01:00
57.013842667
9.987267333
3.0096
30.4
0.0
 
2019-03-06T17:42:08,437519184+01:00
57.01384
9.987271833
2.6388
30.1
0.0
 
2019-03-06T17:42:09,436105810+01:00
57.013846667
9.987271667
1.8828
29.3
0.0
 
2019-03-06T17:42:10,437159773+01:00
57.013845833
9.987272167
1.7568
28.6
0.0
 
2019-03-06T17:42:11,446323263+01:00
57.013846333
9.987262667
1.8648
28.6
0.0
 
2019-03-06T17:42:12,445048718+01:00
57.013854833
9.987273333
0.8892
27.3
0.0
 
2019-03-06T17:42:13,438086845+01:00
57.013860833
9.987266833
0.9324
27.6
0.0
 
2019-03-06T17:42:14,438091364+01:00
57.013854167
9.987257167
0.9936
28.0
0.0
 
2019-03-06T17:42:15,442685678+01:00
57.013851667
9.987244333
1.3824
28.8
0.0
 
2019-03-06T17:42:16,436448950+01:00
57.013838333
9.9872395
1.62
29.3
0.0
 
2019-03-06T17:42:17,443422149+01:00
57.013828833
9.987229167
1.9548
30.3
0.0
 
2019-03-06T17:42:18,448915112+01:00
57.013816833
9.987232833
2.2284
30.2
0.0
 
2019-03-06T17:42:19,440387524+01:00
57.0138085
9.987227167
2.4552
30.4
0.0
 
2019-03-06T17:42:20,453169052+01:00
57.013810333
9.9872315
2.2068
29.9
0.0
 
2019-03-06T17:42:21,446904928+01:00
57.013817833
9.9872315
1.7064
27.6
0.0
 
2019-03-06T17:42:22,445981578+01:00
57.013820333
9.987236167
1.5084
27.6
0.0
 
2019-03-06T17:42:23,455709377+01:00
57.013818
9.98723
1.6272
27.7
0.0
 
2019-03-06T17:42:24,446436063+01:00
57.013780333
9.987200667
3.2544
28.6
0.0
 
2019-03-06T17:42:25,459361285+01:00
57.013769667
9.987172333
3.762
29.1
0.0
 
2019-03-06T17:42:26,442319035+01:00
57.013768
9.987174333
3.3912
29.4
0.0
 
2019-03-06T17:42:27,445260184+01:00
57.013765
9.987161667
3.474
30.2
0.0
 
2019-03-06T17:42:28,448381375+01:00
57.013775333
9.987170167
2.808
30.3
0.0
 
2019-03-06T17:42:29,449503371+01:00
57.013766833
9.987163667
3.0096
30.2
0.0
 
2019-03-06T17:42:30,444947641+01:00
57.013678833
9.987108167
2.2752
22.5
0.0
 
2019-03-06T17:42:31,447082408+01:00
57.013634167
9.9870805
1.0332
17.3
0.0
 
2019-03-06T17:42:32,450093228+01:00
57.0136265
9.9870785
1.4256
17.1
0.0
 
2019-03-06T17:42:33,449370701+01:00
57.013619167
9.987075
1.6776
16.9
0.0
 
2019-03-06T17:42:34,451038238+01:00
57.0136315
9.987078667
1.3248
17.0
0.0
 
2019-03-06T17:42:35,452957251+01:00
57.013616333
9.987058
2.1744
17.0
0.0
 
2019-03-06T17:42:36,448879854+01:00
57.013580833
9.987038167
3.2292
17.6
0.0
 
2019-03-06T17:42:37,451094883+01:00
57.01361
9.987059833
2.7216
28.6
0.0
 
2019-03-06T17:42:38,445137577+01:00
57.013607
9.987063667
2.6496
28.6
0.0
 
2019-03-06T17:42:39,446634900+01:00
57.013606833
9.987062167
2.52
28.5
0.0
 
2019-03-06T17:42:40,447211955+01:00
57.013391833
9.9869245
7.7076
26.8
198.37
 
2019-03-06T17:42:41,449052945+01:00
57.013202
9.986801667
12.0816
25.7
201.46
 
2019-03-06T17:42:42,446681542+01:00
57.013028833
9.986686833
15.9696
24.9
202.55
 
2019-03-06T17:42:43,461471667+01:00
57.012861333
9.986602667
19.3932
24.3
200.61
 
2019-03-06T17:42:44,466953739+01:00
57.012700333
9.986505833
22.7484
24.0
199.88
 
2019-03-06T17:42:45,466068675+01:00
57.012526833
9.9863855
26.28
23.7
200.53
 
2019-03-06T17:42:46,438653009+01:00
nan
nan
nan
nan
nan
 
2019-03-06T17:42:47,444227146+01:00
nan
nan
nan
nan
nan
 
2019-03-06T17:42:48,442982335+01:00
nan
nan
nan
nan
nan
 
2019-03-06T17:42:49,444924055+01:00
nan
nan
nan
nan
nan
 
2019-03-06T17:42:50,454790584+01:00
57.012225
9.986242833
26.082
23.1
197.78
 
2019-03-06T17:42:51,455922996+01:00
57.012174167
9.986244167
25.884
22.5
196.44
 
2019-03-06T17:42:52,454297645+01:00
57.0121265
9.986234
25.5564
22.0
196.07
 
2019-03-06T17:42:53,462351435+01:00
57.012079167
9.986223833
25.2396
21.5
195.92
 
2019-03-06T17:42:54,459393704+01:00
57.012029167
9.9862135
25.0128
21.2
195.51
 
2019-03-06T17:42:55,458593591+01:00
57.011977833
9.9861975
24.84
21.4
195.45
 
2019-03-06T17:42:56,455801685+01:00
57.012260667
9.986373333
19.1916
20.3
195.79
 
2019-03-06T17:42:57,457523550+01:00
57.012219833
9.986359167
19.1268
20.9
196.11
 
2019-03-06T17:42:58,460779383+01:00
57.012182
9.9863435
18.9972
21.3
196.33
 
2019-03-06T17:42:59,455933552+01:00
57.0121465
9.986322333
18.81
21.4
196.87
 
2019-03-06T17:43:00,452274082+01:00
57.012103833
9.986300167
18.7956
21.5
197.41
 
2019-03-06T17:43:01,459579883+01:00
57.012067667
9.9862785
18.6336
21.5
197.87
 
2019-03-06T17:43:02,454085856+01:00
57.012032
9.986260667
18.4608
21.5
197.9
 
2019-03-06T17:43:03,466415621+01:00
57.012512333
9.986523167
10.6668
18.9
198.23
 
2019-03-06T17:43:04,474463210+01:00
57.012737
9.9866465
6.8076
17.2
198.74
 
2019-03-06T17:43:05,469329217+01:00
57.0128685
9.986723833
5.1048
16.4
0.0
 
2019-03-06T17:43:06,457457438+01:00
57.012919833
9.9867505
4.1724
15.8
0.0
 
2019-03-06T17:43:07,458308527+01:00
57.012969833
9.986776333
3.2976
15.4
0.0
 
2019-03-06T17:43:08,463324657+01:00
57.013107833
9.986852
0.45
15.6
0.0
 
2019-03-06T17:43:09,472836753+01:00
57.0131845
9.986895667
0.6336
15.6
0.0
 
2019-03-06T17:43:10,461362396+01:00
57.013210167
9.986905667
0.4104
15.3
0.0
 
2019-03-06T17:43:11,464413366+01:00
57.013252333
9.986921667
0.6012
15.4
0.0
 
2019-03-06T17:43:12,463814614+01:00
57.013270833
9.986919167
1.6092
15.3
0.0
 
2019-03-06T17:43:13,465163616+01:00
57.013301
9.986934833
1.368
15.1
0.0
 
2019-03-06T17:43:14,467851038+01:00
57.0133205
9.9869455
1.206
15.0
0.0
 
2019-03-06T17:43:15,461792827+01:00
57.013348167
9.986959333
0.6516
15.0
0.0
 
2019-03-06T17:43:16,468392463+01:00
57.013354167
9.986957333
1.0296
14.9
0.0
 
2019-03-06T17:43:17,464884152+01:00
57.013367333
9.986964
0.8136
14.7
0.0
 
2019-03-06T17:43:18,464515745+01:00
57.013394167
9.986974
0.4572
14.7
0.0
 
2019-03-06T17:43:19,459621274+01:00
57.013416167
9.9869815
0.612
14.7
0.0
 
2019-03-06T17:43:20,463079581+01:00
57.0134405
9.9869955
1.116
14.7
0.0
 
2019-03-06T17:43:21,469190368+01:00
57.013493
9.987023667
2.9736
14.7
0.0
 
2019-03-06T17:43:22,465319372+01:00
57.013543333
9.98705
4.4316
14.8
117.84
 
2019-03-06T17:43:23,478315052+01:00
57.0135555
9.9870545
3.9852
14.9
0.0
 
2019-03-06T17:43:24,463963582+01:00
57.013573167
9.9870625
3.8988
15.0
0.0
 
2019-03-06T17:43:25,467494448+01:00
57.0135945
9.987073167
4.1256
15.2
0.0
 
2019-03-06T17:43:26,465926426+01:00
57.013618833
9.987084833
4.4928
15.3
63.97
 
2019-03-06T17:43:27,467286120+01:00
57.013633833
9.987084333
4.3272
15.5
0.0
 
2019-03-06T17:43:28,465503783+01:00
57.013647167
9.987092
4.2012
15.6
0.0
 
2019-03-06T17:43:29,475381378+01:00
57.013672333
9.987102167
4.6548
15.8
38.39
 
2019-03-06T17:43:30,467300402+01:00
57.0136715
9.987097667
4.0176
15.9
0.0
 
2019-03-06T17:43:31,466945574+01:00
57.0136855
9.987105833
3.9204
16.1
0.0
 
2019-03-06T17:43:32,468955878+01:00
57.013679667
9.9870985
3.1824
16.2
0.0
 
2019-03-06T17:43:33,470691310+01:00
57.013660667
9.987082167
2.1456
16.5
0.0
 
2019-03-06T17:43:34,461844314+01:00
57.013675
9.987089667
2.4516
16.8
0.0
 
2019-03-06T17:43:35,472934252+01:00
57.013675167
9.987087
2.34
16.6
0.0
 
2019-03-06T17:43:36,462769492+01:00
57.013689167
9.987088333
2.5956
16.8
0.0
 
2019-03-06T17:43:37,471918941+01:00
57.0136895
9.987087333
2.106
16.8
0.0
 
2019-03-06T17:43:38,475118269+01:00
57.013711167
9.9871045
2.4696
16.9
0.0
 
2019-03-06T17:43:39,471935081+01:00
57.013714667
9.987105
2.1708
16.9
0.0
 
2019-03-06T17:43:40,457370184+01:00
nan
nan
nan
nan
nan
 
2019-03-06T17:43:41,463311495+01:00
nan
nan
nan
nan
nan
 
2019-03-06T17:43:42,457943168+01:00
nan
nan
nan
nan
nan
 
2019-03-06T17:43:43,477118940+01:00
nan
nan
nan
nan
nan
 
2019-03-06T17:43:44,472971859+01:00
57.013744333
9.987103333
2.232
17.0
0.0
 
2019-03-06T17:43:45,471561998+01:00
57.013753333
9.987071167
2.8656
17.0
0.0
 
2019-03-06T17:43:46,461878009+01:00
nan
nan
nan
nan
nan
 
2019-03-06T17:43:47,476566954+01:00
57.014357667
9.987456167
12.4668
17.5
19.29
 
2019-03-06T17:43:48,476835466+01:00
57.014633333
9.987622833
15.7824
17.3
17.19
 
2019-03-06T17:43:49,467140724+01:00
nan
nan
nan
nan
nan
 
2019-03-06T17:43:50,476838465+01:00
57.0147895
9.987719167
17.5464
16.2
18.49
 
2019-03-06T17:43:51,477889089+01:00
57.0148985
9.987806
19.3284
16.4
20.36
 
2019-03-06T17:43:52,478830168+01:00
57.014937333
9.987802667
18.9648
17.0
18.87
 
2019-03-06T17:43:53,479545828+01:00
57.014968667
9.987800667
18.4896
17.2
17.69
 
2019-03-06T17:43:54,472505993+01:00
57.014996
9.987793833
17.964
17.4
16.19
 
2019-03-06T17:43:55,477634519+01:00
57.015024333
9.987793167
17.622
17.0
15.02
 
2019-03-06T17:43:56,473873056+01:00
57.015047667
9.9878035
17.2872
17.2
14.91
 
2019-03-06T17:43:57,488143912+01:00
57.01507
9.98781
16.9344
17.3
14.93
 
2019-03-06T17:43:58,474819166+01:00
57.015095167
9.987806833
16.578
17.3
14.27
 
2019-03-06T17:43:59,476570929+01:00
57.015116833
9.9878045
16.1496
17.3
13.83
 
2019-03-06T17:44:00,474967609+01:00
57.0151335
9.987808667
15.84
17.4
13.28
 
2019-03-06T17:44:01,498825541+01:00
57.015142833
9.9878245
15.5124
17.8
13.67
 
2019-03-06T17:44:02,475165379+01:00
nan
nan
nan
nan
nan
 
2019-03-06T17:44:03,480236413+01:00
nan
nan
nan
nan
nan
 
2019-03-06T17:44:04,496511716+01:00
nan
nan
nan
nan
nan
 
2019-03-06T17:44:05,477848085+01:00
nan
nan
nan
nan
nan
 
2019-03-06T17:44:06,481961740+01:00
nan
nan
nan
nan
nan
 
2019-03-06T17:44:07,484143121+01:00
nan
nan
nan
nan
nan
 
2019-03-06T17:44:08,478725042+01:00
nan
nan
nan
nan
nan
 
2019-03-06T17:44:09,483713401+01:00
57.014866333
9.987659
6.0156
19.8
10.72
 
2019-03-06T17:44:10,483869328+01:00
57.014872833
9.987659
6.2028
20.4
8.83
 
2019-03-06T17:44:11,483476239+01:00
57.014834833
9.987646667
5.0616
20.7
0.0
 
2019-03-06T17:44:12,481865216+01:00
57.014801
9.987623667
3.9744
20.9
0.0
 
2019-03-06T17:44:13,490583584+01:00
57.014705333
9.987573
1.2564
20.8
0.0
 
2019-03-06T17:44:14,486269953+01:00
57.0146785
9.987543667
1.2204
21.0
0.0
 
2019-03-06T17:44:15,489566485+01:00
57.01467
9.9875475
1.0944
21.3
0.0
 
2019-03-06T17:44:16,483926226+01:00
57.014571333
9.9874765
0.7632
21.0
0.0
 
2019-03-06T17:44:17,484735164+01:00
57.014471333
9.987406167
2.1024
20.5
0.0
 
2019-03-06T17:44:18,485978034+01:00
57.014406667
9.987349167
3.474
20.4
0.0
 
2019-03-06T17:44:19,484877893+01:00
57.01437
9.9872985
4.1364
20.3
0.0
 
2019-03-06T17:44:20,484505822+01:00
57.014337
9.9872425
5.2884
20.1
0.0
 
2019-03-06T17:44:21,486955972+01:00
57.014298833
9.987199833
5.8716
19.9
0.0
 
2019-03-06T17:44:22,487900401+01:00
57.014297167
9.987180833
5.9472
19.9
0.0
 
2019-03-06T17:44:23,490575832+01:00
57.014308667
9.987171667
5.3532
20.0
0.0
 
2019-03-06T17:44:24,487405549+01:00
57.014318667
9.987162167
4.86
20.1
0.0
 
2019-03-06T17:44:25,491232404+01:00
57.0143345
9.987162667
3.942
20.2
0.0
 
2019-03-06T17:44:26,486980767+01:00
57.014356833
9.987137167
4.2444
20.2
0.0
 
2019-03-06T17:44:27,499408237+01:00
57.014391833
9.987118333
4.41
20.3
0.0
 
2019-03-06T17:44:28,485894985+01:00
57.014360333
9.9870795
4.9392
20.3
0.0
 
2019-03-06T17:44:29,494539605+01:00
57.014349
9.987064667
4.2876
20.3
0.0
 
2019-03-06T17:44:30,489364637+01:00
57.014351167
9.987065667
3.3516
20.4
0.0
 
2019-03-06T17:44:31,496562493+01:00
57.0143665
9.987071333
2.6424
20.4
0.0
 
2019-03-06T17:44:32,487771138+01:00
57.014380333
9.987074167
2.4696
20.5
0.0
 
2019-03-06T17:44:33,490638139+01:00
57.0144035
9.9870875
2.4912
20.5
0.0
 
2019-03-06T17:44:34,479597726+01:00
nan
nan
nan
nan
nan
 
2019-03-06T17:44:35,480934050+01:00
nan
nan
nan
nan
nan
 
2019-03-06T17:44:36,481808020+01:00
nan
nan
nan
nan
nan
 
2019-03-06T17:44:37,485828785+01:00
nan
nan
nan
nan
nan
 
2019-03-06T17:44:38,479223520+01:00
nan
nan
nan
nan
nan
 
2019-03-06T17:44:39,486144079+01:00
nan
nan
nan
nan
nan
 
2019-03-06T17:44:40,490843487+01:00
nan
nan
nan
nan
nan
 
2019-03-06T17:44:41,488267672+01:00
nan
nan
nan
nan
nan
 
2019-03-06T17:44:42,491021601+01:00
nan
nan
nan
nan
nan
 
2019-03-06T17:44:43,495370803+01:00
nan
nan
nan
nan
nan
 
2019-03-06T17:44:44,494304822+01:00
nan
nan
nan
nan
nan
 
2019-03-06T17:44:45,498892409+01:00
nan
nan
nan
nan
nan
 
2019-03-06T17:44:46,487524821+01:00
nan
nan
nan
nan
nan
 
2019-03-06T17:44:47,486339228+01:00
nan
nan
nan
nan
nan
 
2019-03-06T17:44:48,483010634+01:00
nan
nan
nan
nan
nan
 
2019-03-06T17:44:49,487304344+01:00
nan
nan
nan
nan
nan
 
2019-03-06T17:44:50,486250592+01:00
nan
nan
nan
nan
nan
 
2019-03-06T17:44:51,484134516+01:00
nan
nan
nan
nan
nan
 
2019-03-06T17:44:52,496785954+01:00
nan
nan
nan
nan
nan
 
2019-03-06T17:44:53,489775078+01:00
nan
nan
nan
nan
nan
 
2019-03-06T17:44:54,492628963+01:00
nan
nan
nan
nan
nan
 
2019-03-06T17:44:55,486333642+01:00
nan
nan
nan
nan
nan
 
2019-03-06T17:44:56,487533349+01:00
nan
nan
nan
nan
nan
 
2019-03-06T17:44:57,486331414+01:00
nan
nan
nan
nan
nan
 
2019-03-06T17:44:58,496936043+01:00
nan
nan
nan
nan
nan
 
2019-03-06T17:44:59,495570958+01:00
nan
nan
nan
nan
nan
 
2019-03-06T17:45:00,497617385+01:00
nan
nan
nan
nan
nan
 
2019-03-06T17:45:01,504441189+01:00
57.014024833
9.987437333
2.1816
20.7
0.0
 
2019-03-06T17:45:02,491697183+01:00
57.0139995
9.987459
2.0808
20.7
0.0
 
2019-03-06T17:45:03,492801274+01:00
57.013988167
9.9874835
2.2536
20.8
0.0
 
2019-03-06T17:45:04,514637654+01:00
57.013986667
9.987496333
2.2536
20.8
0.0
 
2019-03-06T17:45:05,503273342+01:00
57.013996833
9.987511167
2.5956
20.8
0.0
 
2019-03-06T17:45:06,507266798+01:00
57.014000167
9.987534
3.042
20.8
0.0
 
2019-03-06T17:45:07,510327621+01:00
57.013998
9.987551
3.1032
20.8
0.0
 
2019-03-06T17:45:08,510312922+01:00
57.014009
9.987563333
3.2256
20.8
0.0
 
2019-03-06T17:45:09,503685112+01:00
57.014021333
9.987581833
3.5748
20.7
0.0
 
2019-03-06T17:45:10,504817236+01:00
57.014044
9.987607833
4.3236
20.6
0.0
 
2019-03-06T17:45:11,509878517+01:00
57.01408
9.987627167
5.112
20.6
0.0
 
2019-03-06T17:45:12,508626142+01:00
57.014116
9.987648167
5.958
20.7
0.0
 
2019-03-06T17:45:13,498439125+01:00
57.014132
9.987657333
5.832
20.7
19.04
 
2019-03-06T17:45:14,500852989+01:00
nan
nan
nan
nan
nan
 
2019-03-06T17:45:15,492118689+01:00
nan
nan
nan
nan
nan
 
2019-03-06T17:45:16,496243973+01:00
nan
nan
nan
nan
nan
 
2019-03-06T17:45:17,497186527+01:00
nan
nan
nan
nan
nan
 
2019-03-06T17:45:18,493264728+01:00
nan
nan
nan
nan
nan
 
2019-03-06T17:45:19,495670502+01:00
nan
nan
nan
nan
nan
 
2019-03-06T17:45:20,496840212+01:00
nan
nan
nan
nan
nan
 
2019-03-06T17:45:21,503645223+01:00
nan
nan
nan
nan
nan
 
2019-03-06T17:45:22,498755117+01:00
nan
nan
nan
nan
nan
 
2019-03-06T17:45:23,497376666+01:00
nan
nan
nan
nan
nan
 
2019-03-06T17:45:24,492128325+01:00
nan
nan
nan
nan
nan
 
2019-03-06T17:45:25,497402283+01:00
nan
nan
nan
nan
nan
 
2019-03-06T17:45:26,475139279+01:00
nan
nan
nan
nan
nan
 
2019-03-06T17:45:27,438430071+01:00
nan
nan
nan
nan
nan
 
2019-03-06T17:45:28,400489060+01:00
nan
nan
nan
nan
nan
 
2019-03-06T17:45:29,367486790+01:00
nan
nan
nan
nan
nan
 
2019-03-06T17:45:30,332801755+01:00
nan
nan
nan
nan
nan
 
2019-03-06T17:45:31,315526406+01:00
nan
nan
nan
nan
nan
 
2019-03-06T17:45:32,295574577+01:00
nan
nan
nan
nan
nan
 
2019-03-06T17:45:33,271016203+01:00
nan
nan
nan
nan
nan
 
2019-03-06T17:45:34,253868171+01:00
nan
nan
nan
nan
nan
 
2019-03-06T17:45:35,238281608+01:00
nan
nan
nan
nan
nan
 
2019-03-06T17:45:36,220648825+01:00
nan
nan
nan
nan
nan
 
2019-03-06T17:45:37,210794619+01:00
nan
nan
nan
nan
nan
 
2019-03-06T17:45:38,199949793+01:00
nan
nan
nan
nan
nan
 
2019-03-06T17:45:39,235362397+01:00
nan
nan
nan
nan
nan
 
2019-03-06T17:45:40,201576338+01:00
nan
nan
nan
nan
nan
 
2019-03-06T17:45:41,186564938+01:00
nan
nan
nan
nan
nan
 
2019-03-06T17:45:42,185166513+01:00
nan
nan
nan
nan
nan
 
2019-03-06T17:45:43,172994715+01:00
nan
nan
nan
nan
nan
 
2019-03-06T17:45:44,171533124+01:00
nan
nan
nan
nan
nan
 
2019-03-06T17:45:45,167362421+01:00
nan
nan
nan
nan
nan
 
2019-03-06T17:45:46,164710277+01:00
nan
nan
nan
nan
nan
 
2019-03-06T17:45:47,162528327+01:00
nan
nan
nan
nan
nan
 
2019-03-06T17:45:48,155549572+01:00
nan
nan
nan
nan
nan
 
2019-03-06T17:45:49,155515692+01:00
nan
nan
nan
nan
nan
 
2019-03-06T17:45:50,148062785+01:00
nan
nan
nan
nan
nan
 
2019-03-06T17:45:51,147027987+01:00
nan
nan
nan
nan
nan
 
2019-03-06T17:45:52,145226308+01:00
nan
nan
nan
nan
nan
 
2019-03-06T17:45:53,145545781+01:00
nan
nan
nan
nan
nan
 
2019-03-06T17:45:54,131014854+01:00
nan
nan
nan
nan
nan
 
2019-03-06T17:45:55,135334017+01:00
nan
nan
nan
nan
nan
 
2019-03-06T17:45:56,131631758+01:00
nan
nan
nan
nan
nan
 
2019-03-06T17:45:57,130955463+01:00
nan
nan
nan
nan
nan
 
2019-03-06T17:45:58,126477905+01:00
nan
nan
nan
nan
nan
 
2019-03-06T17:45:59,124721192+01:00
nan
nan
nan
nan
nan
 
2019-03-06T17:46:00,142833056+01:00
nan
nan
nan
nan
nan
 
2019-03-06T17:46:01,141570699+01:00
nan
nan
nan
nan
nan
 
2019-03-06T17:46:02,140734915+01:00
nan
nan
nan
nan
nan
 
2019-03-06T17:46:03,150592467+01:00
nan
nan
nan
nan
nan
 
2019-03-06T17:46:04,153244140+01:00
nan
nan
nan
nan
nan
 
2019-03-06T17:46:05,136429376+01:00
nan
nan
nan
nan
nan
 
2019-03-06T17:46:06,129675288+01:00
nan
nan
nan
nan
nan
 
2019-03-06T17:46:07,135222760+01:00
nan
nan
nan
nan
nan
 
2019-03-06T17:46:08,136620051+01:00
nan
nan
nan
nan
nan
 
2019-03-06T17:46:09,139780376+01:00
nan
nan
nan
nan
nan
 
2019-03-06T17:46:10,139248355+01:00
nan
nan
nan
nan
nan
 
2019-03-06T17:46:11,142484059+01:00
nan
nan
nan
nan
nan
 
2019-03-06T17:46:12,138997477+01:00
nan
nan
nan
nan
nan
 
2019-03-06T17:46:13,143613064+01:00
nan
nan
nan
nan
nan
 
2019-03-06T17:46:14,140738816+01:00
57.014083833
9.9871485
6.2172
19.9
0.0
 
2019-03-06T17:46:15,146612712+01:00
57.0140405
9.987173167
1.9548
19.9
0.0
 
2019-03-06T17:46:16,167384087+01:00
57.014084333
9.987180667
4.0392
19.8
0.0
 
