341
340
339
107
106
105
350
349
348
30
20
10
230
229
228
92
91
90
320
319
318
137
136
135
287
285
286
359
358
357
29
403
402
387
389
388
28
27
152
151
150
404
452
451
450
219
221
220
489
491
490
411
413
412
324
325
326
468
466
467
324
326
322
83
82
81
35
34
33
303
305
304
455
454
453
239
238
237
281
280
279
260
259
258
200
199
198
236
235
234
174
176
175
302
301
300
57
248
247
246
59
58
44
43
42
407
406
405
278
277
276
446
445
444
98
97
96
434
433
432
401
400
399
14
13
12
362
361
360
182
180
206
497
495
496
205
204
305
210
212
211
308
307
306
245
244
422
421
420
304
303
329
328
327
148
147
266
265
267
269
268
243
263
17
16
262
261
447
449
448
15
264
188
187
186
134
133
132
458
457
456
36
37
38
227
226
225
68
67
66
74
72
73
374
372
334
197
196
195
378
380
379
275
274
273
272
271
270
299
298
297
461
460
459
218
217
216
293
292
291
0
330
332
331
171
173
172
368
367
366
251
250
249
167
166
165
47
46
45
191
190
189
26
25
24
2
254
253
252
287
286
285
333
335
172
171
173
19
501
502
207
209
208
296
295
294
317
316
315
213
215
185
184
323
322
321
214
145
146
144
203
202
201
386
385
384
503
183
383
470
469
468
382
381
419
418
417
309
311
310