
2019-04-15T15:33:10,066106321+02:00
57.014006742
9.987057485
0.0684
50.69
185.1748
 
2019-04-15T15:33:11,074092246+02:00
57.01400629
9.987058819
0.1692
50.508
186.376
 
2019-04-15T15:33:12,070732275+02:00
57.014006161
9.987060706
0.1008
50.243
134.3313
 
2019-04-15T15:33:13,075013339+02:00
57.014008529
9.987064708
0.1548
49.702
57.5074
 
2019-04-15T15:33:14,066567403+02:00
57.014011031
9.987068462
0.2196
49.235
21.3087
 
2019-04-15T15:33:15,070672598+02:00
57.014013233
9.987072045
0.0972
48.826
127.4682
 
2019-04-15T15:33:16,071697659+02:00
57.014014858
9.987074179
0.1224
48.494
106.2451
 
2019-04-15T15:33:17,077810030+02:00
57.014016922
9.987078191
0.126
48.106
92.2391
 
2019-04-15T15:33:18,077722318+02:00
57.014019137
9.987081555
0.09
47.731
89.779
 
2019-04-15T15:33:19,077786040+02:00
57.014021156
9.987084356
0.126
47.573
92.2391
 
2019-04-15T15:33:20,079376611+02:00
57.014022418
9.98708713
0.1332
47.303
79.2866
 
2019-04-15T15:33:21,082463124+02:00
57.014021383
9.987093499
0.1836
47.009
118.8725
 
2019-04-15T15:33:22,096009372+02:00
57.014021844
9.987099867
0.0828
46.653
63.7219
 
2019-04-15T15:33:23,087465723+02:00
57.014021091
9.987105492
0.108
46.243
68.5017
 
2019-04-15T15:33:24,082562015+02:00
57.014022863
9.987110878
0.0648
45.888
308.0862
 
2019-04-15T15:33:25,084513569+02:00
57.014023674
9.987116712
0.2268
45.508
58.185
 
2019-04-15T15:33:26,078758027+02:00
57.014025214
9.987120763
0.1152
45.218
4.0882
 
2019-04-15T15:33:27,090932305+02:00
57.014025995
9.987123821
0.1044
44.684
44.1156
 
2019-04-15T15:33:28,100155955+02:00
57.014027065
9.987128788
0.2268
44.369
43.7288
 
2019-04-15T15:33:29,101179853+02:00
57.014027197
9.987130209
0.396
44.55
176.0605
 
