
2019-05-07T16:08:22,719458135+02:00
57.013962667
9.9871905
0.0216
nan
0.0
 
2019-05-07T16:08:22,919475218+02:00
57.013962833
9.987190667
0.0504
nan
0.0
 
2019-05-07T16:08:23,117981402+02:00
57.013962667
9.987191167
0.2736
nan
0.0
 
2019-05-07T16:08:23,322725677+02:00
57.0139625
9.987191333
0.1908
nan
0.0
 
2019-05-07T16:08:23,529136343+02:00
57.013962833
9.987191667
0.1656
nan
0.0
 
2019-05-07T16:08:23,719332193+02:00
57.013963
9.987191833
0.1332
nan
0.0
 
2019-05-07T16:08:23,918557113+02:00
57.013962833
9.987192167
0.2016
nan
0.0
 
2019-05-07T16:08:24,116028213+02:00
57.013963
9.9871925
0.1404
nan
0.0
 
2019-05-07T16:08:24,320166005+02:00
57.013963
9.987192833
0.0936
nan
0.0
 
2019-05-07T16:08:24,519071527+02:00
57.013963
9.987193167
0.1224
nan
0.0
 
2019-05-07T16:08:24,714548037+02:00
57.013963
9.9871935
0.1008
nan
0.0
 
2019-05-07T16:08:24,916206861+02:00
57.013962667
9.987194167
0.234
nan
0.0
 
2019-05-07T16:08:25,116573438+02:00
57.013962667
9.9871945
0.0864
nan
0.0
 
2019-05-07T16:08:25,310687594+02:00
57.013962333
9.987195
0.1908
nan
0.0
 
2019-05-07T16:08:25,505462625+02:00
57.013962333
9.987195333
0.0288
nan
0.0
 
2019-05-07T16:08:25,701561460+02:00
57.013962167
9.9871955
0.0972
nan
0.0
 
2019-05-07T16:08:25,891938861+02:00
57.013962167
9.987195667
0.2448
nan
0.0
 
2019-05-07T16:08:26,088393856+02:00
57.013962167
9.987195833
0.0288
nan
0.0
 
2019-05-07T16:08:26,285007328+02:00
57.013962167
9.987196167
0.2232
nan
0.0
 
2019-05-07T16:08:26,477561664+02:00
57.013962
9.987196333
0.1692
nan
0.0
 
2019-05-07T16:08:26,676050975+02:00
57.013962
9.987196667
0.1728
nan
0.0
 
2019-05-07T16:08:26,873507562+02:00
57.013961833
9.987196833
0.2448
nan
0.0
 
2019-05-07T16:08:27,068360510+02:00
57.013961667
9.987197
0.2808
nan
0.0
 
2019-05-07T16:08:27,259248232+02:00
57.013961833
9.987197167
0.1584
nan
0.0
 
2019-05-07T16:08:27,461475693+02:00
57.013961833
9.987197333
0.0936
nan
0.0
 
2019-05-07T16:08:27,687882914+02:00
57.013962
9.9871975
0.1008
nan
0.0
 
2019-05-07T16:08:28,054300620+02:00
57.013961833
9.987197667
0.2628
nan
0.0
 
2019-05-07T16:08:28,454411382+02:00
57.013961833
9.987197667
0.1116
nan
0.0
 
2019-05-07T16:08:28,836987125+02:00
57.013961833
9.9871975
0.0576
nan
0.0
 
2019-05-07T16:08:29,232112619+02:00
57.013961667
9.987197167
0.0144
nan
0.0
 
2019-05-07T16:08:29,423419468+02:00
57.013961667
9.987197
0.1224
nan
0.0
 
2019-05-07T16:08:29,816857898+02:00
57.013961667
9.987196167
0.0828
nan
0.0
 
2019-05-07T16:08:30,223533575+02:00
57.0139615
9.987196167
0.1728
nan
0.0
 
2019-05-07T16:08:30,604577412+02:00
57.013961167
9.987195833
0.1692
nan
0.0
 
2019-05-07T16:08:30,838898942+02:00
57.013961
9.987195833
0.1476
nan
0.0
 
2019-05-07T16:08:31,196078827+02:00
57.0139605
9.987195833
0.2736
nan
0.0
 
2019-05-07T16:08:31,396758664+02:00
57.0139605
9.987195667
0.2556
nan
0.0
 
2019-05-07T16:08:31,617218362+02:00
57.0139605
9.987195667
0.324
nan
0.0
 
2019-05-07T16:08:31,993201158+02:00
57.0139605
9.9871955
0.252
nan
0.0
 
2019-05-07T16:08:32,384160501+02:00
57.013960167
9.987195333
0.2196
nan
0.0
 
2019-05-07T16:08:32,778935045+02:00
57.013960333
9.987195167
0.09
nan
0.0
 
2019-05-07T16:08:33,017490853+02:00
57.013960333
9.987195167
0.1404
nan
0.0
 
2019-05-07T16:08:33,395929748+02:00
57.013960333
9.987195167
0.1512
nan
0.0
 
2019-05-07T16:08:33,768163795+02:00
57.013959833
9.9871955
0.1836
nan
0.0
 
2019-05-07T16:08:34,171866226+02:00
57.01396
9.987196
0.0432
nan
0.0
 
2019-05-07T16:08:34,636681644+02:00
57.013959667
9.987196333
0.1404
nan
0.0
 
2019-05-07T16:08:35,173121068+02:00
57.013959333
9.987196667
0.1512
nan
0.0
 
2019-05-07T16:08:35,559902409+02:00
57.013959333
9.9871965
0.288
nan
0.0
 
2019-05-07T16:08:35,788252884+02:00
57.0139595
9.9871965
0.1728
nan
0.0
 
2019-05-07T16:08:36,157174413+02:00
57.013959333
9.9871965
0.1296
nan
0.0
 
2019-05-07T16:08:36,546102709+02:00
57.0139585
9.9871965
0.2448
nan
0.0
 
2019-05-07T16:08:36,946012047+02:00
57.013958333
9.987196167
0.2016
nan
0.0
 
2019-05-07T16:08:37,149834500+02:00
57.013958333
9.987196
0.0828
nan
0.0
 
2019-05-07T16:08:37,542768138+02:00
57.013958167
9.987195333
0.1548
nan
0.0
 
2019-05-07T16:08:37,937560803+02:00
57.013958333
9.9871945
0.036
nan
0.0
 
2019-05-07T16:08:38,147186809+02:00
57.013958167
9.987194333
0.1512
nan
0.0
 
2019-05-07T16:08:38,542867651+02:00
57.013958333
9.987193333
0.126
nan
0.0
 
2019-05-07T16:08:38,739136850+02:00
57.0139585
9.987192833
0.0288
nan
0.0
 
2019-05-07T16:08:38,967267545+02:00
57.0139585
9.9871925
0.144
nan
0.0
 
2019-05-07T16:08:39,333306521+02:00
57.0139585
9.987192
0.3132
nan
0.0
 
2019-05-07T16:08:39,532051543+02:00
57.0139585
9.987191833
0.1908
nan
0.0
 
2019-05-07T16:08:39,758839986+02:00
57.013958333
9.987191667
0.1944
nan
0.0
 
2019-05-07T16:08:40,129777465+02:00
57.013958333
9.987191
0.4068
nan
0.0
 
2019-05-07T16:08:40,545322395+02:00
57.013958333
9.9871905
0.2088
nan
0.0
 
2019-05-07T16:08:40,924845162+02:00
57.013958833
9.987189833
0.1332
nan
0.0
 
2019-05-07T16:08:41,335455279+02:00
57.013959
9.9871895
0.0648
nan
0.0
 
2019-05-07T16:08:41,525941604+02:00
57.013958833
9.987189333
0.1656
nan
0.0
 
2019-05-07T16:08:41,728545364+02:00
57.013959
9.987189
0.1008
nan
0.0
 
2019-05-07T16:08:42,130899144+02:00
57.013958833
9.987188833
0.1512
nan
0.0
 
2019-05-07T16:08:42,516961971+02:00
57.013958667
9.987188667
0.0468
nan
0.0
 
2019-05-07T16:08:42,916892265+02:00
57.013958667
9.987188667
0.072
nan
0.0
 
2019-05-07T16:08:43,137891826+02:00
57.0139585
9.9871885
0.1116
nan
0.0
 
2019-05-07T16:08:43,518942655+02:00
57.013958333
9.987188
0.1368
nan
0.0
 
2019-05-07T16:08:43,918229450+02:00
57.013958333
9.9871875
0.0792
nan
0.0
 
2019-05-07T16:08:44,312351261+02:00
57.0139585
9.987186833
0.0396
nan
0.0
 
2019-05-07T16:08:44,538477804+02:00
57.013958833
9.987186333
0.0684
nan
0.0
 
2019-05-07T16:08:45,111854332+02:00
57.013959
9.9871855
0.0648
nan
0.0
 
2019-05-07T16:08:45,523882811+02:00
57.013959
9.987185
0.1224
nan
0.0
 
2019-05-07T16:08:45,912018420+02:00
57.013959
9.987184833
0.1008
nan
0.0
 
2019-05-07T16:08:46,130401770+02:00
57.013959
9.987184833
0.0828
nan
0.0
 
2019-05-07T16:08:46,517922117+02:00
57.013959333
9.9871845
0.036
nan
0.0
 
2019-05-07T16:08:46,733354552+02:00
57.013959333
9.987184333
0.1656
nan
0.0
 
2019-05-07T16:08:47,116744096+02:00
57.013959333
9.987184
0.0936
nan
0.0
 
2019-05-07T16:08:47,510040193+02:00
57.0139595
9.9871835
0.0432
nan
0.0
 
2019-05-07T16:08:47,903924495+02:00
57.013959667
9.987183167
0.1476
nan
0.0
 
2019-05-07T16:08:48,515325086+02:00
57.0139595
9.987182167
0.0972
nan
0.0
 
2019-05-07T16:08:48,913142827+02:00
57.0139595
9.987181667
0.0756
nan
0.0
 
2019-05-07T16:08:49,311730514+02:00
57.013959667
9.987181167
0.1764
nan
0.0
 
2019-05-07T16:08:49,708429251+02:00
57.013959833
9.987180667
0.0432
nan
0.0
 
2019-05-07T16:08:50,107876784+02:00
57.013959833
9.987180333
0.1656
nan
0.0
 
2019-05-07T16:08:50,516478879+02:00
57.013959833
9.987179833
0.0972
nan
0.0
 
2019-05-07T16:08:51,112240584+02:00
57.0139595
9.987179333
0.2808
nan
0.0
 
2019-05-07T16:08:51,347312060+02:00
57.013959833
9.987179
0.0612
nan
0.0
 
2019-05-07T16:08:51,719619229+02:00
57.01396
9.987178667
0.0504
nan
0.0
 
2019-05-07T16:08:52,122656818+02:00
57.0139605
9.987178333
0.1728
nan
0.0
 
2019-05-07T16:08:52,511632659+02:00
57.013961333
9.987178333
0.2448
nan
0.0
 
2019-05-07T16:08:52,909981041+02:00
57.013961667
9.987178333
0.0612
nan
0.0
 
2019-05-07T16:08:53,362570011+02:00
57.013962167
9.987178167
0.1584
nan
0.0
 
2019-05-07T16:08:53,721360618+02:00
57.0139625
9.987178333
0.2196
nan
0.0
 
2019-05-07T16:08:54,162851631+02:00
57.013963
9.987177667
0.1188
nan
0.0
 
2019-05-07T16:08:54,532918062+02:00
57.013963167
9.987177333
0.0972
nan
0.0
 
2019-05-07T16:08:55,120178834+02:00
57.013963167
9.987177
0.0864
nan
0.0
 
2019-05-07T16:08:55,524308158+02:00
57.013962833
9.987176833
0.09
nan
0.0
 
2019-05-07T16:08:55,931985882+02:00
57.013963167
9.987176167
0.0828
nan
0.0
 
2019-05-07T16:08:56,511609555+02:00
57.013963167
9.987175
0.1476
nan
0.0
 
2019-05-07T16:08:57,324506516+02:00
57.013963167
9.987174167
0.0972
nan
0.0
 
2019-05-07T16:08:57,730290045+02:00
57.013963167
9.987173667
0.0432
nan
0.0
 
2019-05-07T16:08:58,157385542+02:00
57.0139635
9.987173667
0.0504
nan
0.0
 
2019-05-07T16:08:58,546999312+02:00
57.013963833
9.987173333
0.1404
nan
0.0
 
2019-05-07T16:08:58,903004381+02:00
57.013964167
9.987173167
0.0468
nan
0.0
 
2019-05-07T16:08:59,507734838+02:00
57.013964167
9.987172833
0.2916
nan
0.0
 
2019-05-07T16:08:59,928137508+02:00
57.013964333
9.987172667
0.2412
nan
0.0
 
2019-05-07T16:09:00,318106093+02:00
57.013964833
9.987172
0.1476
nan
0.0
 
2019-05-07T16:09:00,712568540+02:00
57.013964667
9.987171167
0.2448
nan
0.0
 
2019-05-07T16:09:01,117681639+02:00
57.013964333
9.987170833
0.1764
nan
0.0
 
2019-05-07T16:09:01,731524206+02:00
57.0139645
9.987170333
0.0396
nan
0.0
 
2019-05-07T16:09:02,118566860+02:00
57.0139645
9.98717
0.09
nan
0.0
 
2019-05-07T16:09:02,524181620+02:00
57.013964333
9.987170167
0.1368
nan
0.0
 
2019-05-07T16:09:02,925995676+02:00
57.013964333
9.9871695
0.1152
nan
0.0
 
2019-05-07T16:09:03,319591561+02:00
57.013964333
9.987169333
0.0864
nan
0.0
 
2019-05-07T16:09:03,722949018+02:00
57.013964333
9.987169167
0.018
nan
0.0
 
2019-05-07T16:09:04,112225867+02:00
57.0139645
9.987168667
0.0468
nan
0.0
 
2019-05-07T16:09:05,319583940+02:00
57.013964333
9.987167833
0.162
24.2
nan
 
2019-05-07T16:09:05,916102127+02:00
57.013964833
9.987167
0.1332
nan
0.0
 
2019-05-07T16:09:06,328790850+02:00
57.0139655
9.987166
0.288
nan
0.0
 
2019-05-07T16:09:06,716616451+02:00
57.013966167
9.987165667
0.2736
nan
0.0
 
2019-05-07T16:09:07,121535009+02:00
57.0139665
9.987165333
0.1476
nan
0.0
 
2019-05-07T16:09:07,511753470+02:00
57.013966833
9.987165167
0.09
nan
0.0
 
2019-05-07T16:09:07,906814985+02:00
57.013967
9.987164667
0.0792
nan
0.0
 
2019-05-07T16:09:08,146923301+02:00
57.013967333
9.987164333
0.1332
nan
0.0
 
2019-05-07T16:09:08,518959089+02:00
57.013968
9.987164333
0.0684
nan
0.0
 
2019-05-07T16:09:08,918376055+02:00
57.013968
9.987164167
0.2196
nan
0.0
 
2019-05-07T16:09:09,335541419+02:00
57.013968833
9.987163667
0.126
nan
0.0
 
2019-05-07T16:09:09,913394088+02:00
57.013969667
9.987162833
0.0216
nan
0.0
 
2019-05-07T16:09:10,139066872+02:00
57.013969667
9.987162667
0.0864
nan
0.0
 
2019-05-07T16:09:10,533669789+02:00
57.01397
9.987161833
0.1116
nan
0.0
 
2019-05-07T16:09:10,925885165+02:00
57.0139705
9.9871615
0.018
nan
0.0
 
2019-05-07T16:09:11,326898952+02:00
57.0139715
9.987160667
0.2628
nan
0.0
 
2019-05-07T16:09:11,720616374+02:00
57.013972167
9.987160333
0.072
nan
0.0
 
2019-05-07T16:09:12,121902653+02:00
57.013972667
9.987159667
0.0612
nan
0.0
 
2019-05-07T16:09:12,714751130+02:00
57.013974
9.987159167
0.0828
nan
0.0
 
2019-05-07T16:09:13,120271681+02:00
57.013974833
9.9871585
0.1188
nan
0.0
 
2019-05-07T16:09:13,519470742+02:00
57.013975667
9.987158
0.072
nan
0.0
 
2019-05-07T16:09:13,916214542+02:00
57.013976333
9.987157333
0.0756
nan
0.0
 
2019-05-07T16:09:14,318310543+02:00
57.013977333
9.987156667
0.0468
nan
0.0
 
2019-05-07T16:09:14,718991930+02:00
57.0139785
9.987155833
0.1152
nan
0.0
 
2019-05-07T16:09:15,115516249+02:00
57.0139795
9.987155333
0.1224
nan
0.0
 
2019-05-07T16:09:15,511153588+02:00
57.0139805
9.987154667
0.0828
nan
0.0
 
2019-05-07T16:09:15,921105797+02:00
57.013981333
9.987153667
0.198
nan
0.0
 
2019-05-07T16:09:16,543814994+02:00
57.013982833
9.987152667
0.0576
nan
0.0
 
2019-05-07T16:09:17,118940563+02:00
57.013984167
9.987151833
0.1116
nan
0.0
 
2019-05-07T16:09:17,512161581+02:00
57.013985167
9.987151167
0.1116
nan
0.0
 
2019-05-07T16:09:18,119953358+02:00
57.013987
9.987151167
0.1944
nan
0.0
 
2019-05-07T16:09:18,524028863+02:00
57.013987833
9.987150833
0.1476
nan
0.0
 
2019-05-07T16:09:18,948024228+02:00
57.013988167
9.987151333
0.108
nan
0.0
 
2019-05-07T16:09:19,322565815+02:00
57.013988667
9.987151167
0.1116
nan
0.0
 
2019-05-07T16:09:19,756792258+02:00
57.013989333
9.987151333
0.216
nan
0.0
 
2019-05-07T16:09:20,112510333+02:00
57.0139895
9.987151333
0.054
nan
0.0
 
2019-05-07T16:09:20,525761268+02:00
57.013989833
9.987151167
0.0936
nan
0.0
 
2019-05-07T16:09:20,913354370+02:00
57.013990333
9.987150667
0.1044
nan
0.0
 
2019-05-07T16:09:21,323159965+02:00
57.013990833
9.987150333
0.0576
nan
0.0
 
2019-05-07T16:09:21,933404181+02:00
57.013991833
9.98715
0.0612
nan
0.0
 
2019-05-07T16:09:22,317272127+02:00
57.013992333
9.98715
0.1116
nan
0.0
 
2019-05-07T16:09:22,920879766+02:00
57.013993667
9.987150333
0.1044
nan
0.0
 
2019-05-07T16:09:23,527839752+02:00
57.013994833
9.987150167
0.1656
nan
0.0
 
2019-05-07T16:09:23,916667431+02:00
57.013995333
9.9871505
0.1044
nan
0.0
 
2019-05-07T16:09:24,176037858+02:00
57.013995333
9.9871505
0.1476
nan
0.0
 
2019-05-07T16:09:24,524834033+02:00
57.013996
9.987150667
0.0828
nan
0.0
 
2019-05-07T16:09:24,935748347+02:00
57.0139965
9.987151
0.09
nan
0.0
 
2019-05-07T16:09:25,324345442+02:00
57.013997333
9.987151333
0.1872
nan
0.0
 
2019-05-07T16:09:25,927664292+02:00
57.0139985
9.9871515
0.0612
nan
0.0
 
2019-05-07T16:09:26,330666212+02:00
57.013999
9.987152
0.1872
nan
0.0
 
2019-05-07T16:09:26,547158975+02:00
57.013999
9.987152167
0.198
nan
0.0
 
2019-05-07T16:09:26,931912207+02:00
57.013999333
9.987152667
0.108
nan
0.0
 
2019-05-07T16:09:27,322704915+02:00
57.013999833
9.987153333
0.1404
nan
0.0
 
2019-05-07T16:09:27,716785104+02:00
57.014000167
9.987154667
0.4536
nan
0.0
 
2019-05-07T16:09:28,331895242+02:00
57.013998667
9.987156167
0.7668
nan
0.0
 
2019-05-07T16:09:28,520365890+02:00
57.013998667
9.9871565
0.3528
nan
0.0
 
2019-05-07T16:09:28,923040071+02:00
57.0139985
9.987157333
0.1548
nan
0.0
 
2019-05-07T16:09:29,321682810+02:00
57.013998667
9.987157333
0.1728
nan
0.0
 
2019-05-07T16:09:29,552083737+02:00
57.013999
9.987157333
0.2232
nan
0.0
 
2019-05-07T16:09:29,936253256+02:00
57.013999167
9.987157333
0.3888
nan
0.0
 
2019-05-07T16:09:30,349312664+02:00
57.013999333
9.987158167
0.2052
nan
0.0
 
2019-05-07T16:09:30,748299685+02:00
57.013999667
9.987158667
0.0072
nan
0.0
 
2019-05-07T16:09:31,326682488+02:00
57.013999833
9.987159
0.0504
nan
0.0
 
2019-05-07T16:09:31,726911499+02:00
57.014
9.987159667
0.1368
nan
0.0
 
2019-05-07T16:09:32,115778491+02:00
57.014000333
9.987160333
0.1044
nan
0.0
 
2019-05-07T16:09:32,318657944+02:00
57.0140005
9.9871605
0.1332
nan
0.0
 
2019-05-07T16:09:32,730294681+02:00
57.014000833
9.987161333
0.0936
nan
0.0
 
2019-05-07T16:09:33,134331937+02:00
57.014001
9.987162
0.1944
nan
0.0
 
2019-05-07T16:09:33,552406066+02:00
57.014001333
9.987162167
0.1368
nan
0.0
 
2019-05-07T16:09:34,132878830+02:00
57.014001667
9.987162333
0.1908
nan
0.0
 
2019-05-07T16:09:34,721048192+02:00
57.014002
9.987163333
0.2016
nan
0.0
 
2019-05-07T16:09:35,124035012+02:00
57.014002
9.9871635
0.1584
nan
0.0
 
2019-05-07T16:09:35,577712932+02:00
57.014002
9.987163833
0.0648
nan
0.0
 
2019-05-07T16:09:35,929912312+02:00
57.014002167
9.987164833
0.3312
nan
0.0
 
2019-05-07T16:09:36,333319282+02:00
57.014002
9.9871655
0.3708
nan
0.0
 
2019-05-07T16:09:36,753161012+02:00
57.014001833
9.987166333
0.3024
nan
0.0
 
2019-05-07T16:09:37,124502613+02:00
57.014001667
9.987166833
0.2052
nan
0.0
 
2019-05-07T16:09:37,517324113+02:00
57.014002
9.987168167
0.18
nan
0.0
 
2019-05-07T16:09:38,122200483+02:00
57.014001667
9.9871705
0.1044
nan
0.0
 
2019-05-07T16:09:38,522949561+02:00
57.014001667
9.987171667
0.252
nan
0.0
 
2019-05-07T16:09:38,727288835+02:00
57.014002
9.987172333
0.2736
nan
0.0
 
2019-05-07T16:09:39,122774476+02:00
57.0140025
9.987173167
0.1548
nan
0.0
 
2019-05-07T16:09:39,554033690+02:00
57.014004
9.9871745
0.4032
nan
0.0
 
2019-05-07T16:09:39,924424090+02:00
57.014004167
9.987175333
0.1872
nan
0.0
 
2019-05-07T16:09:40,330160059+02:00
57.014003667
9.987176667
0.1764
nan
0.0
 
2019-05-07T16:09:40,745780725+02:00
57.014004333
9.987177333
0.2232
nan
0.0
 
2019-05-07T16:09:41,133405094+02:00
57.014004667
9.987178667
0.2412
nan
0.0
 
2019-05-07T16:09:41,520975389+02:00
57.014004667
9.987179667
0.2088
nan
0.0
 
2019-05-07T16:09:41,922548964+02:00
57.014004833
9.987180833
0.216
nan
0.0
 
2019-05-07T16:09:42,325324662+02:00
57.014004333
9.987181667
0.2304
nan
0.0
 
2019-05-07T16:09:42,530952851+02:00
57.014003833
9.987182167
0.3564
nan
0.0
 
2019-05-07T16:09:42,926730287+02:00
57.014004
9.9871835
0.1584
nan
0.0
 
2019-05-07T16:09:43,329476131+02:00
57.014003667
9.987183833
0.234
nan
0.0
 
2019-05-07T16:09:43,923530533+02:00
57.014004
9.987184667
0.1476
nan
0.0
 
2019-05-07T16:09:44,157571671+02:00
57.0140035
9.987184833
0.486
nan
0.0
 
2019-05-07T16:09:44,538200234+02:00
57.014004
9.987184833
0.1476
nan
0.0
 
2019-05-07T16:09:44,956687077+02:00
57.014004167
9.987185
0.0612
nan
0.0
 
2019-05-07T16:09:45,347828110+02:00
57.014004167
9.987185167
0.2088
nan
0.0
 
2019-05-07T16:09:45,740992627+02:00
57.014003667
9.987185333
0.1656
nan
0.0
 
2019-05-07T16:09:46,121537185+02:00
57.014003333
9.987186
0.2808
nan
0.0
 
2019-05-07T16:09:46,533689505+02:00
57.014003
9.987186167
0.2736
nan
0.0
 
2019-05-07T16:09:46,923107054+02:00
57.014002833
9.987186833
0.18
nan
0.0
 
2019-05-07T16:09:47,326175337+02:00
57.014001833
9.9871875
0.6192
nan
0.0
 
2019-05-07T16:09:47,731509455+02:00
57.014001167
9.987189333
0.216
nan
0.0
 
2019-05-07T16:09:48,129938463+02:00
57.014001333
9.987190667
0.1404
nan
0.0
 
2019-05-07T16:09:48,747013019+02:00
57.0140005
9.987192333
0.0612
nan
0.0
 
2019-05-07T16:09:49,129583264+02:00
57.014
9.987193667
0.1836
nan
0.0
 
2019-05-07T16:09:49,548692588+02:00
57.0139995
9.9871935
0.5688
nan
0.0
 
2019-05-07T16:09:49,920818077+02:00
57.013999167
9.987194333
0.3132
nan
0.0
 
2019-05-07T16:09:50,320261581+02:00
57.013998333
9.987195
0.468
nan
0.0
 
2019-05-07T16:09:50,734909072+02:00
57.013998167
9.987196167
0.144
nan
0.0
 
2019-05-07T16:09:51,131818130+02:00
57.013997333
9.987197333
0.3348
nan
0.0
 
2019-05-07T16:09:51,542328771+02:00
57.013997
9.987198167
0.2016
nan
0.0
 
2019-05-07T16:09:51,727377230+02:00
57.013996833
9.9871985
0.0504
nan
0.0
 
2019-05-07T16:09:52,132640787+02:00
57.013996667
9.9871995
0.18
nan
0.0
 
2019-05-07T16:09:52,720549918+02:00
57.013995833
9.987199833
0.1296
nan
0.0
 
2019-05-07T16:09:53,129928094+02:00
57.0139955
9.987201
0.4212
nan
0.0
 
2019-05-07T16:09:53,533375372+02:00
57.0139955
9.987201667
0.2448
nan
0.0
 
2019-05-07T16:09:54,121341885+02:00
57.013995167
9.9872015
0.342
nan
0.0
 
2019-05-07T16:09:54,328096104+02:00
57.013995167
9.987201333
0.1404
nan
0.0
 
2019-05-07T16:09:54,734003729+02:00
57.013994833
9.987201167
0.1836
nan
0.0
 
2019-05-07T16:09:55,324978102+02:00
57.013994
9.987201
0.2124
nan
0.0
 
2019-05-07T16:09:55,730326908+02:00
57.013993833
9.987201
0.0216
nan
0.0
 
2019-05-07T16:09:56,126757461+02:00
57.013993833
9.987201
0.0756
nan
0.0
 
2019-05-07T16:09:56,527956116+02:00
57.013993833
9.9872015
0.234
nan
0.0
 
2019-05-07T16:09:56,945140736+02:00
57.013993833
9.987200333
0.1404
nan
0.0
 
2019-05-07T16:09:57,327217159+02:00
57.013993333
9.987199833
0.1512
nan
0.0
 
2019-05-07T16:09:57,728778538+02:00
57.0139935
9.987199333
0.2448
nan
0.0
 
2019-05-07T16:09:58,127892775+02:00
57.013992833
9.987199
0.09
nan
0.0
 
2019-05-07T16:09:58,529978234+02:00
57.0139925
9.987198167
0.3456
nan
0.0
 
2019-05-07T16:09:58,949473807+02:00
57.013992333
9.987197667
0.1584
nan
0.0
 
2019-05-07T16:09:59,339510026+02:00
57.0139925
9.987196833
0.2196
nan
0.0
 
2019-05-07T16:09:59,757381257+02:00
57.013993
9.987195167
0.1368
nan
0.0
 
2019-05-07T16:10:00,138987812+02:00
57.0139925
9.987194167
0.252
nan
0.0
 
2019-05-07T16:10:00,542704814+02:00
57.013992
9.987192833
0.1008
nan
0.0
 
2019-05-07T16:10:00,945017143+02:00
57.0139915
9.987191667
0.1656
nan
0.0
 
2019-05-07T16:10:01,536666172+02:00
57.013991
9.987190167
0.162
nan
0.0
 
2019-05-07T16:10:01,939939917+02:00
57.013990667
9.987189167
0.1872
nan
0.0
 
2019-05-07T16:10:02,323063597+02:00
57.013990833
9.987188667
0.4572
nan
0.0
 
2019-05-07T16:10:02,729715047+02:00
57.013989
9.987187833
0.3348
nan
0.0
 
2019-05-07T16:10:03,129414038+02:00
57.013987833
9.9871875
0.1836
nan
0.0
 
2019-05-07T16:10:03,522152350+02:00
57.013987
9.987187667
0.2268
nan
0.0
 
2019-05-07T16:10:03,920583679+02:00
57.013986167
9.987187
0.2628
nan
0.0
 
2019-05-07T16:10:04,329362205+02:00
57.013985667
9.987187167
0.162
nan
0.0
 
2019-05-07T16:10:04,728278584+02:00
57.013985167
9.987187667
0.3708
nan
0.0
 
2019-05-07T16:10:05,141698765+02:00
57.013984167
9.987187
0.2196
nan
0.0
 
2019-05-07T16:10:05,521856427+02:00
57.013983
9.987187
0.2664
nan
0.0
 
2019-05-07T16:10:05,924825547+02:00
57.013982833
9.9871875
0.3888
nan
0.0
 
2019-05-07T16:10:07,320332012+02:00
57.013982167
9.987186833
0.2808
nan
0.0
 
2019-05-07T16:10:07,540950370+02:00
57.0139825
9.987186333
0.2592
nan
0.0
 
2019-05-07T16:10:07,918450805+02:00
57.0139825
9.987186
0.2052
nan
0.0
 
2019-05-07T16:10:08,523560704+02:00
57.013981833
9.987185667
0.126
nan
0.0
 
2019-05-07T16:10:08,717968780+02:00
57.013982
9.987185167
0.2016
nan
0.0
 
2019-05-07T16:10:08,917112706+02:00
57.013981833
9.987185
0.2916
nan
0.0
 
2019-05-07T16:10:09,143014470+02:00
57.013981833
9.987184833
0.2844
nan
0.0
 
2019-05-07T16:10:09,519497983+02:00
57.0139815
9.987184
0.4212
nan
0.0
 
2019-05-07T16:10:09,718379324+02:00
57.013981167
9.987184167
0.3672
nan
0.0
 
2019-05-07T16:10:10,121445451+02:00
57.013980333
9.987184667
0.288
nan
0.0
 
2019-05-07T16:10:10,323675793+02:00
57.013980667
9.9871845
0.2268
nan
0.0
 
2019-05-07T16:10:10,710596641+02:00
57.013980833
9.9871835
0.2088
nan
0.0
 
2019-05-07T16:10:10,932796848+02:00
57.0139805
9.987183667
0.3348
nan
0.0
 
2019-05-07T16:10:11,136958610+02:00
57.013981
9.987183167
0.0468
nan
0.0
 
2019-05-07T16:10:11,501928561+02:00

 
