
2019-03-12T09:39:51,501188832+01:00
57.013669006
9.987119562
0.0792
16.53
8.9731
 
2019-03-12T09:39:51,700758863+01:00
57.013668921
9.9871194
0.0432
16.512
125.0122
 
2019-03-12T09:39:51,903646349+01:00
57.01366876
9.987119152
0.0
16.536
0.0
 
2019-03-12T09:39:52,104444033+01:00
57.013668761
9.987118799
0.0864
16.547
344.7622
 
2019-03-12T09:39:52,303373245+01:00
57.013668516
9.98711839
0.0288
16.553
11.8563
 
2019-03-12T09:39:52,503807064+01:00
57.01366827
9.98711798
0.1116
16.559
294.4159
 
2019-03-12T09:39:52,703345101+01:00
57.013668099
9.987117598
0.0432
16.559
17.3863
 
2019-03-12T09:39:52,899384752+01:00
57.013667965
9.987117026
0.072
16.581
278.4023
 
2019-03-12T09:39:53,106430523+01:00
57.013667782
9.987116454
0.018
16.594
180.0
 
2019-03-12T09:39:53,305308960+01:00
57.013667659
9.987116073
0.0612
16.603
11.8563
 
2019-03-12T09:39:53,506090328+01:00
57.013667463
9.987115663
0.0468
16.617
320.1323
 
2019-03-12T09:39:53,699992865+01:00
57.013667328
9.987115444
0.0288
16.627
11.8563
 
2019-03-12T09:39:53,905030417+01:00
57.013667106
9.987115006
0.0756
16.655
301.8759
 
2019-03-12T09:39:54,104033710+01:00
57.013666984
9.987114624
0.0396
16.664
247.9468
 
2019-03-12T09:39:54,303755917+01:00
57.013666836
9.987114214
0.0756
16.687
301.8759
 
2019-03-12T09:39:54,502179016+01:00
57.013666763
9.987113833
0.036
16.704
98.4023
 
2019-03-12T09:39:54,704548187+01:00
57.013666679
9.987113318
0.0972
16.698
349.9591
 
2019-03-12T09:39:54,905918199+01:00
57.013666641
9.987113099
0.0324
16.724
297.7618
 
2019-03-12T09:39:55,106135303+01:00
57.013666667
9.987112775
0.0324
16.723
297.7618
 
2019-03-12T09:39:55,301659064+01:00
57.013666557
9.987112584
0.0504
16.719
333.02
 
2019-03-12T09:39:55,503649142+01:00
57.013666535
9.98711226
0.0756
16.708
347.4056
 
2019-03-12T09:39:55,705781154+01:00
57.013666512
9.987111936
0.0648
16.698
297.7618
 
2019-03-12T09:39:55,903312084+01:00
57.013666464
9.987111583
0.0432
16.702
125.0122
 
2019-03-12T09:39:56,101514692+01:00
57.013666502
9.987111449
0.0108
16.687
31.6227
 
2019-03-12T09:39:56,300933937+01:00
57.013666493
9.987110963
0.0684
16.676
340.46
 
2019-03-12T09:39:56,521570565+01:00
57.013666444
9.98711061
0.0468
16.679
320.1323
 
2019-03-12T09:39:56,722381002+01:00
57.013666348
9.987110257
0.0504
16.674
187.2119
 
2019-03-12T09:39:56,910178125+01:00
57.013666374
9.987109933
0.0504
16.672
7.2119
 
2019-03-12T09:39:57,104356918+01:00
57.013666351
9.987109609
0.0792
16.662
75.9796
 
2019-03-12T09:39:57,503931589+01:00
57.01366639
9.987109123
0.0432
16.659
263.2944
 
2019-03-12T09:39:57,700264587+01:00
57.013666467
9.987108855
0.0504
16.63
7.2119
 
2019-03-12T09:39:58,109745120+01:00
57.013666521
9.987108264
0.0468
16.59
320.1323
 
2019-03-12T09:39:58,323287065+01:00
57.013666621
9.987107968
0.0288
16.583
11.8563
 
2019-03-12T09:39:58,529005835+01:00
57.013666721
9.987107673
0.0432
16.576
305.0122
 
2019-03-12T09:39:58,706736030+01:00
57.01366676
9.987107539
0.0396
16.561
67.9468
 
2019-03-12T09:39:58,900026404+01:00
57.013666786
9.987107215
0.0504
16.559
7.2119
 
2019-03-12T09:39:59,143704377+01:00
57.013666763
9.987106891
0.036
16.549
278.4023
 
2019-03-12T09:39:59,333377424+01:00
57.013666887
9.987106566
0.1008
16.564
7.2119
 
2019-03-12T09:39:59,548659234+01:00
57.013666833
9.987106333
0.0576
17.2
0.0
 
2019-03-12T09:39:59,904764396+01:00
57.013667039
9.987105975
0.0468
16.541
320.1323
 
2019-03-12T09:40:00,113313938+01:00
57.013667003
9.987105813
0.0972
16.531
349.9591
 
2019-03-12T09:40:00,312935032+01:00
57.013667016
9.987105651
0.0288
16.53
11.8563
 
2019-03-12T09:40:00,499841361+01:00
57.013666991
9.987105622
0.0396
16.544
247.9468
 
2019-03-12T09:40:00,702111470+01:00
57.013666965
9.987105594
0.0468
16.558
59.5608
 
2019-03-12T09:40:00,906187023+01:00
57.013666904
9.987105403
0.0108
16.562
31.6227
 
2019-03-12T09:40:01,098433915+01:00
57.013666818
9.987105184
0.0972
16.581
232.8456
 
2019-03-12T09:40:01,301991953+01:00
57.013666793
9.987105155
0.0612
16.594
43.3949
 
2019-03-12T09:40:01,504774013+01:00
57.013666657
9.987104936
0.036
16.604
98.4023
 
2019-03-12T09:40:01,703793547+01:00
57.013666571
9.987104717
0.0288
16.622
191.8563
 
2019-03-12T09:40:01,905149706+01:00
57.013666497
9.987104688
0.036
16.628
98.4023
 
2019-03-12T09:40:02,107884479+01:00
57.013666434
9.987104441
0.0576
16.668
321.4148
 
2019-03-12T09:40:02,313100388+01:00
57.013666273
9.987104193
0.0432
16.691
197.3862
 
2019-03-12T09:40:02,501842818+01:00
57.013666162
9.987103945
0.018
16.723
0.0
 
2019-03-12T09:40:02,707619527+01:00
57.013666001
9.987103697
0.0612
16.747
331.8426
 
2019-03-12T09:40:02,908291856+01:00
57.013665802
9.987103583
0.072
16.785
98.4023
 
2019-03-12T09:40:03,107124331+01:00
57.013665667
9.987103364
0.0432
16.795
305.0122
 
2019-03-12T09:40:03,305140818+01:00
57.013665506
9.987103116
0.0432
16.818
305.0122
 
2019-03-12T09:40:03,510414416+01:00
57.013665307
9.987103002
0.018
16.857
0.0
 
2019-03-12T09:40:03,707089823+01:00
57.013665134
9.987102916
0.018
16.881
0.0
 
2019-03-12T09:40:03,903241839+01:00
57.013665047
9.987102697
0.0432
16.899
305.0122
 
2019-03-12T09:40:04,110124783+01:00
57.013664887
9.987102449
0.0468
16.923
320.1323
 
2019-03-12T09:40:04,310863277+01:00
57.0136648
9.98710223
0.0612
16.941
331.8426
 
2019-03-12T09:40:04,516330673+01:00
57.01366475
9.987102173
0.072
16.968
278.4023
 
2019-03-12T09:40:04,704804587+01:00
57.013664576
9.987102088
0.0432
16.993
83.2944
 
2019-03-12T09:40:04,907900262+01:00
57.013664352
9.987101945
0.0468
17.045
320.1323
 
2019-03-12T09:40:05,108053112+01:00
57.013664153
9.987101831
0.0504
17.083
187.2119
 
2019-03-12T09:40:05,297407293+01:00
57.013663977
9.987101688
0.0612
17.144
331.8426
 
2019-03-12T09:40:05,507197314+01:00
57.013663827
9.987101574
0.072
17.19
98.4023
 
2019-03-12T09:40:05,706532551+01:00
57.013663616
9.987101269
0.0468
17.241
239.5608
 
2019-03-12T09:40:05,909255546+01:00
57.013663392
9.987101126
0.0468
17.293
140.1323
 
2019-03-12T09:40:06,110642888+01:00
57.01366334
9.987101012
0.0792
17.357
338.505
 
2019-03-12T09:40:06,307075585+01:00
57.013663115
9.987100869
0.036
17.408
98.4023
 
2019-03-12T09:40:06,504921806+01:00
57.013662978
9.987100593
0.0792
17.454
338.505
 
2019-03-12T09:40:06,702547172+01:00
57.013662803
9.98710045
0.0756
17.515
67.9468
 
2019-03-12T09:40:06,904619407+01:00
57.013662567
9.987100117
0.0108
17.579
211.6227
 
2019-03-12T09:40:07,107330587+01:00
57.013662453
9.987099812
0.1296
17.647
305.0122
 
2019-03-12T09:40:07,301883121+01:00
57.013662167
9.987099831
0.1044
17.692
104.4771
 
2019-03-12T09:40:07,522380065+01:00
57.013661956
9.987099526
0.0576
17.743
234.1486
 
2019-03-12T09:40:07,707005307+01:00
57.013661806
9.987099412
0.1224
17.789
22.982
 
2019-03-12T09:40:07,909287769+01:00
57.01366162
9.987099136
0.0108
17.827
211.6227
 
2019-03-12T09:40:08,108261317+01:00
57.013661421
9.987099022
0.0468
17.865
140.1323
 
2019-03-12T09:40:08,307389490+01:00
57.01366132
9.987098908
0.0792
17.92
338.505
 
2019-03-12T09:40:08,507268085+01:00
57.01366117
9.987098793
0.0396
17.966
0.0
 
2019-03-12T09:40:08,708466380+01:00
57.013660971
9.987098679
0.0432
18.005
263.2944
 
2019-03-12T09:40:08,907686001+01:00
57.013660883
9.987098403
0.0288
18.059
191.8563
 
2019-03-12T09:40:09,111776533+01:00
57.013660671
9.987098451
0.018
18.098
0.0
 
2019-03-12T09:40:09,507960544+01:00
57.013660335
9.98709806
0.108
18.182
347.5366
 
2019-03-12T09:40:09,705213794+01:00
57.013660159
9.987097918
0.0108
18.242
211.6227
 
2019-03-12T09:40:09,908437512+01:00
57.013659996
9.987097965
0.0756
18.29
33.2078
 
2019-03-12T09:40:10,107916334+01:00
57.013659772
9.987097823
0.0432
18.342
197.3862
 
2019-03-12T09:40:10,311106557+01:00
57.013659609
9.987097871
0.0756
18.389
67.9468
 
2019-03-12T09:40:10,537092439+01:00
57.013659459
9.987097756
0.0684
18.436
5.1748
 
2019-03-12T09:40:10,725636020+01:00
57.013659224
9.98709748
0.0108
18.465
211.6227
 
2019-03-12T09:40:10,916907198+01:00
57.013659099
9.987097394
0.0108
18.498
326.5773
 
2019-03-12T09:40:11,107129754+01:00
57.0136589
9.98709728
0.0756
18.536
130.7571
 
2019-03-12T09:40:11,304525101+01:00
57.013658824
9.987097195
0.0288
18.577
347.8748
 
2019-03-12T09:40:11,510333856+01:00
57.013658651
9.987097109
0.0756
18.601
67.9468
 
2019-03-12T09:40:11,710004288+01:00
57.013658502
9.987097052
0.0108
18.612
211.6227
 
2019-03-12T09:40:11,911991464+01:00
57.013658391
9.987096804
0.0396
18.644
0.0
 
2019-03-12T09:40:12,108103933+01:00
57.01365823
9.987096556
0.0108
18.668
211.6227
 
2019-03-12T09:40:12,317120689+01:00
57.013658105
9.987096471
0.1188
18.701
6.0264
 
2019-03-12T09:40:12,511064524+01:00
57.013657896
9.987096223
0.0288
18.716
191.8563
 
2019-03-12T09:40:12,715760905+01:00
57.013657784
9.987095975
0.0756
18.748
33.2078
 
2019-03-12T09:40:12,937775572+01:00
57.013657659
9.98709589
0.0936
18.78
26.5909
 
2019-03-12T09:40:13,142401248+01:00
57.013657412
9.987095775
0.0324
18.81
117.7617
 
2019-03-12T09:40:13,336100036+01:00
57.013657213
9.987095661
0.0504
18.848
46.2311
 
2019-03-12T09:40:13,709232463+01:00
57.013657023
9.987095624
0.0972
18.946
52.8456
 
2019-03-12T09:40:13,909678060+01:00
57.013656947
9.987095538
0.0504
18.987
7.2119
 
2019-03-12T09:40:14,106071660+01:00
57.013656956
9.987095614
0.0396
19.046
67.9468
 
2019-03-12T09:40:14,319012870+01:00
57.013656816
9.987095634
0.0828
19.116
220.0847
 
2019-03-12T09:40:14,534003484+01:00
57.013656776
9.98709571
0.0684
19.166
5.1748
 
2019-03-12T09:40:14,709636938+01:00
57.013656698
9.98709592
0.0108
19.231
211.6227
 
2019-03-12T09:40:14,904994534+01:00
57.013656706
9.987095997
0.0576
19.29
321.4148
 
2019-03-12T09:40:15,109020237+01:00
57.013656592
9.987096045
0.0756
19.346
130.7571
 
2019-03-12T09:40:15,313089476+01:00
57.013656601
9.987096121
0.126
19.405
38.3077
 
2019-03-12T09:40:15,524526753+01:00
57.013656525
9.987096035
0.072
19.447
331.0284
 
2019-03-12T09:40:15,709238291+01:00
57.013656362
9.987096083
0.0684
19.494
107.6806
 
2019-03-12T09:40:15,908523053+01:00
57.013656347
9.987096188
0.0648
19.531
33.5017
 
2019-03-12T09:40:16,110195415+01:00
57.013656221
9.987096046
0.0252
19.6
211.6227
 
2019-03-12T09:40:16,309024740+01:00
57.013656158
9.987095798
0.0504
19.64
46.2311
 
2019-03-12T09:40:16,524186295+01:00
57.013656118
9.987095874
0.0288
19.691
81.773
 
2019-03-12T09:40:16,725014199+01:00
57.013656091
9.987095789
0.1692
19.74
6.376
 
2019-03-12T09:40:16,912115426+01:00
57.01365599
9.987095675
0.0756
19.795
270.2483
 
2019-03-12T09:40:17,112730652+01:00
57.013655901
9.987095751
0.0468
19.837
239.5608
 
2019-03-12T09:40:17,321579555+01:00
57.01365591
9.987095828
0.018
19.896
0.0
 
2019-03-12T09:40:17,513898328+01:00
57.013655908
9.98709577
0.0684
19.932
5.1748
 
2019-03-12T09:40:17,725784540+01:00
57.013655794
9.987095818
0.072
19.988
221.4717
 
2019-03-12T09:40:17,944496582+01:00
57.013655741
9.987096057
0.0972
20.04
52.8456
 
2019-03-12T09:40:18,145456394+01:00
57.013655724
9.987096105
0.0432
20.112
289.4161
 
2019-03-12T09:40:18,311073421+01:00
57.013655671
9.987096343
0.0504
20.164
46.2311
 
2019-03-12T09:40:18,512382768+01:00
57.013655656
9.987096448
0.0396
20.201
0.0
 
2019-03-12T09:40:18,714742474+01:00
57.013655567
9.987096525
0.0684
20.243
107.6806
 
2019-03-12T09:40:18,911539999+01:00
57.013655527
9.987096601
0.0108
20.294
326.5773
 
2019-03-12T09:40:19,126994440+01:00
57.013655587
9.987096735
0.09
20.325
4.0336
 
2019-03-12T09:40:19,323192779+01:00
57.013655536
9.987096678
0.0756
20.353
167.4055
 
2019-03-12T09:40:19,531876866+01:00
57.013655473
9.987096783
0.0828
20.381
25.8548
 
2019-03-12T09:40:19,735058362+01:00
57.013655458
9.987096888
0.108
20.418
44.6632
 
2019-03-12T09:40:19,909444797+01:00
57.013655432
9.987096859
0.0252
20.432
211.6227
 
2019-03-12T09:40:20,115323419+01:00
57.013655418
9.987096964
0.0108
20.468
266.8872
 
2019-03-12T09:40:20,326187130+01:00
57.01365533
9.987097098
0.1152
20.475
67.9468
 
2019-03-12T09:40:20,506552111+01:00
57.01365528
9.987097041
0.0792
20.502
0.0
 
2019-03-12T09:40:20,713189607+01:00
57.013655157
9.987097012
0.0828
20.499
220.0848
 
2019-03-12T09:40:20,928031172+01:00
57.013655118
9.987097146
0.0504
20.514
46.2311
 
2019-03-12T09:40:21,129818912+01:00
57.013655032
9.987096927
0.0972
20.532
342.6982
 
2019-03-12T09:40:21,321042290+01:00
57.013654958
9.987096898
0.0396
20.537
0.0
 
2019-03-12T09:40:21,526738242+01:00
57.013654933
9.98709687
0.0648
20.551
33.5017
 
2019-03-12T09:40:21,712654852+01:00
57.013654907
9.987096841
0.0396
20.565
0.0
 
2019-03-12T09:40:21,908950966+01:00
57.013654871
9.987096679
0.1008
20.556
7.2119
 
2019-03-12T09:40:22,115261856+01:00
57.013654808
9.987096784
0.0108
20.584
211.6227
 
2019-03-12T09:40:22,310610137+01:00
57.013654721
9.987096917
0.0504
20.59
153.0199
 
2019-03-12T09:40:22,510481893+01:00
57.013654721
9.987096917
0.0792
20.59
338.505
 
2019-03-12T09:40:22,723508236+01:00
57.013654769
9.987096917
0.0756
20.599
33.2078
 
2019-03-12T09:40:22,932066342+01:00
57.013654695
9.987096889
0.0684
20.604
160.46
 
2019-03-12T09:40:23,136727139+01:00
57.013654734
9.987096755
0.1224
20.589
22.982
 
2019-03-12T09:40:23,342181569+01:00
57.013654698
9.987096593
0.0108
20.58
326.5773
 
2019-03-12T09:40:23,539473441+01:00
57.013654736
9.98709646
0.0108
20.565
326.5773
 
2019-03-12T09:40:23,710424493+01:00
57.013654713
9.987096135
0.0576
20.555
234.1486
 
2019-03-12T09:40:23,913999048+01:00
57.013654713
9.987096135
0.108
20.555
44.6632
 
2019-03-12T09:40:24,108011837+01:00
57.013654862
9.987096193
0.1188
20.544
6.0264
 
2019-03-12T09:40:24,315170224+01:00
57.013654836
9.987096164
0.0648
20.558
90.8979
 
2019-03-12T09:40:24,528907417+01:00
57.013654913
9.987095897
0.1188
20.529
297.3052
 
2019-03-12T09:40:24,913025222+01:00
57.013654938
9.987095925
0.072
20.515
82.6664
 
2019-03-12T09:40:25,132973268+01:00
57.013655
9.987095763
0.0792
20.522
338.505
 
2019-03-12T09:40:25,342655626+01:00
57.013654965
9.987095601
0.0864
20.513
243.2635
 
2019-03-12T09:40:25,512323525+01:00
57.013655039
9.98709563
0.036
20.508
98.4023
 
2019-03-12T09:40:25,716663993+01:00
57.013655175
9.987095496
0.0
20.51
0.0
 
2019-03-12T09:40:25,911321091+01:00
57.013655224
9.987095496
0.0396
20.518
67.9468
 
2019-03-12T09:40:26,110325246+01:00
57.013655347
9.987095525
0.0504
20.521
7.2119
 
2019-03-12T09:40:26,327273755+01:00
57.013655421
9.987095553
0.0
20.516
0.0
 
2019-03-12T09:40:26,536190849+01:00
57.013655557
9.98709542
0.09
20.518
320.1323
 
2019-03-12T09:40:26,712853219+01:00
57.013655655
9.98709542
0.0756
20.535
121.8759
 
2019-03-12T09:40:26,915836116+01:00
57.01365568
9.987095448
0.072
20.521
278.4023
 
2019-03-12T09:40:27,118501284+01:00
57.013655729
9.987095448
0.0864
20.529
63.2635
 
2019-03-12T09:40:27,309778838+01:00
57.013655852
9.987095477
0.0864
20.532
344.7621
 
2019-03-12T09:40:27,517617792+01:00
57.01365595
9.987095477
0.0504
20.549
187.2119
 
2019-03-12T09:40:27,747105974+01:00
57.013655975
9.987095505
0.0504
20.535
187.2119
 
2019-03-12T09:40:28,115186808+01:00
57.013656208
9.987095725
0.0
20.542
0.0
 
2019-03-12T09:40:28,317898938+01:00
57.013656345
9.987095591
0.0864
20.545
312.7675
 
2019-03-12T09:40:28,708703225+01:00
57.013656514
9.987095915
0.072
20.58
98.4023
 
2019-03-12T09:40:28,914373058+01:00
57.013656686
9.987095944
0.1296
20.591
310.2139
 
2019-03-12T09:40:29,113639566+01:00
57.013656784
9.987095944
0.0288
20.608
191.8563
 
2019-03-12T09:40:29,312159989+01:00
57.013656956
9.987095972
0.0792
20.62
8.9731
 
2019-03-12T09:40:29,517600316+01:00
57.013656966
9.987096106
0.0792
20.643
188.9731
 
2019-03-12T09:40:29,713324189+01:00
57.013657138
9.987096134
0.0612
20.654
331.8426
 
2019-03-12T09:40:29,916831702+01:00
57.013657212
9.987096163
0.0468
20.649
59.5608
 
2019-03-12T09:40:30,150857150+01:00
57.013657333
9.987096167
0.0864
21.3
0.0
 
2019-03-12T09:40:30,312741333+01:00
57.01365741
9.98709622
0.0864
20.646
32.9935
 
2019-03-12T09:40:30,514032101+01:00
57.013657507
9.98709622
0.0468
20.663
320.1323
 
2019-03-12T09:40:30,718610766+01:00
57.013657568
9.987096411
0.0108
20.659
31.6227
 
2019-03-12T09:40:30,911881398+01:00
57.013657604
9.987096573
0.0864
20.668
164.7621
 
2019-03-12T09:40:31,125328082+01:00
57.013657776
9.987096601
0.0972
20.679
169.9591
 
2019-03-12T09:40:31,322900447+01:00
57.013657886
9.987096792
0.1188
20.683
6.0264
 
2019-03-12T09:40:31,516804335+01:00
57.013657824
9.987096954
0.0612
20.676
151.8426
 
2019-03-12T09:40:31,711729636+01:00
57.013657996
9.987096983
0.0612
20.687
331.8426
 
2019-03-12T09:40:31,919446785+01:00
57.013658081
9.987097145
0.0468
20.705
140.1323
 
2019-03-12T09:40:32,110009226+01:00
57.013658191
9.987097335
0.0
20.709
0.0
 
2019-03-12T09:40:32,315692437+01:00
57.013658325
9.987097498
0.0432
20.735
263.2944
 
2019-03-12T09:40:32,511929549+01:00
57.013658409
9.98709766
0.0756
20.753
67.9468
 
2019-03-12T09:40:32,713332644+01:00
57.01365847
9.98709785
0.0504
20.749
7.2119
 
2019-03-12T09:40:32,942763186+01:00
57.013658519
9.98709785
0.0468
20.757
239.5608
 
2019-03-12T09:40:33,114924436+01:00
57.013658655
9.98709807
0.0396
20.747
67.9468
 
2019-03-12T09:40:33,347423971+01:00
57.01365869
9.987098232
0.0108
20.756
211.6227
 
2019-03-12T09:40:33,531495652+01:00
57.013658849
9.987098422
0.0108
20.769
211.6227
 
2019-03-12T09:40:33,723934342+01:00
57.013658885
9.987098584
0.0288
20.778
191.8563
 
2019-03-12T09:40:33,916007204+01:00
57.013659031
9.987098937
0.0864
20.791
32.9935
 
2019-03-12T09:40:34,112052043+01:00
57.013659239
9.987099128
0.036
20.812
278.4023
 
2019-03-12T09:40:34,318143918+01:00
57.01365931
9.987099452
0.036
20.831
278.4023
 
2019-03-12T09:40:34,513847848+01:00
57.013659346
9.987099614
0.072
20.84
41.4717
 
2019-03-12T09:40:34,714012889+01:00
57.013659541
9.987099967
0.0612
20.862
43.3949
 
2019-03-12T09:40:34,911692443+01:00
57.013659577
9.987100129
0.0288
20.871
191.8563
 
2019-03-12T09:40:35,123266917+01:00
57.013659723
9.987100482
0.0432
20.885
305.0122
 
2019-03-12T09:40:35,315924523+01:00
57.013659733
9.987100615
0.0504
20.908
7.2119
 
2019-03-12T09:40:35,516442813+01:00
57.013659879
9.987100968
0.0
20.921
0.0
 
2019-03-12T09:40:35,720532732+01:00
57.013659951
9.987101292
0.0
20.94
0.0
 
2019-03-12T09:40:35,915738303+01:00
57.013659987
9.987101455
0.0792
20.949
188.9731
 
2019-03-12T09:40:36,144180914+01:00
57.013660135
9.987101512
0.018
20.938
0.0
 
2019-03-12T09:40:36,337137944+01:00
57.013660171
9.987101674
0.018
20.948
0.0
 
2019-03-12T09:40:36,515097046+01:00
57.013660378
9.987101864
0.0504
20.968
46.2311
 
2019-03-12T09:40:36,718556972+01:00
57.01366044
9.987102055
0.0108
20.964
211.6227
 
2019-03-12T09:40:36,917309866+01:00
57.013660624
9.987102274
0.0
20.962
0.0
 
2019-03-12T09:40:37,112279065+01:00
57.013660734
9.987102465
0.0612
20.966
331.8426
 
2019-03-12T09:40:37,313505367+01:00
57.01366077
9.987102627
0.0468
20.976
140.1323
 
2019-03-12T09:40:37,525739240+01:00
57.013660918
9.987102684
0.036
20.965
98.4023
 
2019-03-12T09:40:37,713534675+01:00
57.013660954
9.987102846
0.036
20.974
278.4023
 
2019-03-12T09:40:37,916088979+01:00
57.013661064
9.987103037
0.072
20.978
82.6664
 
2019-03-12T09:40:38,114121370+01:00
57.013661076
9.987103228
0.0468
20.966
239.5608
 
2019-03-12T09:40:38,313560757+01:00
57.013661176
9.987103285
0.1548
20.946
342.8692
 
2019-03-12T09:40:38,516066562+01:00
57.013661224
9.987103285
0.036
20.955
278.4023
 
2019-03-12T09:40:38,715432881+01:00
57.013661334
9.987103475
0.0612
20.959
151.8426
 
2019-03-12T09:40:38,915410401+01:00
57.013661419
9.987103637
0.018
20.976
0.0
 
2019-03-12T09:40:39,116543955+01:00
57.013661554
9.987103857
0.0612
20.967
11.8563
 
2019-03-12T09:40:39,316339605+01:00
57.013661664
9.987104047
0.0
20.971
0.0
 
2019-03-12T09:40:39,536288751+01:00
57.013661774
9.987104238
0.0792
20.975
255.9796
 
2019-03-12T09:40:39,727228622+01:00
57.013661849
9.987104267
0.0288
20.969
11.8563
 
2019-03-12T09:40:39,921018744+01:00
57.013661984
9.987104486
0.072
20.96
98.4023
 
2019-03-12T09:40:40,115674880+01:00
57.013662107
9.987104514
0.0468
20.963
320.1323
 
2019-03-12T09:40:40,318583358+01:00
57.013662094
9.987104676
0.0
20.963
0.0
 
2019-03-12T09:40:40,519414713+01:00
57.013662229
9.987104896
0.1116
20.954
9.7663
 
2019-03-12T09:40:40,714488938+01:00
57.013662352
9.987104924
0.0
20.957
0.0
 
2019-03-12T09:40:40,916376128+01:00
57.013662365
9.987105115
0.0612
20.944
151.8426
 
2019-03-12T09:40:41,137855014+01:00
57.013662449
9.987105277
0.0432
20.962
263.2944
 
2019-03-12T09:40:41,316248460+01:00
57.013662475
9.987105306
0.0504
20.948
7.2119
 
2019-03-12T09:40:41,516968975+01:00
57.013662585
9.987105496
0.0504
20.952
7.2119
 
2019-03-12T09:40:41,738921289+01:00
57.013662672
9.987105363
0.0
20.946
0.0
 
2019-03-12T09:40:41,917421036+01:00
57.013662771
9.98710542
0.0396
20.926
67.9468
 
2019-03-12T09:40:42,112970867+01:00
57.013662797
9.987105448
0.0288
20.913
11.8563
 
2019-03-12T09:40:42,353755665+01:00
57.013662833
9.9871055
0.0576
21.6
0.0
 
2019-03-12T09:40:42,512029548+01:00
57.013662994
9.987105505
0.0432
20.91
305.0122
 
2019-03-12T09:40:42,720134918+01:00
57.01366303
9.987105667
0.0684
20.92
160.46
 
2019-03-12T09:40:42,911619260+01:00
57.013663079
9.987105667
0.0396
20.928
67.9468
 
2019-03-12T09:40:43,116844709+01:00
57.013663227
9.987105725
0.0
20.917
0.0
 
2019-03-12T09:40:43,315351354+01:00
57.013663325
9.987105725
0.072
20.934
221.4717
 
2019-03-12T09:40:43,519677569+01:00
57.013663435
9.987105915
0.0396
20.938
67.9468
 
2019-03-12T09:40:43,712627084+01:00
57.01366346
9.987105944
0.0
20.924
0.0
 
2019-03-12T09:40:43,911468062+01:00
57.013663632
9.987105972
0.108
20.936
347.5366
 
2019-03-12T09:40:44,115663957+01:00
57.013663742
9.987106163
0.018
20.94
0.0
 
2019-03-12T09:40:44,334963293+01:00
57.013663852
9.987106354
0.0864
20.944
63.2635
 
2019-03-12T09:40:44,515538651+01:00
57.013663951
9.987106411
0.0468
20.925
239.5608
 
2019-03-12T09:40:44,717535243+01:00
57.013664087
9.98710663
0.0324
20.915
117.7617
 
2019-03-12T09:40:44,916710978+01:00
57.013664235
9.987106687
0.0684
20.904
160.46
 
2019-03-12T09:40:45,116140138+01:00
57.013664396
9.987106935
0.0756
20.881
121.8759
 
2019-03-12T09:40:45,315654718+01:00
57.013664595
9.987107049
0.0288
20.842
191.8563
 
2019-03-12T09:40:45,517623453+01:00
57.01366473
9.987107268
0.0396
20.833
0.0
 
2019-03-12T09:40:45,717014591+01:00
57.013664991
9.98710722
0.1476
20.802
7.2119
 
2019-03-12T09:40:45,920286709+01:00
57.013665016
9.987107249
0.0432
20.788
305.0122
 
2019-03-12T09:40:46,121353772+01:00
57.01366519
9.987107334
0.0288
20.764
11.8563
 
2019-03-12T09:40:46,317088010+01:00
57.013665202
9.987107525
0.0792
20.751
188.9731
 
2019-03-12T09:40:46,520270206+01:00
57.013665376
9.987107611
0.0612
20.726
331.8426
 
2019-03-12T09:40:46,718652608+01:00
57.013665475
9.987107668
0.0
20.707
0.0
 
2019-03-12T09:40:46,916696727+01:00
57.0136656
9.987107753
0.0468
20.674
320.1323
 
2019-03-12T09:40:47,117412253+01:00
57.013665725
9.987107839
0.0612
20.641
151.8426
 
2019-03-12T09:40:47,321158388+01:00
57.01366586
9.987108058
0.0792
20.632
8.9731
 
2019-03-12T09:40:47,520241375+01:00
57.013665998
9.987107982
0.0468
20.598
320.1323
 
2019-03-12T09:40:47,720037187+01:00
57.013666158
9.98710823
0.0108
20.574
31.6227
 
2019-03-12T09:40:47,918602409+01:00
57.013666332
9.987108315
0.0612
20.55
223.3949
 
2019-03-12T09:40:48,151615670+01:00
57.013666457
9.987108401
0.0108
20.517
31.6227
 
2019-03-12T09:40:48,318514263+01:00
57.01366663
9.987108487
0.0972
20.493
59.5608
 
2019-03-12T09:40:48,518523528+01:00
57.01366678
9.987108601
0.1008
20.446
32.8302
 
2019-03-12T09:40:48,734013215+01:00
57.01366688
9.987108658
0.072
20.427
262.6664
 
2019-03-12T09:40:48,918192660+01:00
57.013666979
9.987108715
0.0432
20.408
83.2944
 
2019-03-12T09:40:49,139532148+01:00
57.013667104
9.987108801
0.0396
20.375
247.9468
 
2019-03-12T09:40:49,338835477+01:00
57.013667229
9.987108886
0.0684
20.342
340.46
 
2019-03-12T09:40:49,536783598+01:00
57.013667218
9.987109105
0.0432
20.307
83.2944
 
2019-03-12T09:40:49,753662088+01:00
57.013667379
9.987109
0.09
20.295
11.8563
 
2019-03-12T09:40:49,920081901+01:00
57.013667489
9.987109191
0.0468
20.299
59.5608
 
2019-03-12T09:40:50,118651699+01:00
57.013667591
9.987108952
0.0648
20.256
270.8979
 
2019-03-12T09:40:50,328174593+01:00
57.013667627
9.987109115
0.0612
20.266
151.8426
 
2019-03-12T09:40:50,522564012+01:00
57.013667688
9.987109305
0.0864
20.261
32.9935
 
2019-03-12T09:40:50,726142868+01:00
57.013667762
9.987109334
0.0612
20.256
331.8426
 
2019-03-12T09:40:50,942474937+01:00
57.013667872
9.987109524
0.0756
20.26
112.9826
 
2019-03-12T09:40:51,174012723+01:00

 
2019-03-12T09:40:52,528740672+01:00
57.0137465
9.987143333
0.108
nan
0.0
 
2019-03-12T09:40:52,725927230+01:00
57.013725536
9.98715224
0.1548
20.455
241.6656
 
2019-03-12T09:40:52,928749737+01:00
57.01372299
9.98714742
0.2124
21.378
347.5366
 
2019-03-12T09:40:53,123335318+01:00
57.01371892
9.987152489
0.0684
19.586
5.1748
 
2019-03-12T09:40:53,322579594+01:00
57.013719279
9.987147996
0.1044
19.0
27.1607
 
2019-03-12T09:40:53,554439534+01:00
57.013713276
9.987139597
0.072
18.42
278.4024
 
2019-03-12T09:40:53,723819200+01:00
57.013708677
9.98714323
0.0612
17.871
331.8426
 
2019-03-12T09:40:53,927513684+01:00
57.013712362
9.987140463
0.144
17.926
355.8311
 
2019-03-12T09:40:54,162905356+01:00
57.013713374
9.987134728
0.108
16.756
278.4023
 
2019-03-12T09:40:54,352764073+01:00
57.01371551
9.987133028
0.0432
16.399
17.3863
 
2019-03-12T09:40:54,524861145+01:00
57.01371565
9.987131536
0.018
14.827
180.0
 
2019-03-12T09:40:54,722757878+01:00
57.013715131
9.9871291
0.0396
13.422
247.9468
 
2019-03-12T09:40:54,934116023+01:00
57.013715205
9.9871301
0.144
13.119
355.8311
 
2019-03-12T09:40:55,122897800+01:00
57.013717414
9.987131213
0.1008
12.792
290.9755
 
2019-03-12T09:40:55,332725681+01:00
57.013718245
9.9871292
0.0648
12.41
213.5017
 
2019-03-12T09:40:55,543579189+01:00
57.013717228
9.987126283
0.108
12.496
56.5831
 
2019-03-12T09:40:55,753779274+01:00
57.013715084
9.987124855
0.0324
13.032
297.7618
 
2019-03-12T09:40:55,968749671+01:00
57.013713578
9.987123751
0.0432
13.368
83.2944
 
2019-03-12T09:40:56,168812812+01:00
57.013713
9.987123167
0.1332
14.3
0.0
 
2019-03-12T09:40:56,541647953+01:00
57.013711859
9.987121522
0.0324
13.85
297.7618
 
2019-03-12T09:40:56,729242563+01:00
57.013710641
9.987121218
0.1008
14.045
134.3315
 
2019-03-12T09:40:56,959790630+01:00
57.013710107
9.987121124
0.0972
14.119
326.9162
 
2019-03-12T09:40:57,328749080+01:00
57.013709483
9.987121458
0.072
14.224
41.4717
 
2019-03-12T09:40:57,548688787+01:00
57.013709075
9.987121506
0.018
14.23
180.0
 
2019-03-12T09:40:57,924261701+01:00
57.013708216
9.987121917
0.0612
14.351
11.8563
 
2019-03-12T09:40:58,353239782+01:00
57.013707643
9.987122308
0.108
14.428
278.4023
 
2019-03-12T09:40:58,729891163+01:00
57.013707408
9.987122795
0.0864
14.398
312.7675
 
2019-03-12T09:40:59,134738781+01:00
57.013707056
9.987123215
0.0756
14.495
213.2079
 
2019-03-12T09:40:59,531530504+01:00
57.013706667
9.98712271
0.0756
14.642
112.9826
 
2019-03-12T09:40:59,736146778+01:00
57.013706358
9.987122405
0.0504
14.676
333.02
 
2019-03-12T09:41:00,140960888+01:00
57.013705781
9.987121719
0.1224
14.694
314.2366
 
2019-03-12T09:41:00,528193622+01:00
57.013705136
9.987121434
0.072
14.765
15.0584
 
2019-03-12T09:41:00,771999064+01:00
57.013704889
9.987121319
0.0432
14.794
125.0122
 
2019-03-12T09:41:01,133328799+01:00
57.013704497
9.98712091
0.0504
14.775
333.02
 
2019-03-12T09:41:01,327025261+01:00
57.013704189
9.987120662
0.0684
14.773
185.1748
 
2019-03-12T09:41:01,531922941+01:00
57.013704092
9.987120309
0.0648
14.769
270.898
 
2019-03-12T09:41:01,932120277+01:00
57.013704934
9.987119745
0.0396
14.529
180.0
 
2019-03-12T09:41:02,129634016+01:00
57.013705248
9.987119459
0.1116
14.447
189.7663
 
2019-03-12T09:41:02,544495386+01:00
57.013705654
9.987119563
0.0756
14.238
121.8759
 
2019-03-12T09:41:02,926560048+01:00
57.013706111
9.987119781
0.0684
13.967
160.46
 
2019-03-12T09:41:03,134945087+01:00
57.013706142
9.987119981
0.0612
13.845
191.8563
 
2019-03-12T09:41:03,339982589+01:00
57.013706132
9.987120257
0.0612
13.775
331.8426
 
2019-03-12T09:41:03,575944025+01:00
57.01370621
9.9871204
0.0612
13.698
11.8563
 
2019-03-12T09:41:03,929058764+01:00
57.013706128
9.987120352
0.0972
13.608
326.9162
 
2019-03-12T09:41:04,326565976+01:00
57.013705948
9.987120247
0.1368
13.538
340.46
 
2019-03-12T09:41:04,542628191+01:00
57.013705905
9.987120065
0.0684
13.433
253.9643
 
2019-03-12T09:41:04,730070739+01:00
57.01370581
9.987120179
0.036
13.345
318.0085
 
2019-03-12T09:41:04,927871661+01:00
57.013705705
9.98712016
0.09
13.233
157.0272
 
2019-03-12T09:41:05,133525127+01:00
57.013705486
9.987120189
0.0432
13.178
17.3863
 
2019-03-12T09:41:05,331359907+01:00
57.01370539
9.987120246
0.126
13.125
355.1761
 
2019-03-12T09:41:05,526675605+01:00
57.013705071
9.987120217
0.1404
13.088
199.8717
 
2019-03-12T09:41:05,751268544+01:00
57.013704925
9.987120217
0.0756
13.063
310.7572
 
2019-03-12T09:41:05,933605860+01:00
57.013704755
9.987120246
0.09
13.016
184.0336
 
2019-03-12T09:41:06,134488553+01:00
57.013704697
9.987120169
0.0504
12.949
187.2119
 
2019-03-12T09:41:06,331929773+01:00
57.013704601
9.987120226
0.0468
12.896
320.1323
 
2019-03-12T09:41:06,525834549+01:00
57.01370458
9.987120369
0.0432
12.802
17.3863
 
2019-03-12T09:41:06,725401618+01:00
57.013704533
9.987120426
0.0432
12.758
125.0122
 
2019-03-12T09:41:06,942903362+01:00
57.013704473
9.987120645
0.0288
12.714
11.8563
 
2019-03-12T09:41:07,137769549+01:00
57.013704428
9.98712076
0.072
12.634
41.4717
 
2019-03-12T09:41:07,342234498+01:00
57.013704441
9.987121007
0.0
12.585
0.0
 
2019-03-12T09:41:07,526429959+01:00
57.013704358
9.987121255
0.0504
12.52
333.02
 
2019-03-12T09:41:07,725626249+01:00
57.01370391
9.987121379
0.072
12.576
262.6664
 
2019-03-12T09:41:07,930391047+01:00
57.013703551
9.987121427
0.0828
12.59
40.0848
 
2019-03-12T09:41:08,128022052+01:00
57.013703044
9.987121418
0.108
12.615
224.6632
 
2019-03-12T09:41:08,339162781+01:00
57.013702721
9.987121628
0.09
12.638
70.5776
 
2019-03-12T09:41:08,525787452+01:00
57.013702376
9.987121514
0.0504
12.651
226.2312
 
2019-03-12T09:41:08,728910908+01:00
57.013702066
9.987121562
0.1044
12.674
207.1607
 
2019-03-12T09:41:08,932765932+01:00
57.013701805
9.98712161
0.0612
12.705
11.8563
 
2019-03-12T09:41:09,138379051+01:00
57.01370147
9.987121629
0.1008
12.741
187.2119
 
2019-03-12T09:41:09,331600083+01:00
57.013701358
9.987121734
0.1656
12.761
21.562
 
2019-03-12T09:41:09,527344637+01:00
57.013701097
9.987121782
0.036
12.791
278.4023
 
2019-03-12T09:41:09,739436837+01:00
57.013700738
9.98712183
0.0612
12.805
223.3949
 
2019-03-12T09:41:09,928276179+01:00
57.013700541
9.987121773
0.1224
12.808
11.8563
 
2019-03-12T09:41:10,126375174+01:00
57.013700157
9.987121792
0.0612
12.836
151.8426
 
2019-03-12T09:41:10,330990297+01:00
57.013699847
9.98712184
0.0684
12.858
160.46
 
2019-03-12T09:41:10,529203233+01:00
57.013699427
9.987121698
0.1764
12.876
212.9935
 
2019-03-12T09:41:10,731820977+01:00
57.013699156
9.987121612
0.1296
12.884
8.2983
 
2019-03-12T09:41:10,927552989+01:00
57.013698835
9.987121526
0.0324
12.883
117.7618
 
2019-03-12T09:41:11,125300098+01:00
57.01369854
9.987121469
0.0864
12.869
212.9935
 
2019-03-12T09:41:11,323297430+01:00
57.013698269
9.987121384
0.0324
12.877
117.7618
 
2019-03-12T09:41:11,530265633+01:00
57.013698036
9.987121164
0.0576
12.87
321.4147
 
2019-03-12T09:41:11,729607121+01:00
57.013697716
9.987121079
0.0396
12.869
0.0
 
2019-03-12T09:41:11,925022606+01:00
57.013697482
9.98712086
0.1116
12.862
272.8325
 
2019-03-12T09:41:12,131395174+01:00
57.013697187
9.987120802
0.09
12.848
140.1323
 
2019-03-12T09:41:12,329574401+01:00
57.013696905
9.987120583
0.126
12.832
249.7833
 
2019-03-12T09:41:12,529311462+01:00
57.01369671
9.987120583
0.0612
12.799
43.3949
 
2019-03-12T09:41:12,724401516+01:00
57.013696464
9.987120526
0.0864
12.793
32.9935
 
2019-03-12T09:41:12,931768092+01:00
57.01369617
9.987120116
0.0
12.79
0.0
 
2019-03-12T09:41:13,138184908+01:00
57.013695985
9.987119897
0.036
12.791
278.4023
 
2019-03-12T09:41:13,530197581+01:00
57.013695484
9.987118944
0.0684
12.78
340.46
 
2019-03-12T09:41:13,732297098+01:00
57.013695313
9.987118562
0.0468
12.78
320.1323
 
2019-03-12T09:41:13,949807119+01:00
57.013694995
9.987118181
0.1224
12.756
151.8426
 
2019-03-12T09:41:14,142687880+01:00
57.01369485
9.987117476
0.1152
12.754
262.8987
 
2019-03-12T09:41:14,325487185+01:00
57.01369473
9.987117151
0.0396
12.727
67.9468
 
2019-03-12T09:41:14,527448706+01:00
57.013694499
9.987116636
0.0612
12.696
223.3949
 
2019-03-12T09:41:14,731430598+01:00
57.013694392
9.98711615
0.036
12.668
98.4023
 
2019-03-12T09:41:14,929473167+01:00
57.013694172
9.987115769
0.072
12.66
221.4717
 
2019-03-12T09:41:15,137185515+01:00
57.013694076
9.987115473
0.0792
12.619
8.9731
 
2019-03-12T09:41:15,330406097+01:00
57.013693856
9.987115092
0.018
12.611
0.0
 
2019-03-12T09:41:15,523453874+01:00
57.013693711
9.987114739
0.0468
12.598
140.1323
 
2019-03-12T09:41:15,734240553+01:00
57.01369348
9.987114224
0.0468
12.567
239.5608
 
2019-03-12T09:41:15,927021827+01:00
57.013693285
9.987113871
0.0792
12.545
8.9731
 
2019-03-12T09:41:16,128926571+01:00
57.013692968
9.98711349
0.0756
12.521
301.8759
 
2019-03-12T09:41:16,337609608+01:00
57.013692811
9.987113004
0.09
12.484
320.1323
 
2019-03-12T09:41:16,566205082+01:00
57.013692667
9.987112667
0.0468
13.1
0.0
 
2019-03-12T09:41:16,724530503+01:00
57.013692521
9.987112355
0.108
12.422
50.558
 
2019-03-12T09:41:16,933701672+01:00
57.013692291
9.98711184
0.1764
12.391
212.9935
 
2019-03-12T09:41:17,146146460+01:00
57.013692221
9.987111573
0.1188
12.336
48.7021
 
2019-03-12T09:41:17,339681319+01:00
57.01369194
9.987111001
0.1296
12.333
188.2983
 
2019-03-12T09:41:17,525625261+01:00
57.013691844
9.987110706
0.1584
12.292
8.9731
 
2019-03-12T09:41:17,733245398+01:00
57.013691688
9.987110219
0.036
12.256
278.4023
 
2019-03-12T09:41:17,926647163+01:00
57.013691532
9.987109733
0.0396
12.219
247.9468
 
2019-03-12T09:41:18,137408336+01:00
57.013691375
9.987109247
0.0756
12.183
301.8759
 
2019-03-12T09:41:18,339304227+01:00
57.013691182
9.987108951
0.1512
12.125
117.4039
 
2019-03-12T09:41:18,534640530+01:00
57.013691051
9.987108493
0.108
12.075
326.8803
 
2019-03-12T09:41:18,733460302+01:00
57.013690871
9.987108035
0.0396
12.017
247.9468
 
2019-03-12T09:41:18,934134231+01:00
57.013690666
9.987107549
0.072
11.972
41.4717
 
2019-03-12T09:41:19,130560802+01:00
57.013690435
9.987107034
0.0864
11.941
243.2635
 
2019-03-12T09:41:19,332993338+01:00
57.013690092
9.987106624
0.0612
11.93
151.8426
 
2019-03-12T09:41:19,529489439+01:00
57.013689898
9.987105919
0.0792
11.92
188.9731
 
2019-03-12T09:41:19,737408388+01:00
57.01368953
9.98710548
0.036
11.923
278.4023
 
2019-03-12T09:41:19,939048917+01:00
57.013689149
9.987104851
0.0
11.938
0.0
 
2019-03-12T09:41:20,137864100+01:00
57.013688843
9.987104251
0.0288
11.949
191.8563
 
2019-03-12T09:41:20,333124747+01:00
57.013688289
9.987103536
0.2484
11.989
215.4609
 
2019-03-12T09:41:20,537606975+01:00
57.01368792
9.987103097
0.0468
11.991
59.5608
 
2019-03-12T09:41:20,738845055+01:00
57.013687602
9.987102306
0.072
12.014
278.4023
 
2019-03-12T09:41:20,929958581+01:00
57.013687285
9.987101572
0.0612
12.002
331.8426
 
2019-03-12T09:41:21,140184685+01:00
57.013686965
9.987101134
0.0864
12.013
243.2635
 
2019-03-12T09:41:21,338591081+01:00
57.013686733
9.987100562
0.0792
12.018
8.9731
 
2019-03-12T09:41:21,556938258+01:00
57.013686426
9.987099961
0.0324
12.028
297.7618
 
2019-03-12T09:41:21,733945325+01:00
57.013686095
9.987099332
0.1368
12.052
320.1323
 
2019-03-12T09:41:21,936479562+01:00
57.01368575
9.987098865
0.0396
12.077
247.9468
 
2019-03-12T09:41:22,136139453+01:00
57.013685395
9.987098265
0.0504
12.079
187.2119
 
2019-03-12T09:41:22,327864742+01:00
57.013685224
9.987097883
0.0468
12.079
59.5608
 
2019-03-12T09:41:22,537325446+01:00
57.013684929
9.987097473
0.0
12.076
0.0
 
2019-03-12T09:41:22,754286244+01:00
57.013684625
9.98709693
0.0396
12.051
247.9468
 
2019-03-12T09:41:22,940794037+01:00
57.013684405
9.987096549
0.018
12.043
180.0
 
2019-03-12T09:41:23,149104720+01:00
57.013684062
9.987096139
0.0
12.032
0.0
 
2019-03-12T09:41:23,333759482+01:00
57.013683767
9.987095729
0.0792
12.029
75.9796
 
2019-03-12T09:41:23,535047549+01:00
57.013683412
9.987095128
0.0792
12.031
188.9731
 
2019-03-12T09:41:23,749422599+01:00
57.013683156
9.987094585
0.0504
12.014
7.2119
 
2019-03-12T09:41:23,933503657+01:00
57.013682862
9.987094175
0.0468
12.011
140.1323
 
2019-03-12T09:41:24,141022607+01:00
57.013682508
9.987093632
0.0
11.977
0.0
 
2019-03-12T09:41:24,537387113+01:00
57.013682046
9.987092545
0.1116
11.951
294.4159
 
2019-03-12T09:41:24,734683448+01:00
57.013681777
9.987092164
0.0864
11.935
32.9935
 
2019-03-12T09:41:24,945969663+01:00
57.013681447
9.987091592
0.036
11.923
278.4023
 
2019-03-12T09:41:25,140498379+01:00
57.013681129
9.98709121
0.018
11.898
180.0
 
2019-03-12T09:41:25,334299367+01:00
57.013680934
9.987090857
0.1152
11.876
27.6147
 
2019-03-12T09:41:25,536655534+01:00
57.013680555
9.987090285
0.0756
11.856
213.2079
 
2019-03-12T09:41:25,734337439+01:00
57.013680422
9.987089771
0.0756
11.842
301.8759
 
2019-03-12T09:41:25,947992850+01:00
57.013680154
9.987089389
0.0108
11.826
31.6226
 
2019-03-12T09:41:26,161397411+01:00
57.013679908
9.987088979
0.072
11.831
98.4023
 
2019-03-12T09:41:26,365429090+01:00
57.013679762
9.987088627
0.1404
11.818
10.2173
 
2019-03-12T09:41:26,531797365+01:00
57.013679481
9.987088055
0.108
11.814
267.906
 
2019-03-12T09:41:26,943831527+01:00
57.013679088
9.987087235
0.108
11.843
326.8803
 
2019-03-12T09:41:27,135970943+01:00
57.013678769
9.987086796
0.036
11.854
98.4023
 
2019-03-12T09:41:27,355443235+01:00
57.013678573
9.987086387
0.0864
11.868
164.7621
 
2019-03-12T09:41:27,556546019+01:00
57.013678463
9.987085843
0.0504
11.876
7.2119
 
2019-03-12T09:41:27,757010746+01:00
57.013678206
9.987085243
0.1152
11.895
207.6147
 
2019-03-12T09:41:27,940018940+01:00
57.013678109
9.98708489
0.1332
11.89
23.7437
 
2019-03-12T09:41:28,133088847+01:00
57.013677912
9.98708448
0.0612
11.904
191.8563
 
2019-03-12T09:41:28,332168246+01:00
57.01367779
9.987084099
0.108
11.913
87.906
 
2019-03-12T09:41:28,543061877+01:00
57.013677693
9.987083746
0.108
11.908
347.5366
 
2019-03-12T09:41:28,742103541+01:00
57.013677448
9.987083336
0.0504
11.914
7.2119
 
2019-03-12T09:41:28,945070209+01:00
57.013677375
9.987082955
0.0756
11.931
292.9826
 
2019-03-12T09:41:29,132340489+01:00
57.01367719
9.987082735
0.0612
11.932
151.8426
 
2019-03-12T09:41:29,334960072+01:00
57.013677068
9.987082354
0.072
11.941
278.4023
 
2019-03-12T09:41:29,534350502+01:00
57.013677056
9.987082164
0.0288
11.954
11.8563
 
2019-03-12T09:41:29,738121606+01:00
57.013676846
9.987081916
0.0504
11.969
187.2119
 
2019-03-12T09:41:29,951630192+01:00
57.01367676
9.987081697
0.108
11.987
326.8802
 
2019-03-12T09:41:30,133962538+01:00
57.013676674
9.987081477
0.0612
12.005
331.8426
 
2019-03-12T09:41:30,340828820+01:00
57.013676538
9.987081258
0.0108
12.015
31.6226
 
2019-03-12T09:41:30,539266305+01:00
57.013676526
9.987081067
0.0756
12.028
301.8759
 
2019-03-12T09:41:30,733699732+01:00
57.013676414
9.98708082
0.072
12.06
98.4023
 
2019-03-12T09:41:30,950320990+01:00
57.013676279
9.9870806
0.0612
12.07
223.3949
 
2019-03-12T09:41:31,153812661+01:00
57.013676193
9.987080381
0.0288
12.088
191.8563
 
2019-03-12T09:41:31,343671834+01:00
57.013676219
9.987080057
0.0504
12.086
46.2311
 
2019-03-12T09:41:31,541586313+01:00
57.013676167
9.987079667
0.0468
12.8
0.0
 
2019-03-12T09:41:31,743900968+01:00
57.013676197
9.98707938
0.0612
12.088
331.8426
 
2019-03-12T09:41:31,944617297+01:00
57.013676185
9.987079189
0.1044
12.1
27.1607
 
2019-03-12T09:41:32,139284622+01:00
57.013676147
9.98707897
0.0468
12.127
140.1323
 
2019-03-12T09:41:32,343874722+01:00
57.013676123
9.987078589
0.0468
12.153
239.5608
 
2019-03-12T09:41:32,559541555+01:00
57.013676245
9.987078208
0.0252
12.203
211.6226
 
2019-03-12T09:41:32,740383077+01:00
57.013676282
9.987078017
0.108
12.225
347.5366
 
2019-03-12T09:41:32,951399917+01:00
57.01367644
9.987077798
0.018
12.285
0.0
 
2019-03-12T09:41:33,137665846+01:00
57.013676487
9.987077741
0.0792
12.329
8.9731
 
2019-03-12T09:41:33,336593567+01:00
57.013676558
9.987077655
0.0324
12.395
117.7617
 
2019-03-12T09:41:33,555994285+01:00
57.013676692
9.987077464
0.1008
12.433
7.2119
 
2019-03-12T09:41:33,745928252+01:00
57.01367675
9.987077541
0.018
12.501
0.0
 
2019-03-12T09:41:33,937332857+01:00
57.013676882
9.987077646
0.0324
12.563
117.7617
 
2019-03-12T09:41:34,146090270+01:00
57.013677027
9.987077589
0.1296
12.624
310.2139
 
2019-03-12T09:41:34,338373291+01:00
57.013677146
9.987077503
0.0432
12.699
263.2944
 
2019-03-12T09:41:34,545870551+01:00
57.013677253
9.98707758
0.0972
12.774
146.9162
 
2019-03-12T09:41:34,737971368+01:00
57.013677497
9.98707758
0.1224
12.816
22.982
 
2019-03-12T09:41:34,945225398+01:00
57.013677653
9.987077656
0.0504
12.9
153.0199
 
2019-03-12T09:41:35,140609913+01:00
57.01367776
9.987077732
0.09
12.976
4.0336
 
2019-03-12T09:41:35,374248695+01:00
57.013677915
9.987077809
0.054
13.06
309.4378
 
2019-03-12T09:41:35,561633116+01:00
57.013678047
9.987077914
0.1188
13.122
6.0264
 
2019-03-12T09:41:35,741006595+01:00
57.013678326
9.987078019
0.0288
13.209
81.773
 
2019-03-12T09:41:35,941083769+01:00
57.013678443
9.987078229
0.072
13.308
230.4277
 
2019-03-12T09:41:36,137823245+01:00
57.013678757
9.987078496
0.036
13.405
50.8009
 
2019-03-12T09:41:36,342690997+01:00
57.01367901
9.987078925
0.1152
13.494
67.9468
 
2019-03-12T09:41:36,544623946+01:00
57.013679263
9.987079002
0.0468
13.595
275.4308
 
2019-03-12T09:41:36,744884375+01:00
57.013679502
9.987079593
0.1692
13.685
29.5664
 
2019-03-12T09:41:36,944682540+01:00
57.013679609
9.98707967
0.0828
13.76
197.3862
 
2019-03-12T09:41:37,144996532+01:00
57.013679851
9.987079965
0.0972
13.826
46.2311
 
2019-03-12T09:41:37,345076524+01:00
57.013680044
9.987080261
0.126
13.884
38.3078
 
2019-03-12T09:41:37,545449680+01:00
57.013680212
9.987080528
0.0864
13.955
297.1313
 
2019-03-12T09:41:37,743668976+01:00
57.01368043
9.987080852
0.0396
13.999
0.0
 
2019-03-12T09:41:37,943078846+01:00
57.013680598
9.98708112
0.0252
14.07
211.6226
 
2019-03-12T09:41:38,175490024+01:00
57.013680914
9.987081444
0.126
14.131
349.4661
 
2019-03-12T09:41:38,362870124+01:00
57.01368123
9.987081768
0.0108
14.192
326.5772
 
2019-03-12T09:41:38,543743541+01:00
57.013681533
9.987082254
0.0648
14.253
33.5017
 
2019-03-12T09:41:38,744465460+01:00
57.0136818
9.987082579
0.0288
14.305
81.773
 
2019-03-12T09:41:38,938280960+01:00
57.013682127
9.987083036
0.0108
14.389
326.5772
 
2019-03-12T09:41:39,141054735+01:00
57.013682553
9.987083551
0.1116
14.454
22.0588
 
2019-03-12T09:41:39,345940157+01:00
57.013682782
9.987084009
0.0288
14.521
81.773
 
2019-03-12T09:41:39,542567641+01:00
57.013683083
9.987084438
0.036
14.618
50.801
 
2019-03-12T09:41:39,742009387+01:00
57.01368346
9.987084953
0.0576
14.674
0.0
 
2019-03-12T09:41:39,947507263+01:00
57.013683825
9.987085277
0.0288
14.743
347.8748
 
2019-03-12T09:41:40,147595310+01:00
57.013684164
9.987085926
0.0108
14.814
266.8869
 
2019-03-12T09:41:40,340043908+01:00
57.01368459
9.987086441
0.1332
14.879
52.2726
 
2019-03-12T09:41:40,547559680+01:00
57.013684917
9.987086899
0.0936
14.962
199.1496
 
2019-03-12T09:41:40,749910087+01:00
57.013685379
9.987087576
0.216
15.036
33.295
 
2019-03-12T09:41:40,976965443+01:00
57.013685705
9.987088033
0.0216
15.12
239.989
 
2019-03-12T09:41:41,148579422+01:00
57.013686093
9.987088682
0.0504
15.199
352.6886
 
2019-03-12T09:41:41,349667593+01:00
57.013686466
9.987089435
0.144
15.315
70.7623
 
2019-03-12T09:41:41,548153198+01:00
57.013686867
9.987089922
0.0972
15.394
300.4339
 
2019-03-12T09:41:41,748237556+01:00
57.013687326
9.987090894
0.144
15.492
70.7623
 
2019-03-12T09:41:41,949316306+01:00
57.013687752
9.987091409
0.0972
15.556
0.0
 
2019-03-12T09:41:42,176161521+01:00
57.013688053
9.987092191
0.0576
15.642
112.1987
 
2019-03-12T09:41:42,372796510+01:00
57.01368843
9.987092706
0.0828
15.698
330.4319
 
2019-03-12T09:41:42,547395576+01:00
57.013688869
9.987093412
0.18
15.75
15.5884
 
2019-03-12T09:41:42,754509445+01:00
57.01368922
9.987094251
0.054
15.808
33.9292
 
2019-03-12T09:41:42,956160344+01:00
57.013689558
9.987094899
0.0252
15.879
59.2144
 
2019-03-12T09:41:43,152634755+01:00
57.013689838
9.987095414
0.0792
15.918
0.0
 
2019-03-12T09:41:43,347782641+01:00
57.013690153
9.987096091
0.0216
15.967
326.5772
 
2019-03-12T09:41:43,547449178+01:00
57.01369042
9.987096768
0.0612
16.007
100.8079
 
2019-03-12T09:41:43,756007305+01:00
57.013690707
9.987097712
0.1296
16.094
90.8979
 
2019-03-12T09:41:43,972891350+01:00
57.013690874
9.987098332
0.0504
16.153
352.6886
 
2019-03-12T09:41:44,149185588+01:00
57.013691002
9.987099086
0.054
16.227
33.9292
 
2019-03-12T09:41:44,351910165+01:00
57.013691208
9.987099572
0.1584
16.272
4.5336
 
2019-03-12T09:41:44,549825740+01:00
57.013691188
9.987100268
0.0108
16.357
266.8869
 
2019-03-12T09:41:44,750503261+01:00
57.013691255
9.987100831
0.0504
16.436
352.6886
 
2019-03-12T09:41:44,952029347+01:00
57.013691361
9.98710126
0.0252
16.499
104.4443
 
2019-03-12T09:41:45,148673352+01:00
57.013691467
9.98710169
0.1584
16.563
4.5336
 
2019-03-12T09:41:45,352360053+01:00
57.01369156
9.987102281
0.036
16.628
50.801
 
2019-03-12T09:41:45,548224180+01:00
57.01369163
9.987102548
0.108
16.683
3.3043
 
2019-03-12T09:41:45,752924310+01:00
57.013691686
9.987102977
0.0288
16.738
347.8747
 
2019-03-12T09:41:45,948655149+01:00
57.013692004
9.987103359
0.1008
16.763
82.4054
 
2019-03-12T09:41:46,151279655+01:00
57.013692273
9.98710374
0.0864
16.779
55.725
 
2019-03-12T09:41:46,355059499+01:00
57.013692456
9.987103902
0.1548
16.814
277.4832
 
2019-03-12T09:41:46,557754597+01:00
57.013692725
9.987104283
0.126
16.83
38.3078
 
2019-03-12T09:41:46,761486815+01:00
57.013692958
9.987104503
0.0864
16.837
55.725
 
2019-03-12T09:41:46,953209067+01:00
57.013693237
9.987105018
0.0252
16.876
104.4443
 
2019-03-12T09:41:47,168336682+01:00
57.013693432
9.98710537
0.09
16.898
4.0336
 
2019-03-12T09:41:47,353759609+01:00
57.013693563
9.987105828
0.036
16.948
50.801
 
2019-03-12T09:41:47,550659739+01:00
57.013693768
9.987106314
0.0684
16.993
73.9642
 
2019-03-12T09:41:47,754248448+01:00
57.013693912
9.98710661
0.0252
17.042
59.2144
 
2019-03-12T09:41:47,952220585+01:00
57.013694118
9.987107096
0.0612
17.087
100.8079
 
2019-03-12T09:41:48,158135035+01:00
57.013694249
9.987107554
0.1116
17.137
22.0588
 
2019-03-12T09:41:48,358944237+01:00
57.013694516
9.987107878
0.0792
17.189
0.0
 
2019-03-12T09:41:48,553107467+01:00
57.01369477
9.987108365
0.0972
17.243
46.2312
 
2019-03-12T09:41:48,756580593+01:00
57.013694988
9.987108689
0.054
17.286
200.5292
 
2019-03-12T09:41:48,955835394+01:00
57.013695217
9.987109147
0.198
17.353
342.6982
 
2019-03-12T09:41:49,153574102+01:00
57.013695471
9.987109633
0.0252
17.406
104.4443
 
2019-03-12T09:41:49,358262344+01:00
57.013695613
9.987110225
0.1008
17.48
153.02
 
2019-03-12T09:41:49,556831821+01:00
57.01369588
9.987110549
0.1116
17.532
39.0129
 
2019-03-12T09:41:49,776705428+01:00
57.01369606
9.987111007
0.054
17.59
264.1186
 
2019-03-12T09:41:50,158595158+01:00
57.013696458
9.987111789
0.1548
17.693
288.6624
 
2019-03-12T09:41:50,355581685+01:00
57.013696723
9.987112408
0.2088
17.769
61.0408
 
2019-03-12T09:41:50,576758462+01:00
57.013696878
9.987112838
0.0684
17.841
322.2723
 
2019-03-12T09:41:50,761371808+01:00
57.013697058
9.987113296
0.108
17.9
3.3043
 
2019-03-12T09:41:50,958550509+01:00
57.013697248
9.987113887
0.0252
17.981
59.2144
 
2019-03-12T09:41:51,154168546+01:00
57.013697428
9.987114345
0.126
18.04
38.3078
 
2019-03-12T09:41:51,349696392+01:00
57.013697721
9.987114697
0.0252
18.078
104.4443
 
2019-03-12T09:41:51,579437669+01:00
57.013698126
9.987114945
0.09
18.097
337.0272
 
2019-03-12T09:41:51,765666096+01:00
57.013698418
9.987115298
0.0972
18.135
0.0
 
2019-03-12T09:41:51,958929630+01:00
57.013698761
9.987115708
0.0684
18.146
73.9643
 
2019-03-12T09:41:52,157861951+01:00
57.013699054
9.987116061
0.1296
18.185
2.7982
 
2019-03-12T09:41:52,352378473+01:00
57.013699272
9.987116385
0.054
18.229
200.5292
 
2019-03-12T09:41:52,557059325+01:00
57.013699552
9.9871169
0.0648
18.268
117.7618
 
2019-03-12T09:41:52,749557247+01:00
57.013699745
9.987117195
0.054
18.326
309.4378
 
2019-03-12T09:41:52,953949811+01:00
57.013699973
9.987117653
0.0972
18.392
46.2312
 
2019-03-12T09:43:05,395120333+01:00
57.013689833
9.9871105
0.1332
34.1
0.0
 
2019-03-12T09:43:05,598365404+01:00
57.013689833
9.987110333
0.0216
34.1
0.0
 
2019-03-12T09:43:05,799680407+01:00
57.013689667
9.9871105
0.1476
34.2
0.0
 
2019-03-12T09:43:05,997803418+01:00
57.013689833
9.987110333
0.072
34.2
0.0
 
2019-03-12T09:43:06,196903960+01:00
57.01369
9.9871105
0.0612
34.2
0.0
 
2019-03-12T09:43:06,412764493+01:00
57.01369
9.987110333
0.0684
34.3
0.0
 
2019-03-12T09:43:06,803672290+01:00
57.013690167
9.987110333
0.09
34.3
0.0
 
2019-03-12T09:43:07,001701915+01:00
57.013690167
9.987110333
0.0072
34.4
0.0
 
2019-03-12T09:43:07,198497519+01:00
57.013690333
9.987110333
0.1368
34.4
0.0
 
2019-03-12T09:43:07,399245696+01:00
57.013690333
9.987110167
0.0576
34.4
0.0
 
2019-03-12T09:43:07,609189993+01:00
57.013690333
9.98711
0.0468
34.5
0.0
 
2019-03-12T09:43:07,821806275+01:00
57.0136905
9.98711
0.1008
34.5
0.0
 
2019-03-12T09:43:08,005105809+01:00
57.0136905
9.98711
0.018
34.5
0.0
 
2019-03-12T09:43:08,198575986+01:00
57.013690667
9.98711
0.09
34.6
0.0
 
2019-03-12T09:43:08,400217193+01:00
57.013690667
9.987109833
0.0756
34.6
0.0
 
2019-03-12T09:43:08,805157452+01:00
57.013690833
9.987109667
0.0252
34.7
0.0
 
2019-03-12T09:43:09,012000062+01:00
57.013691
9.987109833
0.108
34.7
0.0
 
2019-03-12T09:43:09,227554350+01:00
57.013691
9.987109667
0.108
34.7
0.0
 
2019-03-12T09:43:09,402325184+01:00
57.013691
9.987109833
0.0144
34.8
0.0
 
2019-03-12T09:43:09,599104791+01:00
57.013691167
9.987109833
0.0684
34.8
0.0
 
2019-03-12T09:43:09,807826380+01:00
57.013691167
9.987109833
0.0396
34.9
0.0
 
2019-03-12T09:43:10,403371065+01:00
57.0136915
9.987109667
0.054
35.0
0.0
 
2019-03-12T09:43:10,597193806+01:00
57.013691667
9.987109667
0.0216
35.0
0.0
 
2019-03-12T09:43:10,797944789+01:00
57.013691833
9.9871095
0.0432
35.0
0.0
 
2019-03-12T09:43:10,999478493+01:00
57.013692
9.9871095
0.144
35.0
0.0
 
2019-03-12T09:43:11,197750538+01:00
57.013692
9.9871095
0.018
35.1
0.0
 
2019-03-12T09:43:11,398387420+01:00
57.013692167
9.987109333
0.0468
35.1
0.0
 
2019-03-12T09:43:11,604440164+01:00
57.013692333
9.987109333
0.0108
35.1
0.0
 
2019-03-12T09:43:12,000590365+01:00
57.013692333
9.987109167
0.1008
nan
0.0
 
2019-03-12T09:43:12,203070030+01:00
57.0136925
9.987109333
0.0828
nan
0.0
 
2019-03-12T09:43:12,399349250+01:00
57.0136925
9.987109167
0.1044
nan
0.0
 
2019-03-12T09:43:12,599050873+01:00
57.013692667
9.987109333
0.1836
nan
0.0
 
2019-03-12T09:43:12,814664862+01:00
57.013692667
9.987109167
0.09
nan
0.0
 
2019-03-12T09:43:13,001080009+01:00
57.013692667
9.987109333
0.0936
nan
0.0
 
2019-03-12T09:43:13,204354227+01:00
57.013692833
9.987109333
0.0468
nan
0.0
 
2019-03-12T09:43:13,406723615+01:00
57.013692833
9.987109167
0.0468
nan
0.0
 
2019-03-12T09:43:13,594977804+01:00
57.013692833
9.987109333
0.108
nan
0.0
 
2019-03-12T09:43:13,802927581+01:00
57.013692833
9.9871095
0.0936
nan
0.0
 
2019-03-12T09:43:13,995236395+01:00
57.013693
9.9871095
0.108
nan
0.0
 
2019-03-12T09:43:14,196927920+01:00
57.013693
9.9871095
0.0468
nan
0.0
 
2019-03-12T09:43:14,396062178+01:00
57.013693167
9.987109667
0.1152
nan
0.0
 
2019-03-12T09:43:14,595047193+01:00
57.013693167
9.987109667
0.0396
nan
0.0
 
2019-03-12T09:43:14,800017754+01:00
57.013693333
9.987109833
0.0324
nan
0.0
 
2019-03-12T09:43:14,996317136+01:00
57.013693333
9.987109833
0.0612
nan
0.0
 
2019-03-12T09:43:15,196106744+01:00
57.0136935
9.987109833
0.0612
nan
0.0
 
2019-03-12T09:43:15,602546170+01:00
57.013693833
9.987109833
0.0216
nan
0.0
 
2019-03-12T09:43:15,797730298+01:00
57.013694
9.98711
0.144
nan
0.0
 
2019-03-12T09:43:15,997079862+01:00
57.013694167
9.987110167
0.054
nan
0.0
 
2019-03-12T09:43:16,205506462+01:00
57.013694167
9.987110167
0.0864
nan
0.0
 
2019-03-12T09:43:16,395306336+01:00
57.013694333
9.987110167
0.0756
nan
0.0
 
2019-03-12T09:43:16,598427775+01:00
57.0136945
9.987110167
0.0396
nan
0.0
 
2019-03-12T09:43:16,792401609+01:00
57.013694667
9.987110167
0.0576
nan
0.0
 
2019-03-12T09:43:17,196134583+01:00
57.013694833
9.987110333
0.0216
nan
0.0
 
2019-03-12T09:43:17,398280759+01:00
57.013695
9.987110667
0.162
nan
0.0
 
2019-03-12T09:43:17,599753447+01:00
57.013695
9.9871105
0.1152
nan
0.0
 
2019-03-12T09:43:17,796686205+01:00
57.013695
9.9871105
0.072
nan
0.0
 
2019-03-12T09:43:17,998441961+01:00
57.013695167
9.9871105
0.0468
nan
0.0
 
2019-03-12T09:43:18,200610688+01:00
57.013695333
9.987110667
0.0576
nan
0.0
 
2019-03-12T09:43:18,397869373+01:00
57.0136955
9.987110833
0.0864
nan
0.0
 
2019-03-12T09:43:18,601040970+01:00
57.0136955
9.987110833
0.0684
nan
0.0
 
2019-03-12T09:43:18,797161407+01:00
57.013695667
9.987111
0.09
nan
0.0
 
2019-03-12T09:43:19,000070631+01:00
57.013695667
9.987111
0.0756
nan
0.0
 
2019-03-12T09:43:19,207330326+01:00
57.013695833
9.987111167
0.054
nan
0.0
 
2019-03-12T09:43:19,429657738+01:00
57.013695833
9.987111167
0.036
nan
0.0
 
2019-03-12T09:43:19,619621101+01:00
57.013695833
9.987111167
0.0504
nan
0.0
 
2019-03-12T09:43:19,805065650+01:00
57.013696
9.987111333
0.108
nan
0.0
 
2019-03-12T09:43:20,009691847+01:00
57.013696
9.9871115
0.0972
nan
0.0
 
2019-03-12T09:43:20,213058998+01:00
57.013696
9.9871115
0.1368
nan
0.0
 
2019-03-12T09:43:20,398950978+01:00
57.013696167
9.987111667
0.0504
nan
0.0
 
2019-03-12T09:43:20,799686221+01:00
57.013696333
9.987112
0.0468
nan
0.0
 
2019-03-12T09:43:20,999747360+01:00
57.013696333
9.987112
0.0972
nan
0.0
 
2019-03-12T09:43:21,202923331+01:00
57.0136965
9.987112
0.0288
nan
0.0
 
2019-03-12T09:43:21,399032072+01:00
57.0136965
9.987112167
0.0864
nan
0.0
 
2019-03-12T09:43:21,605264992+01:00
57.0136965
9.987112167
0.0504
nan
0.0
 
2019-03-12T09:43:21,802085959+01:00
57.013696667
9.987112333
0.0828
nan
0.0
 
2019-03-12T09:43:22,013850491+01:00
57.013696667
9.9871125
0.0072
nan
0.0
 
2019-03-12T09:43:22,396115763+01:00
57.013696667
9.9871125
0.1512
nan
0.0
 
2019-03-12T09:43:22,602747446+01:00
57.013696833
9.987112667
0.0972
nan
0.0
 
2019-03-12T09:43:22,804085076+01:00
57.013697
9.987112667
0.0684
nan
0.0
 
2019-03-12T09:43:23,001601073+01:00
57.013697
9.987112833
0.0396
nan
0.0
 
2019-03-12T09:43:23,208993898+01:00
57.013697
9.987112833
0.072
nan
0.0
 
2019-03-12T09:43:23,405835648+01:00
57.013697167
9.987113
0.0396
nan
0.0
 
2019-03-12T09:43:23,601666176+01:00
57.013697167
9.987113
0.036
nan
0.0
 
2019-03-12T09:43:23,799839228+01:00
57.013697167
9.987112833
0.0972
nan
0.0
 
2019-03-12T09:43:24,001660987+01:00
57.013697
9.9871125
0.0684
nan
0.0
 
2019-03-12T09:43:24,406429243+01:00
57.013696667
9.987112167
0.0756
nan
0.0
 
2019-03-12T09:43:24,626654400+01:00
57.0136965
9.987112
0.0828
nan
0.0
 
2019-03-12T09:43:24,830359674+01:00
57.013696333
9.987111833
0.0828
nan
0.0
 
2019-03-12T09:43:25,004921239+01:00
57.013696
9.9871115
0.1224
nan
0.0
 
2019-03-12T09:43:25,201727080+01:00
57.013695667
9.987111
0.054
nan
0.0
 
2019-03-12T09:43:25,399959783+01:00
57.013695333
9.987110667
0.0288
nan
0.0
 
2019-03-12T09:43:25,610036917+01:00
57.013695
9.987110167
0.0108
nan
0.0
 
2019-03-12T09:43:25,816909401+01:00
57.0136945
9.9871095
0.036
nan
0.0
 
2019-03-12T09:43:26,202480861+01:00
57.013693667
9.987108333
0.0864
nan
0.0
 
2019-03-12T09:43:26,399735069+01:00
57.013693333
9.987107833
0.0576
nan
0.0
 
2019-03-12T09:43:26,612989972+01:00
57.013692833
9.987107167
0.054
nan
0.0
 
2019-03-12T09:43:26,798319340+01:00
57.0136925
9.987106833
0.1152
nan
0.0
 
2019-03-12T09:43:27,001442810+01:00
57.013692
9.987106167
0.0612
nan
0.0
 
2019-03-12T09:43:27,200711912+01:00
57.013691667
9.987105667
0.0828
nan
0.0
 
2019-03-12T09:43:27,603061457+01:00
57.013691
9.987104833
0.108
nan
0.0
 
2019-03-12T09:43:27,797412749+01:00
57.013690667
9.987104333
0.0756
nan
0.0
 
2019-03-12T09:43:28,000561906+01:00
57.013690333
9.987103833
0.0828
nan
0.0
 
2019-03-12T09:43:28,208680655+01:00
57.01369
9.9871035
0.1692
nan
0.0
 
2019-03-12T09:43:28,427816060+01:00
57.0136895
9.987103
0.144
nan
0.0
 
2019-03-12T09:43:28,811178261+01:00
57.013688667
9.987102
0.0432
nan
0.0
 
2019-03-12T09:43:29,204775625+01:00
57.013688
9.987101333
0.0396
nan
0.0
 
2019-03-12T09:43:29,605967629+01:00
57.0136875
9.987100833
0.1188
nan
0.0
 
2019-03-12T09:43:29,811263198+01:00
57.013687167
9.987100333
0.0432
nan
0.0
 
2019-03-12T09:43:30,006410506+01:00
57.013687
9.9871
0.072
nan
0.0
 
2019-03-12T09:43:30,202229144+01:00
57.013686667
9.987099667
0.072
nan
0.0
 
2019-03-12T09:43:30,408989098+01:00
57.013686333
9.9870995
0.0972
nan
0.0
 
2019-03-12T09:43:30,597184789+01:00
57.013686
9.987099
0.0864
nan
0.0
 
2019-03-12T09:43:30,802015779+01:00
57.013685833
9.9870985
0.0468
nan
0.0
 
2019-03-12T09:43:31,005001459+01:00
57.0136855
9.987098
0.0216
nan
0.0
 
2019-03-12T09:43:31,214065443+01:00
57.013685
9.9870975
0.1044
nan
0.0
 
2019-03-12T09:43:31,607035513+01:00
57.013684333
9.9870965
0.0288
nan
0.0
 
2019-03-12T09:43:31,802370487+01:00
57.013684
9.987096
0.0108
nan
0.0
 
2019-03-12T09:43:32,002981514+01:00
57.013683667
9.987095667
0.0216
nan
0.0
 
2019-03-12T09:43:32,206017530+01:00
57.0136835
9.987095333
0.09
nan
0.0
 
2019-03-12T09:43:32,403030349+01:00
57.013683167
9.987094833
0.0828
nan
0.0
 
2019-03-12T09:43:32,808001444+01:00
57.0136825
9.987094167
0.0324
nan
0.0
 
2019-03-12T09:43:33,010357636+01:00
57.013682167
9.987094
0.054
nan
0.0
 
2019-03-12T09:43:33,234063620+01:00
57.013681833
9.987093833
0.1116
nan
0.0
 
2019-03-12T09:43:33,424759063+01:00
57.0136815
9.987093667
0.0972
nan
0.0
 
2019-03-12T09:43:33,603038809+01:00
57.013681
9.9870935
0.0756
nan
0.0
 
2019-03-12T09:43:34,009296222+01:00
57.0136805
9.987093333
0.0504
nan
0.0
 
2019-03-12T09:43:34,227644917+01:00
57.013680167
9.9870935
0.0972
nan
0.0
 
2019-03-12T09:43:34,801011525+01:00
57.013679167
9.987093833
0.1224
nan
0.0
 
2019-03-12T09:43:35,006676995+01:00
57.013679
9.987093833
0.0792
nan
0.0
 
2019-03-12T09:43:35,208850886+01:00
57.013678667
9.987094
0.0612
nan
0.0
 
2019-03-12T09:43:35,413383167+01:00
57.013678333
9.987094
0.0216
nan
0.0
 
2019-03-12T09:43:35,610126097+01:00
57.013678
9.987094
0.0432
nan
0.0
 
2019-03-12T09:43:35,801741788+01:00
57.013677667
9.987094
0.0468
nan
0.0
 
2019-03-12T09:43:36,012425923+01:00
57.013677333
9.987094
0.1764
nan
0.0
 
2019-03-12T09:43:36,407995770+01:00
57.013676833
9.987094333
0.0576
nan
0.0
 
2019-03-12T09:43:36,606293572+01:00
57.013676667
9.9870945
0.0684
nan
0.0
 
2019-03-12T09:43:37,008134889+01:00
57.013676167
9.987094833
0.0936
nan
0.0
 
2019-03-12T09:43:37,208866120+01:00
57.013676167
9.987095
0.0324
nan
0.0
 
2019-03-12T09:43:37,406283795+01:00
57.013675833
9.987095167
0.0324
nan
0.0
