
2019-03-08T17:51:04,094095100+01:00
57.0140885
9.9872355
0.0576
36.5
0.0
 
2019-03-08T17:51:05,104264702+01:00
57.014087667
9.9872365
0.018
36.3
0.0
 
2019-03-08T17:51:06,102368552+01:00
57.014086833
9.987237833
0.3816
36.2
0.0
 
2019-03-08T17:51:07,103097096+01:00
57.014085667
9.987239667
0.0432
36.1
0.0
 
2019-03-08T17:51:08,094041027+01:00
57.0140855
9.987240667
0.1188
36.1
0.0
 
2019-03-08T17:51:09,099597790+01:00
57.014085
9.987242167
0.1728
36.2
0.0
 
2019-03-08T17:51:10,104356835+01:00
57.0140855
9.987243
0.0324
36.4
0.0
 
2019-03-08T17:51:11,100894932+01:00
57.014084667
9.987243833
0.1368
36.5
0.0
 
2019-03-08T17:51:12,097210076+01:00
57.014083333
9.9872445
0.216
36.4
0.0
 
2019-03-08T17:51:13,129571763+01:00
57.0140815
9.987245333
0.0468
36.3
0.0
 
2019-03-08T17:51:14,108552231+01:00
57.01408
9.987246333
0.0432
36.3
0.0
 
2019-03-08T17:51:15,100932383+01:00
57.0140785
9.987247167
0.1908
36.2
0.0
 
2019-03-08T17:51:16,097571905+01:00
57.0140775
9.9872485
0.0792
36.3
0.0
 
2019-03-08T17:51:17,106483439+01:00
57.014076
9.987249
0.1584
36.1
0.0
 
2019-03-08T17:51:18,102845892+01:00
57.014073833
9.987249333
0.1152
35.8
0.0
 
2019-03-08T17:51:19,102518345+01:00
57.014071833
9.987249833
0.2772
35.6
0.0
 
2019-03-08T17:51:20,101217696+01:00
57.0140705
9.987250667
0.1692
35.5
0.0
 
2019-03-08T17:51:21,109616060+01:00
57.014069667
9.987251333
0.1404
35.4
0.0
 
2019-03-08T17:51:22,108602248+01:00
57.014068333
9.987251833
0.1944
35.2
0.0
 
2019-03-08T17:51:23,110851712+01:00
57.014067333
9.987251333
0.0576
35.0
0.0
 
2019-03-08T17:51:24,098982011+01:00
57.014067167
9.987251667
0.0144
34.9
0.0
 
2019-03-08T17:51:25,101775103+01:00
57.014067333
9.987251667
0.288
34.7
0.0
 
2019-03-08T17:51:26,112945984+01:00
57.014066833
9.987251667
0.0396
34.4
0.0
 
2019-03-08T17:51:27,116373918+01:00
57.014065833
9.987252
0.1404
34.2
0.0
 
2019-03-08T17:51:28,107338709+01:00
57.014064333
9.987251667
0.2952
33.9
0.0
 
2019-03-08T17:51:29,113172684+01:00
57.0140625
9.9872515
0.378
33.4
0.0
 
2019-03-08T17:51:30,105433003+01:00
57.014062333
9.9872515
0.0432
33.2
0.0
 
2019-03-08T17:51:31,115409879+01:00
57.014059667
9.9872495
0.3312
32.6
0.0
 
2019-03-08T17:51:32,108850952+01:00
57.014058833
9.987248833
0.18
32.3
0.0
 
2019-03-08T17:51:33,105209212+01:00
57.0140585
9.987247833
0.2052
32.0
0.0
 
2019-03-08T17:51:34,106003241+01:00
57.014057333
9.987246167
0.0792
31.5
0.0
 
2019-03-08T17:51:35,105074646+01:00
57.014057
9.9872445
0.036
31.1
0.0
 
2019-03-08T17:51:36,103738449+01:00
57.014056
9.987242667
0.054
30.6
0.0
 
2019-03-08T17:51:37,104456973+01:00
57.0140555
9.987240167
0.144
30.1
0.0
 
2019-03-08T17:51:38,106253737+01:00
57.014055167
9.987238333
0.126
29.5
0.0
 
2019-03-08T17:51:39,106991977+01:00
57.014055667
9.987236167
0.1152
29.0
0.0
 
2019-03-08T17:51:40,096326534+01:00
57.014054
9.9872345
0.1512
28.4
0.0
 
2019-03-08T17:51:41,102789816+01:00
57.0140525
9.9872325
0.198
28.1
0.0
 
2019-03-08T17:51:42,099321547+01:00
57.014052667
9.987230333
0.144
27.5
0.0
 
2019-03-08T17:51:43,111271303+01:00
57.014051833
9.987228
0.2088
26.9
0.0
 
2019-03-08T17:51:44,099095238+01:00
57.014050667
9.987226
0.0792
26.5
0.0
 
2019-03-08T17:51:45,101215152+01:00
57.0140495
9.987223667
0.1656
25.9
0.0
 
2019-03-08T17:51:46,104821778+01:00
57.014048833
9.987221833
0.1548
25.6
0.0
 
2019-03-08T17:51:47,104100056+01:00
57.014047
9.9872195
0.306
25.2
0.0
 
2019-03-08T17:51:48,099943970+01:00
57.014046
9.9872175
0.378
24.8
0.0
 
2019-03-08T17:51:49,107064887+01:00
57.014044833
9.987215667
0.2844
24.4
0.0
 
2019-03-08T17:51:50,108246732+01:00
57.014044167
9.987214
0.4932
24.1
0.0
 
2019-03-08T17:51:51,102628611+01:00
57.014044167
9.9872135
0.4176
24.0
0.0
 
2019-03-08T17:51:52,100082740+01:00
57.014043167
9.987212167
0.2664
23.7
0.0
 
2019-03-08T17:51:53,107513098+01:00
57.014045
9.987211833
0.4356
23.9
0.0
 
2019-03-08T17:51:54,101116674+01:00
57.014046167
9.987210833
0.18
23.9
0.0
 
2019-03-08T17:51:55,100405018+01:00
57.014046333
9.987209833
0.162
23.5
0.0
 
2019-03-08T17:51:56,098058611+01:00
57.014045667
9.987209
0.0756
23.3
0.0
 
2019-03-08T17:51:57,111105623+01:00
57.014044833
9.9872085
0.108
23.0
0.0
 
2019-03-08T17:51:58,101840133+01:00
57.014044667
9.987207833
0.0684
22.9
0.0
 
2019-03-08T17:51:59,101162687+01:00
57.014044667
9.987207333
0.1692
22.8
0.0
 
2019-03-08T17:52:00,113149845+01:00
57.014046
9.987207
0.1944
22.7
0.0
 
2019-03-08T17:52:01,100949279+01:00
57.014048833
9.987207667
0.036
22.8
0.0
 
2019-03-08T17:52:02,100687200+01:00
57.014049333
9.987207667
0.1188
22.9
0.0
 
2019-03-08T17:52:03,112272775+01:00
57.014047333
9.987207167
0.1656
22.5
0.0
 
2019-03-08T17:52:04,102116948+01:00
57.014044833
9.987207
0.3528
22.0
0.0
 
2019-03-08T17:52:05,102335990+01:00
57.014041333
9.987206333
0.6732
21.4
0.0
 
2019-03-08T17:52:06,105120791+01:00
57.014040833
9.987206
0.3348
21.2
0.0
 
2019-03-08T17:52:07,112586390+01:00
57.014041167
9.987205
0.2016
21.3
0.0
 
2019-03-08T17:52:08,100572853+01:00
57.0140405
9.987203667
0.2124
21.0
0.0
 
2019-03-08T17:52:09,117991163+01:00
57.014038167
9.987202167
0.5904
20.7
0.0
 
2019-03-08T17:52:10,104402159+01:00
57.0140365
9.9872005
0.6012
20.5
0.0
 
2019-03-08T17:52:11,110212102+01:00
57.014037667
9.987198167
0.198
20.7
0.0
 
2019-03-08T17:52:12,098367384+01:00
57.014036833
9.987196667
0.4536
20.6
0.0
 
2019-03-08T17:52:13,127361629+01:00
57.014038667
9.987196
0.1188
21.0
0.0
 
2019-03-08T17:52:14,109366942+01:00
57.014039333
9.987195667
0.108
21.1
0.0
 
2019-03-08T17:52:15,098088443+01:00
57.014037833
9.987195
0.0972
20.9
0.0
 
2019-03-08T17:52:16,100211026+01:00
57.014036667
9.987194333
0.0936
20.9
0.0
 
2019-03-08T17:52:17,100601531+01:00
57.014031833
9.987193833
0.2556
20.2
0.0
 
2019-03-08T17:52:18,108728729+01:00
57.014028
9.987194333
0.3672
19.7
0.0
 
2019-03-08T17:52:19,096248462+01:00
57.014021833
9.987194333
0.3672
18.8
0.0
 
2019-03-08T17:52:20,096348085+01:00
57.014017167
9.987194833
0.1944
18.1
0.0
 
2019-03-08T17:52:21,107023081+01:00
57.014012
9.987195333
0.2988
17.4
0.0
 
2019-03-08T17:52:22,105895889+01:00
57.014005333
9.987196167
0.432
16.5
0.0
 
2019-03-08T17:52:23,096058389+01:00
57.014000667
9.987197
0.3888
16.0
0.0
 
2019-03-08T17:52:24,104302154+01:00
57.013995667
9.987197833
0.2592
15.4
0.0
 
2019-03-08T17:52:25,105277253+01:00
57.013990833
9.987197667
0.4032
14.7
0.0
 
2019-03-08T17:52:26,093768058+01:00
57.013986667
9.987197167
0.4536
14.1
0.0
 
2019-03-08T17:52:27,112765776+01:00
57.013984667
9.987197167
0.4428
13.8
0.0
 
2019-03-08T17:52:28,091129853+01:00
57.013981333
9.987196833
0.4824
13.3
0.0
 
2019-03-08T17:52:29,096960325+01:00
57.013977333
9.987197167
0.324
12.8
0.0
 
2019-03-08T17:52:30,093972184+01:00
57.013972833
9.987197333
0.5976
12.3
0.0
 
2019-03-08T17:52:31,102376181+01:00
57.013972167
9.987197167
0.5184
12.6
0.0
 
2019-03-08T17:52:32,106729239+01:00
57.0139725
9.987196833
0.1764
13.0
0.0
 
2019-03-08T17:52:33,097725303+01:00
57.0139705
9.987195667
0.1404
12.8
0.0
 
2019-03-08T17:52:34,102094390+01:00
57.013968
9.987193833
0.1692
12.5
0.0
 
2019-03-08T17:52:35,095977051+01:00
57.013966167
9.987193
0.072
12.3
0.0
 
2019-03-08T17:52:36,104869259+01:00
57.013965333
9.9871915
0.2844
12.4
0.0
 
2019-03-08T17:52:37,098027316+01:00
57.013963667
9.987189833
0.09
12.3
0.0
 
2019-03-08T17:52:38,102110879+01:00
57.013961167
9.987188167
0.1836
12.1
0.0
 
2019-03-08T17:52:39,110934897+01:00
57.013960167
9.987187167
0.0612
12.1
0.0
 
2019-03-08T17:52:40,101835620+01:00
57.013959
9.987186667
0.2916
12.2
0.0
 
2019-03-08T17:52:41,101748637+01:00
57.013956833
9.9871855
0.1368
12.1
0.0
 
2019-03-08T17:52:42,100334819+01:00
57.013955667
9.987183833
0.0324
12.1
0.0
 
2019-03-08T17:52:43,103229038+01:00
57.0139545
9.987182333
0.144
12.1
0.0
 
2019-03-08T17:52:44,095191203+01:00
57.0139535
9.987182
0.1044
12.1
0.0
 
2019-03-08T17:52:45,113619589+01:00
57.013952167
9.987181667
0.0324
12.1
0.0
 
2019-03-08T17:52:46,094652715+01:00
57.013950667
9.987181333
0.0108
12.0
0.0
 
2019-03-08T17:52:47,104510234+01:00
57.013949833
9.987181167
0.1044
12.0
0.0
 
2019-03-08T17:52:48,095454072+01:00
57.013948333
9.987181333
0.036
11.9
0.0
 
2019-03-08T17:52:49,099565281+01:00
57.013947
9.987181
0.0504
11.7
0.0
 
2019-03-08T17:52:50,096381049+01:00
57.013946667
9.987181167
0.1512
11.7
0.0
 
2019-03-08T17:52:51,116023892+01:00
57.013946
9.987180667
0.1008
11.7
0.0
 
2019-03-08T17:52:52,108599589+01:00
57.013943333
9.98718
0.0396
11.5
0.0
 
2019-03-08T17:52:53,098211588+01:00
57.013941333
9.98718
0.0972
11.4
0.0
 
2019-03-08T17:52:54,107208038+01:00
57.013940167
9.987179167
0.0324
11.3
0.0
 
2019-03-08T17:52:55,111132117+01:00
57.013939
9.987178333
0.2016
11.2
0.0
 
2019-03-08T17:52:56,112648780+01:00
57.013937167
9.987177167
0.0288
10.9
0.0
 
2019-03-08T17:52:57,117267643+01:00
57.013934333
9.9871775
0.2304
10.7
0.0
 
2019-03-08T17:52:58,094990627+01:00
57.013932167
9.9871775
0.432
10.6
0.0
 
2019-03-08T17:52:59,113788802+01:00
57.0139305
9.987177333
0.0468
10.4
0.0
 
2019-03-08T17:53:00,098278501+01:00
57.0139305
9.987177667
0.198
10.4
0.0
 
2019-03-08T17:53:01,098800392+01:00
57.013929833
9.987178333
0.1656
10.5
0.0
 
2019-03-08T17:53:02,115255038+01:00
57.013928833
9.987179
0.2052
10.3
0.0
 
2019-03-08T17:53:03,094050216+01:00
57.0139285
9.987179667
0.1836
10.2
0.0
 
2019-03-08T17:53:04,095756641+01:00
57.013928167
9.9871805
0.1872
10.1
0.0
 
2019-03-08T17:53:05,099674068+01:00
57.013927
9.987181
0.2376
10.0
0.0
 
2019-03-08T17:53:06,095824272+01:00
57.0139285
9.987181667
0.1116
10.2
0.0
 
2019-03-08T17:53:07,116688181+01:00
57.013929833
9.987181667
0.0072
10.2
0.0
 
2019-03-08T17:53:08,094166617+01:00
57.013929833
9.987181833
0.1728
10.2
0.0
 
2019-03-08T17:53:09,099636958+01:00
57.013929667
9.987182
0.036
10.3
0.0
 
2019-03-08T17:53:10,098635255+01:00
57.013930167
9.9871825
0.0828
10.4
0.0
 
2019-03-08T17:53:11,114180099+01:00
57.013930333
9.987183
0.1152
10.4
0.0
 
2019-03-08T17:53:12,102041730+01:00
57.013931
9.987183667
0.3924
10.5
0.0
 
2019-03-08T17:53:13,122624888+01:00
57.013931833
9.987184333
0.0684
10.7
0.0
 
2019-03-08T17:53:14,101930294+01:00
57.013933667
9.987185667
0.0216
11.0
0.0
 
2019-03-08T17:53:15,096546235+01:00
57.013933833
9.987186833
0.144
11.1
0.0
 
2019-03-08T17:53:16,100018383+01:00
57.013933667
9.987187667
0.1764
11.1
0.0
 
2019-03-08T17:53:17,104193028+01:00
57.013935667
9.9871885
0.1872
11.5
0.0
 
2019-03-08T17:53:18,096710887+01:00
57.013936167
9.9871895
0.1188
11.8
0.0
 
2019-03-08T17:53:19,104820190+01:00
57.013936333
9.987190667
0.1188
12.0
0.0
 
2019-03-08T17:53:20,105409962+01:00
57.013937167
9.987192167
0.0756
12.3
0.0
 
2019-03-08T17:53:21,100377000+01:00
57.013938167
9.987193667
0.0648
12.5
0.0
 
2019-03-08T17:53:22,101182887+01:00
57.013938667
9.987195
0.0828
12.7
0.0
 
2019-03-08T17:53:23,105391525+01:00
57.013938167
9.987196167
0.144
12.8
0.0
 
2019-03-08T17:53:24,098213074+01:00
57.013939
9.987196833
0.1188
13.2
0.0
 
2019-03-08T17:53:25,105283290+01:00
57.013939667
9.9871975
0.2448
13.5
0.0
 
2019-03-08T17:53:26,100177432+01:00
57.013938
9.987198667
0.3384
13.5
0.0
 
2019-03-08T17:53:27,096545848+01:00
57.013937167
9.987200167
0.2484
13.6
0.0
 
2019-03-08T17:53:28,092531204+01:00
57.013937833
9.987201667
0.306
14.0
0.0
 
2019-03-08T17:53:29,104481264+01:00
57.013936333
9.987203333
0.2844
13.9
0.0
 
2019-03-08T17:53:30,097801911+01:00
57.013935333
9.987205167
0.2196
13.8
0.0
 
2019-03-08T17:53:31,107440928+01:00
57.013935667
9.987206167
0.0324
14.0
0.0
 
2019-03-08T17:53:32,099232720+01:00
57.0139375
9.987207
0.0828
14.4
0.0
 
2019-03-08T17:53:33,096224515+01:00
57.0139385
9.987208167
0.036
14.7
0.0
 
2019-03-08T17:53:34,097286422+01:00
57.013938833
9.9872095
0.0612
15.0
0.0
 
2019-03-08T17:53:35,115462137+01:00
57.0139375
9.987210833
0.0756
14.9
0.0
 
2019-03-08T17:53:36,104202213+01:00
57.013937
9.987212
0.0504
15.0
0.0
 
2019-03-08T17:53:37,101267192+01:00
57.013936833
9.987213333
0.0144
15.2
0.0
 
2019-03-08T17:53:38,098077362+01:00
57.013935333
9.987214833
0.2268
15.2
0.0
 
2019-03-08T17:53:39,108724120+01:00
57.013935
9.987215667
0.0972
15.2
0.0
 
2019-03-08T17:53:40,097538167+01:00
57.013934167
9.987216167
0.126
15.1
0.0
 
2019-03-08T17:53:41,119302657+01:00
57.013934667
9.987217167
0.0648
15.4
0.0
 
2019-03-08T17:53:42,094599497+01:00
57.013934833
9.987218167
0.198
15.5
0.0
 
2019-03-08T17:53:43,134401311+01:00
57.013935833
9.987218833
0.09
15.8
0.0
 
2019-03-08T17:53:44,085724963+01:00
57.013935667
9.987219167
0.036
15.9
0.0
 
2019-03-08T17:53:45,100681147+01:00
57.013936833
9.987219333
0.0504
16.1
0.0
 
2019-03-08T17:53:46,097775740+01:00
57.013937833
9.987219167
0.1404
16.5
0.0
 
2019-03-08T17:53:47,106626537+01:00
57.0139385
9.987218667
0.0252
16.7
0.0
 
2019-03-08T17:53:48,094547696+01:00
57.013939333
9.9872185
0.0396
17.0
0.0
 
2019-03-08T17:53:49,102266439+01:00
57.013939667
9.987218333
0.0684
17.3
0.0
 
2019-03-08T17:53:50,126291501+01:00
57.013938667
9.987218167
0.1908
17.2
0.0
 
2019-03-08T17:53:51,117321562+01:00
57.013939
9.987216833
0.0396
17.3
0.0
 
2019-03-08T17:53:52,110273534+01:00
57.013939167
9.987216333
0.1224
17.2
0.0
 
2019-03-08T17:53:53,092853660+01:00
57.013939833
9.987216
0.0936
17.2
0.0
 
2019-03-08T17:53:54,104340067+01:00
57.013939167
9.987216
0.0756
16.9
0.0
 
2019-03-08T17:53:55,090283832+01:00
57.013938333
9.987215333
0.1764
16.7
0.0
 
2019-03-08T17:53:56,096839381+01:00
57.013937833
9.987214333
0.1404
16.5
0.0
 
2019-03-08T17:53:57,097109610+01:00
57.013938
9.987213667
0.4284
16.4
0.0
 
2019-03-08T17:53:58,105525932+01:00
57.013939333
9.987212167
0.1512
16.5
0.0
 
2019-03-08T17:53:59,110270488+01:00
57.013940167
9.987211
0.1152
16.5
0.0
 
2019-03-08T17:54:00,102979243+01:00
57.013942667
9.987210333
0.1116
16.7
0.0
 
2019-03-08T17:54:01,092066480+01:00
57.013943833
9.987210167
0.0576
16.8
0.0
 
2019-03-08T17:54:02,104278504+01:00
57.013944333
9.987210667
0.1548
16.9
0.0
 
2019-03-08T17:54:03,100572004+01:00
57.0139455
9.987210333
0.1116
17.0
0.0
 
2019-03-08T17:54:04,099664165+01:00
57.013947
9.987210333
0.0828
17.2
0.0
 
2019-03-08T17:54:05,094625863+01:00
57.013949
9.9872095
0.0396
17.4
0.0
 
2019-03-08T17:54:06,087791275+01:00
57.013950667
9.9872085
0.0468
17.5
0.0
 
2019-03-08T17:54:07,096140417+01:00
57.0139505
9.987208833
0.1332
17.3
0.0
 
2019-03-08T17:54:08,092685189+01:00
57.0139515
9.987208667
0.0288
17.4
0.0
 
2019-03-08T17:54:09,107292124+01:00
57.013953167
9.987208
0.0756
17.3
0.0
 
2019-03-08T17:54:10,109962845+01:00
57.013955167
9.987207333
0.108
17.4
0.0
 
2019-03-08T17:54:11,106462565+01:00
57.013955167
9.987206
0.2448
17.1
0.0
 
2019-03-08T17:54:12,098951830+01:00
57.013957
9.9872045
0.1116
17.1
0.0
 
2019-03-08T17:54:13,106959813+01:00
57.013958167
9.987202667
0.0288
17.0
0.0
 
2019-03-08T17:54:14,102427061+01:00
57.013959333
9.987200667
0.0432
16.8
0.0
 
2019-03-08T17:54:15,101485606+01:00
57.013961
9.987198833
0.414
16.8
0.0
 
2019-03-08T17:54:16,096678698+01:00
57.013962167
9.987198333
0.144
16.9
0.0
 
2019-03-08T17:54:17,111845271+01:00
57.0139635
9.987197667
0.0432
17.0
0.0
 
2019-03-08T17:54:18,094268189+01:00
57.013964167
9.987197833
0.1728
17.0
0.0
 
2019-03-08T17:54:19,113228574+01:00
57.013965333
9.987197833
0.3204
17.2
0.0
 
2019-03-08T17:54:20,096606951+01:00
57.013967
9.987198
0.306
17.4
0.0
 
2019-03-08T17:54:21,100516385+01:00
57.013968333
9.987198333
0.144
17.5
0.0
 
2019-03-08T17:54:22,099688089+01:00
57.013971
9.987198333
0.0612
17.9
0.0
 
2019-03-08T17:54:23,094981563+01:00
57.013972333
9.987198833
0.1116
18.0
0.0
 
2019-03-08T17:54:24,100498966+01:00
57.013975
9.9871985
0.1224
18.4
0.0
 
2019-03-08T17:54:25,108061635+01:00
57.013976333
9.987198333
0.054
18.6
0.0
 
2019-03-08T17:54:26,103372782+01:00
57.013978833
9.987198333
0.0792
18.9
0.0
 
2019-03-08T17:54:27,101787812+01:00
57.01398
9.987198833
0.1548
19.0
0.0
 
2019-03-08T17:54:28,099753351+01:00
57.013981167
9.987198833
0.0684
19.1
0.0
 
2019-03-08T17:54:29,103840124+01:00
57.013983167
9.9871985
0.0756
19.3
0.0
 
2019-03-08T17:54:30,119082833+01:00
57.013985667
9.987198
0.2052
19.6
0.0
 
2019-03-08T17:54:31,104762514+01:00
57.013987667
9.987197833
0.288
19.8
0.0
 
2019-03-08T17:54:32,097443091+01:00
57.013989833
9.987197167
0.1548
20.0
0.0
 
2019-03-08T17:54:33,095284077+01:00
57.0139925
9.987196167
0.0684
20.4
0.0
 
2019-03-08T17:54:34,092553437+01:00
57.013994
9.987195167
0.0396
20.5
0.0
 
2019-03-08T17:54:35,091503183+01:00
57.013994667
9.987195333
0.1872
20.5
0.0
 
2019-03-08T17:54:36,094763392+01:00
57.013995
9.9871955
0.0792
20.5
0.0
 
2019-03-08T17:54:37,101856650+01:00
57.013997167
9.987194333
0.0756
20.8
0.0
 
2019-03-08T17:54:38,096068128+01:00
57.013998
9.987193667
0.0972
20.8
0.0
 
2019-03-08T17:54:39,095264416+01:00
57.0139995
9.987193333
0.0684
21.0
0.0
 
2019-03-08T17:54:40,104083160+01:00
57.014000333
9.987193
0.0684
21.0
0.0
 
2019-03-08T17:54:41,097404757+01:00
57.014001833
9.987191833
0.1404
21.1
0.0
 
2019-03-08T17:54:42,094507149+01:00
57.0140035
9.987191333
0.1296
21.2
0.0
 
2019-03-08T17:54:43,100121350+01:00
57.014005
9.9871905
0.108
21.3
0.0
 
2019-03-08T17:54:44,092371156+01:00
57.014005
9.987190333
0.09
21.3
0.0
 
2019-03-08T17:54:45,099040751+01:00
57.014005333
9.987190333
0.1152
21.3
0.0
 
2019-03-08T17:54:46,096081739+01:00
57.014005833
9.987190833
0.0216
21.3
0.0
 
2019-03-08T17:54:47,093810218+01:00
57.014006667
9.987191167
0.0504
21.4
0.0
 
2019-03-08T17:54:48,093375893+01:00
57.014007
9.987191167
0.2268
21.6
0.0
 
2019-03-08T17:54:49,097297334+01:00
57.014007833
9.987191333
0.2376
21.7
0.0
 
2019-03-08T17:54:50,113875657+01:00
57.014008167
9.987192167
0.0468
21.8
0.0
 
2019-03-08T17:54:51,104614768+01:00
57.014009
9.987192333
0.0864
22.0
0.0
 
2019-03-08T17:54:52,095031992+01:00
57.0140105
9.987192833
0.0468
22.2
0.0
 
2019-03-08T17:54:53,096786191+01:00
57.014011667
9.987193333
0.1728
22.4
0.0
 
2019-03-08T17:54:54,099731554+01:00
57.014013833
9.987194167
0.1692
22.9
0.0
 
2019-03-08T17:54:55,116174914+01:00
57.014014333
9.987194833
0.1152
23.1
0.0
 
2019-03-08T17:54:56,095297713+01:00
57.014014667
9.987195667
0.0792
23.2
0.0
 
2019-03-08T17:54:57,104922617+01:00
57.014016333
9.987197
0.306
23.5
0.0
 
2019-03-08T17:54:58,103958671+01:00
57.014016667
9.987198
0.0252
23.6
0.0
 
2019-03-08T17:54:59,091880267+01:00
57.014017167
9.9871985
0.0252
23.7
0.0
 
2019-03-08T17:55:00,113227791+01:00
57.014018167
9.987199
0.1044
23.8
0.0
 
2019-03-08T17:55:01,097211391+01:00
57.014018
9.9872
0.0396
23.8
0.0
 
2019-03-08T17:55:02,101784665+01:00
57.014018167
9.987201
0.0216
24.0
0.0
 
2019-03-08T17:55:03,092154974+01:00
57.0140185
9.987202
0.2448
24.1
0.0
 
2019-03-08T17:55:04,093567039+01:00
57.014018833
9.987203
0.2376
24.2
0.0
 
2019-03-08T17:55:05,103054081+01:00
57.014018667
9.987203833
0.1584
24.2
0.0
 
2019-03-08T17:55:06,100391829+01:00
57.014018167
9.987204833
0.1152
24.3
0.0
 
2019-03-08T17:55:07,093292666+01:00
57.014019
9.987206
0.072
24.5
0.0
 
2019-03-08T17:55:08,095060106+01:00
57.01402
9.987206833
0.1116
24.7
0.0
 
2019-03-08T17:55:09,099126223+01:00
57.01402
9.987207
0.0792
24.8
0.0
 
2019-03-08T17:55:10,094044180+01:00
57.014020833
9.9872085
0.0684
25.1
0.0
 
2019-03-08T17:55:11,094059900+01:00
57.014022167
9.98721
0.324
25.3
0.0
 
2019-03-08T17:55:12,096503482+01:00
57.014022833
9.987211
0.18
25.4
0.0
 
2019-03-08T17:55:13,116943953+01:00
57.014023667
9.987211833
0.1548
25.4
0.0
 
2019-03-08T17:55:14,106591729+01:00
57.014023833
9.9872125
0.126
25.4
0.0
 
2019-03-08T17:55:15,098522301+01:00
57.014023667
9.987212667
0.0864
25.3
0.0
 
2019-03-08T17:55:16,095928813+01:00
57.014024833
9.987213667
0.1044
25.4
0.0
 
2019-03-08T17:55:17,095808516+01:00
57.014024333
9.987214833
0.0756
25.4
0.0
 
2019-03-08T17:55:18,098282039+01:00
57.014024167
9.987216
0.2088
25.4
0.0
 
2019-03-08T17:55:19,098941553+01:00
57.014024667
9.987217333
0.0684
25.6
0.0
 
2019-03-08T17:55:20,096709965+01:00
57.014025167
9.987218667
0.0792
25.7
0.0
 
2019-03-08T17:55:21,098325833+01:00
57.014026
9.987220333
0.3312
25.8
0.0
 
2019-03-08T17:55:22,087300520+01:00
57.014026
9.9872215
0.1512
25.7
0.0
 
2019-03-08T17:55:23,096068587+01:00
57.014026167
9.9872225
0.0792
25.6
0.0
 
2019-03-08T17:55:24,089919417+01:00
57.014027667
9.987223167
0.054
25.7
0.0
 
2019-03-08T17:55:25,109604367+01:00
57.0140275
9.9872235
0.3384
25.7
0.0
 
2019-03-08T17:55:26,093530538+01:00
57.014027167
9.987223
0.0468
25.6
0.0
 
2019-03-08T17:55:27,100685567+01:00
57.014026833
9.987223
0.1548
25.5
0.0
 
2019-03-08T17:55:28,096387938+01:00
57.014026167
9.987222
0.2772
25.4
0.0
 
2019-03-08T17:55:29,095612028+01:00
57.014026833
9.987221833
0.3204
25.3
0.0
 
2019-03-08T17:55:30,102732758+01:00
57.0140275
9.987221667
0.2556
25.1
0.0
 
2019-03-08T17:55:31,108112725+01:00
57.0140285
9.9872215
0.2304
25.1
0.0
 
2019-03-08T17:55:32,089467206+01:00
57.014028
9.987220667
0.144
24.9
0.0
 
2019-03-08T17:55:33,090644775+01:00
57.0140275
9.987219333
0.2844
24.6
0.0
 
2019-03-08T17:55:34,095542132+01:00
57.014029333
9.987219333
0.3852
24.5
0.0
 
2019-03-08T17:55:35,091060712+01:00
57.0140295
9.98722
0.306
24.3
0.0
 
2019-03-08T17:55:36,103510221+01:00
57.014028833
9.98722
0.036
24.1
0.0
 
2019-03-08T17:55:37,095940087+01:00
57.014028667
9.987220167
0.0612
23.9
0.0
 
2019-03-08T17:55:38,096005591+01:00
57.014027833
9.9872205
0.198
23.7
0.0
 
2019-03-08T17:55:39,099925805+01:00
57.014028
9.98722
0.0396
23.7
0.0
 
2019-03-08T17:55:40,097964036+01:00
57.014027833
9.987220167
0.1764
23.5
0.0
 
2019-03-08T17:55:41,095229908+01:00
57.014028167
9.987220667
0.0828
23.6
0.0
 
2019-03-08T17:55:42,089817408+01:00
57.014028667
9.987221
0.162
23.7
0.0
 
2019-03-08T17:55:43,101713086+01:00
57.014029667
9.987222167
0.234
23.7
0.0
 
2019-03-08T17:55:44,094120682+01:00
57.014029667
9.987223167
0.0432
23.8
0.0
 
2019-03-08T17:55:45,093802344+01:00
57.0140275
9.9872225
0.8748
23.7
0.0
 
2019-03-08T17:55:46,098262687+01:00
57.014028167
9.987222333
0.3564
23.7
0.0
 
2019-03-08T17:55:47,087068463+01:00
57.014028333
9.987222
0.3816
23.7
0.0
 
2019-03-08T17:55:48,088379876+01:00
57.014029167
9.9872225
0.0756
23.7
0.0
 
2019-03-08T17:55:49,097976786+01:00
57.014030667
9.987223167
0.4464
23.7
0.0
 
2019-03-08T17:55:50,102902497+01:00
57.014030333
9.987223
0.0648
23.7
0.0
 
2019-03-08T17:55:51,102815438+01:00
57.014031
9.9872235
0.3528
23.7
0.0
 
2019-03-08T17:55:52,096731287+01:00
57.014030167
9.987223
0.342
23.5
0.0
 
2019-03-08T17:55:53,094878774+01:00
57.014031
9.987223333
0.1944
23.6
0.0
 
2019-03-08T17:55:54,095157833+01:00
57.014032
9.987224333
0.5004
23.6
0.0
 
2019-03-08T17:55:55,106137762+01:00
57.014032333
9.987224667
0.1548
23.5
0.0
 
2019-03-08T17:55:56,100804198+01:00
57.014032
9.987224667
0.1188
23.4
0.0
 
2019-03-08T17:55:57,100600269+01:00
57.014032833
9.987225167
0.2988
23.5
0.0
 
2019-03-08T17:55:58,097308398+01:00
57.014033333
9.9872255
0.306
23.5
0.0
 
2019-03-08T17:55:59,099104803+01:00
57.014033667
9.987225667
0.0504
23.6
0.0
 
2019-03-08T17:56:00,098107603+01:00
57.014035167
9.987225833
0.702
23.7
0.0
 
2019-03-08T17:56:01,102339041+01:00
57.014034833
9.987225833
0.0252
23.6
0.0
 
2019-03-08T17:56:02,087811213+01:00
57.014035333
9.9872265
0.5004
23.7
0.0
 
2019-03-08T17:56:03,091810379+01:00
57.014035167
9.987226667
0.1656
23.6
0.0
 
2019-03-08T17:56:04,095246089+01:00
57.0140345
9.987227
0.1332
23.6
0.0
 
2019-03-08T17:56:05,098736141+01:00
57.014035
9.987226833
0.3132
23.5
0.0
 
2019-03-08T17:56:06,090204373+01:00
57.014034167
9.987227333
0.27
23.4
0.0
 
2019-03-08T17:56:07,100952390+01:00
57.014033667
9.987227667
0.1656
23.4
0.0
 
2019-03-08T17:56:08,087665528+01:00
57.014033167
9.987228333
0.0252
23.3
0.0
 
2019-03-08T17:56:09,094326060+01:00
57.014031833
9.9872285
0.4536
23.2
0.0
 
2019-03-08T17:56:10,091691890+01:00
57.014031167
9.9872285
0.018
23.2
0.0
 
2019-03-08T17:56:11,099410021+01:00
57.014030667
9.987228667
0.0864
23.2
0.0
 
2019-03-08T17:56:12,092712483+01:00
57.014030167
9.987228667
0.18
23.1
0.0
 
2019-03-08T17:56:13,118696670+01:00
57.014030333
9.987229167
0.2412
23.1
0.0
 
2019-03-08T17:56:14,099794431+01:00
57.01403
9.987228833
0.0576
23.0
0.0
 
2019-03-08T17:56:15,095716348+01:00
57.014029667
9.987228667
0.0936
22.9
0.0
 
2019-03-08T17:56:16,089492329+01:00
57.014029833
9.9872285
0.0648
22.9
0.0
 
2019-03-08T17:56:17,097929484+01:00
57.014029833
9.9872285
0.4392
22.9
0.0
 
2019-03-08T17:56:18,086818129+01:00
57.014030333
9.987228667
0.0504
22.9
0.0
 
2019-03-08T17:56:19,094073395+01:00
57.014029667
9.987228833
0.4608
22.9
0.0
 
2019-03-08T17:56:20,087221339+01:00
57.014027667
9.987228833
0.0576
22.6
0.0
 
2019-03-08T17:56:21,094207001+01:00
57.014026167
9.987228667
0.0684
22.6
0.0
 
2019-03-08T17:56:22,085866738+01:00
57.014025833
9.987229
0.0288
22.4
0.0
 
2019-03-08T17:56:23,086340241+01:00
57.014024667
9.9872285
0.0972
22.2
0.0
 
2019-03-08T17:56:24,114640410+01:00
57.014023167
9.987227167
0.1692
22.0
0.0
 
2019-03-08T17:56:25,091562276+01:00
57.014021833
9.987226333
0.072
21.8
0.0
 
2019-03-08T17:56:26,098917383+01:00
57.014021667
9.987226333
0.162
21.7
0.0
 
2019-03-08T17:56:27,098156235+01:00
57.014020333
9.987225833
0.2448
21.5
0.0
 
2019-03-08T17:56:28,104739422+01:00
57.014018
9.987225667
0.1476
21.2
0.0
 
2019-03-08T17:56:29,092665069+01:00
57.014015667
9.987226333
0.1152
21.0
0.0
 
2019-03-08T17:56:30,096282148+01:00
57.014014833
9.987227167
0.1044
20.9
0.0
 
2019-03-08T17:56:31,090289212+01:00
57.014015333
9.9872275
0.3528
20.8
0.0
 
2019-03-08T17:56:32,088955203+01:00
57.014016
9.987228333
0.2376
20.7
0.0
 
2019-03-08T17:56:33,097902167+01:00
57.014015833
9.987228833
0.1044
20.6
0.0
 
2019-03-08T17:56:34,090290912+01:00
57.014015
9.987229833
0.1656
20.4
0.0
 
2019-03-08T17:56:35,095010064+01:00
57.014013167
9.987230167
0.3708
20.2
0.0
 
2019-03-08T17:56:36,087591137+01:00
57.0140115
9.9872305
0.0792
19.9
0.0
 
2019-03-08T17:56:37,096583939+01:00
57.014010167
9.987230667
0.126
19.7
0.0
 
2019-03-08T17:56:38,091802840+01:00
57.014008833
9.987230833
0.0216
19.4
0.0
 
2019-03-08T17:56:39,101727022+01:00
57.014007167
9.987230667
0.0504
19.1
0.0
 
2019-03-08T17:56:40,088076677+01:00
57.014006167
9.987230333
0.1548
18.9
0.0
 
2019-03-08T17:56:41,088481164+01:00
57.0140045
9.987230667
0.2124
18.7
0.0
 
2019-03-08T17:56:42,081436324+01:00
57.014002833
9.987230833
0.0972
18.6
0.0
 
2019-03-08T17:56:43,101304174+01:00
57.014001
9.987231
0.018
18.3
0.0
 
2019-03-08T17:56:44,094045375+01:00
57.0139985
9.987231
0.3204
18.0
0.0
 
2019-03-08T17:56:45,092071914+01:00
57.013996167
9.987231
0.2916
17.8
0.0
 
2019-03-08T17:56:46,090556013+01:00
57.013994167
9.987231167
0.36
17.6
0.0
 
2019-03-08T17:56:47,093590134+01:00
57.013991167
9.987231333
0.1728
17.3
0.0
 
2019-03-08T17:56:48,093154080+01:00
57.013987333
9.987231333
0.4176
16.9
0.0
 
2019-03-08T17:56:49,094867188+01:00
57.013985667
9.987231333
0.0792
16.7
0.0
 
2019-03-08T17:56:50,090653378+01:00
57.013984333
9.9872315
0.1476
16.6
0.0
 
2019-03-08T17:56:51,103125195+01:00
57.013983333
9.987231667
0.288
16.7
0.0
 
2019-03-08T17:56:52,090047971+01:00
57.013982333
9.987231667
0.1404
16.6
0.0
 
2019-03-08T17:56:53,091980094+01:00
57.013980333
9.987232
0.1476
16.3
0.0
 
2019-03-08T17:56:54,088226928+01:00
57.013978667
9.987232167
0.09
16.1
0.0
 
2019-03-08T17:56:55,097746237+01:00
57.013978167
9.987232667
0.0864
15.9
0.0
 
2019-03-08T17:56:56,088204492+01:00
57.013979333
9.9872335
0.27
15.8
0.0
 
2019-03-08T17:56:57,094379080+01:00
57.01398
9.987233833
0.0756
15.8
0.0
 
2019-03-08T17:56:58,091523664+01:00
57.013981
9.9872345
0.0432
15.7
0.0
 
2019-03-08T17:56:59,091105148+01:00
57.013980333
9.9872345
0.252
15.6
0.0
 
2019-03-08T17:57:00,099707921+01:00
57.013980833
9.987235
0.2052
15.7
0.0
 
2019-03-08T17:57:01,097341942+01:00
57.013981
9.987235
0.09
15.6
0.0
 
2019-03-08T17:57:02,091129622+01:00
57.0139815
9.987235667
0.216
15.6
0.0
 
