
2019-04-17T11:27:20,143802927+02:00
57.0140475
9.987212333
0.1836
nan
0.0
 
2019-04-17T11:27:21,136563689+02:00
57.0140485
9.987212833
0.054
nan
0.0
 
2019-04-17T11:27:22,136726458+02:00
57.0140495
9.987212333
0.0396
nan
0.0
 
2019-04-17T11:27:23,137647208+02:00
57.014049333
9.987212
0.5004
nan
0.0
 
2019-04-17T11:27:24,140980951+02:00
57.01405
9.987211
0.1584
nan
0.0
 
2019-04-17T11:27:25,136333418+02:00
57.014051167
9.987210167
0.162
nan
0.0
 
2019-04-17T11:27:26,149158650+02:00
57.014053167
9.98721
0.0972
nan
0.0
 
2019-04-17T11:27:27,145181137+02:00
57.014053667
9.9872095
0.5292
nan
0.0
 
2019-04-17T11:27:28,140542113+02:00
57.014054333
9.987209833
0.2052
nan
0.0
 
2019-04-17T11:27:29,150738009+02:00
57.0140555
9.987210167
0.2052
nan
0.0
 
2019-04-17T11:27:30,160446347+02:00
57.014056833
9.987210167
0.1008
nan
0.0
 
2019-04-17T11:27:31,142798263+02:00
57.014058333
9.9872105
0.0468
nan
0.0
 
2019-04-17T11:27:32,143714654+02:00
57.014061667
9.987210833
0.4284
nan
0.0
 
2019-04-17T11:27:33,146784774+02:00
57.014061833
9.987212333
0.0648
nan
0.0
 
2019-04-17T11:27:34,142816665+02:00
57.014063167
9.987213333
0.1404
nan
0.0
 
2019-04-17T11:27:35,134403251+02:00
57.014065333
9.987215
0.2916
nan
0.0
 
2019-04-17T11:27:36,148060584+02:00
57.014067833
9.987215667
0.2988
nan
0.0
 
2019-04-17T11:27:37,139908420+02:00
57.0140685
9.987216333
0.0936
nan
0.0
 
2019-04-17T11:27:38,143562000+02:00
57.014071667
9.987217667
0.8892
nan
0.0
 
2019-04-17T11:27:39,141429863+02:00
57.014072667
9.9872185
0.2196
nan
0.0
 
2019-04-17T11:27:40,151186670+02:00
57.014073833
9.987219
0.2664
nan
0.0
 
2019-04-17T11:27:41,139438825+02:00
57.014071
9.98722
0.3816
nan
0.0
 
2019-04-17T11:27:42,142398178+02:00
57.014070167
9.987220667
0.216
nan
0.0
 
2019-04-17T11:27:43,135757722+02:00
57.014071167
9.987221667
0.1116
nan
0.0
 
2019-04-17T11:27:44,144529626+02:00
57.014071833
9.987222833
0.1872
nan
0.0
 
2019-04-17T11:27:45,148745392+02:00
57.014072833
9.987224333
0.1044
nan
0.0
 
2019-04-17T11:27:46,146379370+02:00
57.014075333
9.987224667
0.1368
nan
0.0
 
2019-04-17T11:27:47,135437996+02:00
57.014075667
9.987224833
0.0324
nan
0.0
 
2019-04-17T11:27:48,143850925+02:00
57.014076833
9.987225167
0.0684
nan
0.0
 
2019-04-17T11:27:49,142663442+02:00
57.014077167
9.987226667
0.126
nan
0.0
 
2019-04-17T11:27:50,136140096+02:00
57.014078833
9.987226667
0.162
nan
0.0
 
2019-04-17T11:27:51,136339507+02:00
57.014080333
9.987226167
0.0468
nan
0.0
 
2019-04-17T11:27:52,144218628+02:00
57.014081167
9.987225667
0.1656
nan
0.0
 
