
2019-05-07T15:54:19,784609899+02:00
57.013954
9.9872825
0.2088
nan
0.0
 
2019-05-07T15:54:19,976753407+02:00
57.013953833
9.987282833
0.2376
nan
0.0
 
2019-05-07T15:54:20,188177208+02:00
57.013953667
9.987284
0.1044
nan
0.0
 
2019-05-07T15:54:20,382940128+02:00
57.013952833
9.987284833
0.1476
nan
0.0
 
2019-05-07T15:54:20,780815934+02:00
57.013952333
9.987286167
0.1044
nan
0.0
 
2019-05-07T15:54:20,981547453+02:00
57.013951833
9.987286833
0.1404
nan
0.0
 
2019-05-07T15:54:21,183786935+02:00
57.013952333
9.987287667
0.738
nan
0.0
 
2019-05-07T15:54:21,384785076+02:00
57.013951333
9.987287833
0.2988
nan
0.0
 
2019-05-07T15:54:21,580535979+02:00
57.013951333
9.987287833
0.0216
nan
0.0
 
2019-05-07T15:54:21,980898393+02:00
57.013951833
9.987288333
0.2376
nan
0.0
 
2019-05-07T15:54:22,225070333+02:00
57.013952167
9.9872885
0.3888
nan
0.0
 
2019-05-07T15:54:22,578527734+02:00
57.013951833
9.987288167
0.09
nan
0.0
 
2019-05-07T15:54:22,974320738+02:00
57.013951667
9.987288167
0.1728
nan
0.0
 
2019-05-07T15:54:23,371027602+02:00
57.013951833
9.987288333
0.18
nan
0.0
 
2019-05-07T15:54:23,567750003+02:00
57.013951833
9.9872885
0.1584
nan
0.0
 
2019-05-07T15:54:23,977779981+02:00
57.013951167
9.987287667
0.288
nan
0.0
 
2019-05-07T15:54:24,163247445+02:00
57.013951167
9.987287167
0.2628
nan
0.0
 
2019-05-07T15:54:24,358829798+02:00
57.0139505
9.987286667
0.6444
nan
0.0
 
2019-05-07T15:54:24,760478066+02:00
57.013950333
9.987285833
0.3024
nan
0.0
 
2019-05-07T15:54:25,154058716+02:00
57.013950167
9.9872845
0.1044
nan
0.0
 
2019-05-07T15:54:25,572023970+02:00
57.0139495
9.987283
0.126
nan
0.0
 
2019-05-07T15:54:26,152817155+02:00
57.013948833
9.9872815
0.252
nan
0.0
 
2019-05-07T15:54:26,545507135+02:00
57.013949
9.987280667
0.3132
nan
0.0
 
2019-05-07T15:54:26,951142987+02:00
57.013947833
9.9872805
0.4032
nan
0.0
 
2019-05-07T15:54:27,344487822+02:00
57.013948167
9.987279667
0.198
nan
0.0
 
2019-05-07T15:54:27,946508765+02:00
57.013950167
9.987279333
0.4356
nan
0.0
 
2019-05-07T15:54:28,330821543+02:00
57.0139505
9.987279
0.2808
nan
0.0
 
2019-05-07T15:54:28,744353336+02:00
57.013950833
9.987278833
0.1008
nan
0.0
 
2019-05-07T15:54:28,973448338+02:00
57.013951167
9.987278833
0.1944
nan
0.0
 
2019-05-07T15:54:29,333777828+02:00
57.013952
9.987279
0.1224
nan
0.0
 
2019-05-07T15:54:29,736116466+02:00
57.013952833
9.987279
0.1728
nan
0.0
 
2019-05-07T15:54:30,130431766+02:00
57.013953167
9.987279167
0.0864
nan
0.0
 
2019-05-07T15:54:30,539768769+02:00
57.0139525
9.987279
0.2196
nan
0.0
 
2019-05-07T15:54:30,925614701+02:00
57.013951833
9.987280167
0.1656
nan
0.0
 
2019-05-07T15:54:31,531494963+02:00
57.013952
9.987281167
0.2088
nan
0.0
 
2019-05-07T15:54:31,955508329+02:00
57.013952167
9.987282
0.1512
nan
0.0
 
2019-05-07T15:54:32,349998177+02:00
57.013952
9.987282333
0.0756
nan
0.0
 
2019-05-07T15:54:32,719587057+02:00
57.013952333
9.987283333
0.5436
nan
0.0
 
2019-05-07T15:54:33,324205217+02:00
57.013953
9.987283333
0.306
nan
0.0
 
2019-05-07T15:54:33,721374541+02:00
57.013953
9.987284
0.2268
nan
0.0
 
2019-05-07T15:54:34,138092940+02:00
57.013953
9.987284667
0.1476
nan
0.0
 
2019-05-07T15:54:34,717154675+02:00
57.013953833
9.987285667
0.0432
nan
0.0
 
2019-05-07T15:54:35,131930520+02:00
57.013953667
9.987286333
0.2592
nan
0.0
 
2019-05-07T15:54:35,519207713+02:00
57.013953167
9.987286667
0.4572
nan
0.0
 
2019-05-07T15:54:35,911827368+02:00
57.013953333
9.987286667
0.2484
nan
0.0
 
2019-05-07T15:54:36,137874029+02:00
57.013953167
9.9872865
0.09
nan
0.0
 
2019-05-07T15:54:36,510472516+02:00
57.013953
9.987286333
0.2952
nan
0.0
 
2019-05-07T15:54:36,910931069+02:00
57.013952833
9.9872865
0.0396
nan
0.0
 
2019-05-07T15:54:37,310395444+02:00
57.013953167
9.987286
0.0792
nan
0.0
 
2019-05-07T15:54:37,589980631+02:00
57.013953167
9.987285667
0.0864
nan
0.0
 
2019-05-07T15:54:37,912047693+02:00
57.013953
9.987285667
0.1152
nan
0.0
 
2019-05-07T15:54:38,119243367+02:00
57.013953167
9.9872855
0.0828
nan
0.0
 
2019-05-07T15:54:38,724408017+02:00
57.013952667
9.9872855
0.1404
nan
0.0
 
2019-05-07T15:54:39,120247818+02:00
57.013952
9.987285333
0.0972
nan
0.0
 
2019-05-07T15:54:39,509410973+02:00
57.013951167
9.987285667
0.2016
nan
0.0
 
2019-05-07T15:54:40,124857131+02:00
57.013950333
9.987285333
0.2916
nan
0.0
 
2019-05-07T15:54:40,521258445+02:00
57.013950333
9.987284667
0.0252
nan
0.0
 
2019-05-07T15:54:40,934889209+02:00
57.01395
9.987284333
0.2916
nan
0.0
 
2019-05-07T15:54:41,315678945+02:00
57.013949833
9.987283667
0.1152
nan
0.0
 
2019-05-07T15:54:41,707764658+02:00
57.01395
9.987283667
0.252
nan
0.0
 
2019-05-07T15:54:42,308147739+02:00
57.013950667
9.987284
0.1512
nan
0.0
 
2019-05-07T15:54:42,700830617+02:00
57.013951
9.987283833
0.1944
nan
0.0
 
2019-05-07T15:54:42,922929042+02:00
57.013951
9.987283833
0.1116
nan
0.0
 
2019-05-07T15:54:43,313528069+02:00
57.013951833
9.987283667
0.1548
nan
0.0
 
2019-05-07T15:54:43,720101568+02:00
57.0139525
9.987283333
0.1872
nan
0.0
 
2019-05-07T15:54:44,127124868+02:00
57.013952833
9.987282333
0.198
nan
0.0
 
2019-05-07T15:54:44,510309342+02:00
57.0139535
9.987282167
0.1764
nan
0.0
 
2019-05-07T15:54:44,923586957+02:00
57.0139545
9.9872815
0.1188
nan
0.0
 
2019-05-07T15:54:45,503507132+02:00
57.0139545
9.987281167
0.0144
nan
0.0
 
2019-05-07T15:54:45,901778017+02:00
57.013955167
9.9872805
0.18
nan
0.0
 
2019-05-07T15:54:46,309375389+02:00
57.0139555
9.98728
0.1332
nan
0.0
 
2019-05-07T15:54:46,699225418+02:00
57.013955333
9.98728
0.3492
nan
0.0
 
2019-05-07T15:54:47,107635666+02:00
57.013954667
9.987279667
0.756
nan
0.0
 
2019-05-07T15:54:47,704266943+02:00
57.013954333
9.987279333
0.3528
nan
0.0
 
2019-05-07T15:54:48,110424152+02:00
57.013954667
9.987279
0.234
nan
0.0
 
2019-05-07T15:54:48,505852993+02:00
57.013955167
9.987279
0.198
nan
0.0
 
2019-05-07T15:54:48,900551508+02:00
57.0139565
9.987278833
0.5328
nan
0.0
 
2019-05-07T15:54:49,506324954+02:00
57.0139575
9.987278167
0.0612
nan
0.0
 
2019-05-07T15:54:49,912571437+02:00
57.013958833
9.987277667
0.2808
nan
0.0
 
2019-05-07T15:54:50,302447045+02:00
57.01396
9.987277333
0.1152
nan
0.0
 
2019-05-07T15:54:50,909789330+02:00
57.0139615
9.987276667
0.108
nan
0.0
 
2019-05-07T15:54:51,301259473+02:00
57.013962167
9.987276167
0.0612
nan
0.0
 
2019-05-07T15:54:51,707149930+02:00
57.013962667
9.9872755
0.1332
nan
0.0
 
2019-05-07T15:54:52,104141037+02:00
57.013963833
9.987275333
0.0972
nan
0.0
 
2019-05-07T15:54:52,509281025+02:00
57.013965
9.987274833
0.1764
nan
0.0
 
2019-05-07T15:54:53,107735830+02:00
57.013966167
9.987274
0.2988
nan
0.0
 
2019-05-07T15:54:53,505782655+02:00
57.013966667
9.987273333
0.1836
nan
0.0
 
2019-05-07T15:54:53,705457644+02:00
57.013967333
9.987273
0.2916
nan
0.0
 
2019-05-07T15:54:54,306447505+02:00
57.013969333
9.987272167
0.1368
nan
0.0
 
2019-05-07T15:54:54,912426042+02:00
57.013971
9.987270833
0.0792
nan
0.0
 
2019-05-07T15:54:55,312533638+02:00
57.013971667
9.987270167
0.0792
nan
0.0
 
2019-05-07T15:54:55,723760569+02:00
57.0139725
9.987269167
0.126
nan
0.0
 
2019-05-07T15:54:56,327336066+02:00
57.013974333
9.987267333
0.1548
nan
0.0
 
2019-05-07T15:54:56,724072381+02:00
57.0139755
9.987267
0.2556
nan
0.0
 
2019-05-07T15:54:57,139981464+02:00
57.013977167
9.987266167
0.0432
nan
0.0
 
2019-05-07T15:54:57,528448582+02:00
57.013979167
9.987265333
0.3312
nan
0.0
 
2019-05-07T15:54:57,933249940+02:00
57.0139805
9.987264833
0.234
nan
0.0
 
2019-05-07T15:54:58,533308263+02:00
57.013982667
9.987263667
0.2016
nan
0.0
 
2019-05-07T15:54:58,942659962+02:00
57.013983833
9.987263167
0.0864
nan
0.0
 
