
2019-03-06T11:50:26,142879219+01:00
57.014071631
9.987240696
1.8252
nan
182.6666
 
2019-03-06T11:50:27,142815570+01:00
57.014077685
9.987240881
1.2348
nan
154.6089
 
2019-03-06T11:50:28,145254623+01:00
57.014079734
9.987251541
2.7324
nan
113.3543
 
2019-03-06T11:50:29,143131036+01:00
57.014090071
9.987249567
1.7064
nan
40.3193
 
2019-03-06T11:50:30,139958515+01:00
57.014098163
9.987240979
2.3292
nan
351.2287
 
2019-03-06T11:50:31,141301362+01:00
57.014104328
9.987189511
7.4196
nan
284.481
 
2019-03-06T11:50:32,141591001+01:00
57.014120943
9.987195462
3.024
nan
323.5175
 
2019-03-06T11:50:33,140598246+01:00
57.014133851
9.987204243
3.4164
nan
10.2121
 
2019-03-06T11:50:34,147099269+01:00
57.014126408
9.987209814
1.6596
nan
69.1056
 
2019-03-06T11:50:35,150262015+01:00
57.014129124
9.987201009
0.882
nan
298.1616
 
2019-03-06T11:50:36,143737771+01:00
57.014139602
9.987204215
2.1204
nan
356.6009
 
2019-03-06T11:50:37,160631324+01:00
57.014145535
9.987195477
3.6396
nan
331.779
 
2019-03-06T11:50:38,149749040+01:00
57.014151519
9.98719971
2.8296
nan
354.3153
 
2019-03-06T11:50:39,147770602+01:00
57.0141549
9.987197981
2.1708
nan
348.9564
 
2019-03-06T11:50:40,140648404+01:00
57.014141047
9.987199163
0.9036
nan
154.3896
 
2019-03-06T11:50:41,137395200+01:00
57.01412065
9.987186083
2.4516
nan
233.4873
 
2019-03-06T11:50:42,135062798+01:00
57.01411335
9.987170303
3.8232
nan
244.6881
 
2019-03-06T11:50:43,141678167+01:00
57.014125484
9.987198318
1.8396
nan
53.3991
 
2019-03-06T11:50:44,135341089+01:00
57.01412121
9.987198325
1.1988
nan
10.1016
 
2019-03-06T11:50:45,144163094+01:00
57.014107268
9.987201174
2.4516
nan
153.2861
 
2019-03-06T11:50:46,137190836+01:00
57.014118034
9.987211979
1.2348
nan
57.9772
 
2019-03-06T11:50:47,136368691+01:00
57.014113548
9.987219959
1.4148
nan
93.0422
 
2019-03-06T11:50:48,149132642+01:00
57.014124469
9.98723217
2.88
nan
23.6842
 
2019-03-06T11:50:49,144453917+01:00
57.014117898
9.987227886
2.3472
nan
347.6228
 
2019-03-06T11:50:50,140039016+01:00
57.014117458
9.987228035
1.5876
nan
344.1929
 
2019-03-06T11:50:51,144724634+01:00
57.014136065
9.987236763
3.8988
nan
358.7871
 
2019-03-06T11:50:52,141378335+01:00
57.014139809
9.987242322
3.5964
nan
6.105
 
2019-03-06T11:50:53,141509813+01:00
57.014133384
9.987241781
3.2184
nan
355.3719
 
2019-03-06T11:50:54,145642559+01:00
57.014128754
9.987235431
2.2284
nan
337.1368
 
2019-03-06T11:50:55,144320154+01:00
57.014141928
9.987247273
4.0464
nan
3.794
 
2019-03-06T11:50:56,144167602+01:00
57.014136407
9.987255581
2.7396
nan
32.5589
 
2019-03-06T11:50:57,141115127+01:00
57.014107635
9.987245918
1.242
nan
171.3865
 
2019-03-06T11:50:58,132607951+01:00
57.014091498
9.98723806
2.6208
nan
204.4342
 
2019-03-06T11:50:59,133375887+01:00
57.014103472
9.987240573
1.7892
nan
296.8406
 
2019-03-06T11:51:00,137109294+01:00
57.014091563
9.987233989
1.8432
nan
255.6663
 
2019-03-06T11:51:01,133894305+01:00
57.014094599
9.987247335
0.2628
nan
113.5796
 
2019-03-06T11:51:02,132362761+01:00
57.014090454
9.987247826
0.9576
nan
297.7463
 
2019-03-06T11:51:03,133441702+01:00
57.014112386
9.987270067
3.2436
nan
24.5511
 
2019-03-06T11:51:04,132876809+01:00
57.014121358
9.987275858
3.8844
nan
9.4667
 
2019-03-06T11:51:05,154653048+01:00
57.014099255
9.987263372
0.6516
nan
234.579
 
2019-03-06T11:51:06,139633111+01:00
57.01410616
9.987278257
2.268
nan
11.1093
 
2019-03-06T11:51:07,141245660+01:00
57.014102246
9.987283552
2.1096
nan
5.4283
 
2019-03-06T11:51:08,138754147+01:00
57.014102298
9.987298867
2.394
nan
41.3505
 
2019-03-06T11:51:09,132978108+01:00
57.014111979
9.987322169
3.5172
nan
48.7668
 
2019-03-06T11:51:10,134902863+01:00
57.014129267
9.987338803
4.4712
nan
25.338
 
2019-03-06T11:51:11,139366868+01:00
57.014127987
9.987357722
3.8988
nan
39.7286
 
2019-03-06T11:51:12,136753892+01:00
57.014116651
9.987361033
1.5876
nan
81.13
 
2019-03-06T11:51:13,136379111+01:00
57.014109754
9.987355724
0.6048
nan
217.1253
 
2019-03-06T11:51:14,137025465+01:00
57.01410211
9.987354163
1.1592
nan
168.3479
 
2019-03-06T11:51:15,138211041+01:00
57.01410938
9.987352594
2.0592
nan
346.8214
 
2019-03-06T11:51:16,132991816+01:00
57.014115233
9.987323208
3.8988
nan
307.754
 
2019-03-06T11:51:17,123933343+01:00
nan
nan
nan
nan
nan
 
2019-03-06T11:51:18,141855943+01:00
nan
nan
nan
nan
nan
 
2019-03-06T11:51:19,136443526+01:00
nan
nan
nan
nan
nan
 
2019-03-06T11:51:20,129043800+01:00
nan
nan
nan
nan
nan
 
2019-03-06T11:51:21,127337598+01:00
nan
nan
nan
nan
nan
 
2019-03-06T11:51:22,134600616+01:00
57.014108329
9.987307939
2.3076
nan
143.5399
 
2019-03-06T11:51:23,135710522+01:00
57.014137551
9.987322294
2.3652
nan
28.0131
 
2019-03-06T11:51:24,132597108+01:00
57.01412018
9.987323676
1.2564
nan
86.3786
 
2019-03-06T11:51:25,136533243+01:00
57.014126953
9.987307858
2.7864
nan
319.5699
 
2019-03-06T11:51:26,129903367+01:00
57.014133998
9.987310527
2.5704
nan
337.9552
 
2019-03-06T11:51:27,135613399+01:00
57.014170191
9.987311897
5.4828
nan
348.3511
 
2019-03-06T11:51:28,134464472+01:00
57.014223186
9.987320087
10.7964
nan
353.8623
 
2019-03-06T11:51:29,135429183+01:00
57.014220582
9.987335534
6.7356
nan
18.9311
 
2019-03-06T11:51:30,135421168+01:00
57.014220979
9.987344713
5.184
nan
25.4318
 
2019-03-06T11:51:31,140321899+01:00
57.014211303
9.987338731
2.0052
nan
25.2297
 
2019-03-06T11:51:32,133164572+01:00
57.01418807
9.987361587
3.402
nan
106.9115
 
2019-03-06T11:51:33,140845499+01:00
57.014198557
9.987384569
3.834
nan
78.9836
 
2019-03-06T11:51:34,132172501+01:00
57.014195369
9.987413234
4.3308
nan
84.0131
 
2019-03-06T11:51:35,143009683+01:00
57.014192976
9.987424052
2.1996
nan
77.8528
 
2019-03-06T11:51:36,135144297+01:00
57.014166369
9.987406688
3.3408
nan
233.1642
 
2019-03-06T11:51:37,150614456+01:00
57.014159058
9.987389113
4.8744
nan
249.5097
 
2019-03-06T11:51:38,131355860+01:00
57.014159007
9.987373022
4.914
nan
258.7119
 
2019-03-06T11:51:39,133074168+01:00
57.014173128
9.987372496
2.5524
nan
301.337
 
2019-03-06T11:51:40,133867204+01:00
57.014171258
9.987356551
2.952
nan
285.2916
 
2019-03-06T11:51:41,138525181+01:00
57.014123057
9.987348331
6.318
nan
193.6511
 
2019-03-06T11:51:42,138341529+01:00
57.014113481
9.987340254
4.9464
nan
206.7144
 
2019-03-06T11:51:43,127475772+01:00
nan
nan
nan
nan
nan
 
2019-03-06T11:51:44,121642258+01:00
nan
nan
nan
nan
nan
 
2019-03-06T11:51:45,128619275+01:00
nan
nan
nan
nan
nan
 
2019-03-06T11:51:46,125746080+01:00
nan
nan
nan
nan
nan
 
2019-03-06T11:51:47,127185373+01:00
nan
nan
nan
nan
nan
 
2019-03-06T11:51:48,124946294+01:00
nan
nan
nan
nan
nan
 
2019-03-06T11:51:49,128359157+01:00
nan
nan
nan
nan
nan
 
2019-03-06T11:51:50,123868590+01:00
nan
nan
nan
nan
nan
 
2019-03-06T11:51:51,135258271+01:00
nan
nan
nan
nan
nan
 
2019-03-06T11:51:52,132030779+01:00
nan
nan
nan
nan
nan
 
2019-03-06T11:51:53,131863749+01:00
nan
nan
nan
nan
nan
 
2019-03-06T11:51:54,125870817+01:00
nan
nan
nan
nan
nan
 
2019-03-06T11:51:55,126499535+01:00
nan
nan
nan
nan
nan
 
2019-03-06T11:51:56,125721068+01:00
nan
nan
nan
nan
nan
 
2019-03-06T11:51:57,127149295+01:00
nan
nan
nan
nan
nan
 
2019-03-06T11:51:58,143049056+01:00
nan
nan
nan
nan
nan
 
2019-03-06T11:51:59,129206016+01:00
nan
nan
nan
nan
nan
 
2019-03-06T11:52:00,124050367+01:00
nan
nan
nan
nan
nan
 
2019-03-06T11:52:01,130818294+01:00
nan
nan
nan
nan
nan
 
2019-03-06T11:52:02,122970824+01:00
nan
nan
nan
nan
nan
 
2019-03-06T11:52:03,125155467+01:00
nan
nan
nan
nan
nan
 
2019-03-06T11:52:04,135045417+01:00
nan
nan
nan
nan
nan
 
2019-03-06T11:52:05,122854568+01:00
nan
nan
nan
nan
nan
 
2019-03-06T11:52:06,120119800+01:00
nan
nan
nan
nan
nan
 
2019-03-06T11:52:07,118272758+01:00
nan
nan
nan
nan
nan
 
2019-03-06T11:52:08,117258932+01:00
nan
nan
nan
nan
nan
 
2019-03-06T11:52:09,129087934+01:00
nan
nan
nan
nan
nan
 
2019-03-06T11:52:10,125586261+01:00
nan
nan
nan
nan
nan
 
2019-03-06T11:52:11,124784620+01:00
nan
nan
nan
nan
nan
 
2019-03-06T11:52:12,124851847+01:00
nan
nan
nan
nan
nan
 
2019-03-06T11:52:13,127103759+01:00
nan
nan
nan
nan
nan
 
2019-03-06T11:52:14,128737689+01:00
nan
nan
nan
nan
nan
 
2019-03-06T11:52:15,124637525+01:00
nan
nan
nan
nan
nan
 
2019-03-06T11:52:16,125016858+01:00
nan
nan
nan
nan
nan
 
2019-03-06T11:52:17,134720684+01:00
nan
nan
nan
nan
nan
 
2019-03-06T11:52:18,121783662+01:00
nan
nan
nan
nan
nan
 
2019-03-06T11:52:19,141027805+01:00
nan
nan
nan
nan
nan
 
2019-03-06T11:52:20,134279068+01:00
nan
nan
nan
nan
nan
 
2019-03-06T11:52:21,148299944+01:00
nan
nan
nan
nan
nan
 
2019-03-06T11:52:22,121786438+01:00
nan
nan
nan
nan
nan
 
2019-03-06T11:52:23,123799924+01:00
nan
nan
nan
nan
nan
 
2019-03-06T11:52:24,120515542+01:00
nan
nan
nan
nan
nan
 
2019-03-06T11:52:25,121685036+01:00
nan
nan
nan
nan
nan
 
2019-03-06T11:52:26,123045690+01:00
nan
nan
nan
nan
nan
 
2019-03-06T11:52:27,129707169+01:00
nan
nan
nan
nan
nan
 
2019-03-06T11:52:28,123504007+01:00
nan
nan
nan
nan
nan
 
2019-03-06T11:52:29,122755677+01:00
nan
nan
nan
nan
nan
 
2019-03-06T11:52:30,120555641+01:00
nan
nan
nan
nan
nan
 
2019-03-06T11:52:31,119466336+01:00
nan
nan
nan
nan
nan
 
2019-03-06T11:52:32,125329415+01:00
nan
nan
nan
nan
nan
 
2019-03-06T11:52:33,125018219+01:00
nan
nan
nan
nan
nan
 
2019-03-06T11:52:34,124708516+01:00
nan
nan
nan
nan
nan
 
2019-03-06T11:52:35,122568831+01:00
nan
nan
nan
nan
nan
 
2019-03-06T11:52:36,122188921+01:00
nan
nan
nan
nan
nan
 
2019-03-06T11:52:37,122155055+01:00
nan
nan
nan
nan
nan
 
2019-03-06T11:52:38,125665056+01:00
nan
nan
nan
nan
nan
 
2019-03-06T11:52:39,121218733+01:00
nan
nan
nan
nan
nan
 
2019-03-06T11:52:40,121616165+01:00
nan
nan
nan
nan
nan
 
2019-03-06T11:52:41,124180282+01:00
nan
nan
nan
nan
nan
 
2019-03-06T11:52:42,126161591+01:00
nan
nan
nan
nan
nan
 
2019-03-06T11:52:43,125850944+01:00
nan
nan
nan
nan
nan
 
2019-03-06T11:52:44,126294801+01:00
nan
nan
nan
nan
nan
 
2019-03-06T11:52:45,129175245+01:00
nan
nan
nan
nan
nan
 
2019-03-06T11:52:46,127845605+01:00
nan
nan
nan
nan
nan
 
2019-03-06T11:52:47,125129698+01:00
nan
nan
nan
nan
nan
 
2019-03-06T11:52:48,131875537+01:00
nan
nan
nan
nan
nan
 
2019-03-06T11:52:49,126449297+01:00
nan
nan
nan
nan
nan
 
2019-03-06T11:52:50,120363504+01:00
nan
nan
nan
nan
nan
 
2019-03-06T11:52:51,124099107+01:00
nan
nan
nan
nan
nan
 
2019-03-06T11:52:52,119648506+01:00
nan
nan
nan
nan
nan
 
2019-03-06T11:52:53,125712342+01:00
nan
nan
nan
nan
nan
 
2019-03-06T11:52:54,122705502+01:00
nan
nan
nan
nan
nan
 
2019-03-06T11:52:55,127353043+01:00
nan
nan
nan
nan
nan
 
2019-03-06T11:52:56,127092057+01:00
nan
nan
nan
nan
nan
 
2019-03-06T11:52:57,127443248+01:00
nan
nan
nan
nan
nan
 
2019-03-06T11:52:58,119499689+01:00
nan
nan
nan
nan
nan
 
2019-03-06T11:52:59,124702060+01:00
nan
nan
nan
nan
nan
 
2019-03-06T11:53:00,122148691+01:00
nan
nan
nan
nan
nan
 
2019-03-06T11:53:01,125097132+01:00
nan
nan
nan
nan
nan
 
2019-03-06T11:53:02,120377556+01:00
nan
nan
nan
nan
nan
 
2019-03-06T11:53:03,124469235+01:00
nan
nan
nan
nan
nan
 
2019-03-06T11:53:04,131031710+01:00
nan
nan
nan
nan
nan
 
2019-03-06T11:53:05,125516304+01:00
nan
nan
nan
nan
nan
 
2019-03-06T11:53:06,125705255+01:00
nan
nan
nan
nan
nan
 
2019-03-06T11:53:07,125110904+01:00
nan
nan
nan
nan
nan
 
2019-03-06T11:53:08,120755722+01:00
nan
nan
nan
nan
nan
 
2019-03-06T11:53:09,123336382+01:00
nan
nan
nan
nan
nan
 
2019-03-06T11:53:10,117476631+01:00
nan
nan
nan
nan
nan
 
2019-03-06T11:53:11,120893944+01:00
nan
nan
nan
nan
nan
 
2019-03-06T11:53:12,120477601+01:00
nan
nan
nan
nan
nan
 
2019-03-06T11:53:13,120752901+01:00
nan
nan
nan
nan
nan
 
2019-03-06T11:53:14,126253173+01:00
nan
nan
nan
nan
nan
 
2019-03-06T11:53:15,127303533+01:00
nan
nan
nan
nan
nan
 
2019-03-06T11:53:16,117528431+01:00
nan
nan
nan
nan
nan
 
2019-03-06T11:53:17,122832874+01:00
nan
nan
nan
nan
nan
 
2019-03-06T11:53:18,125948570+01:00
nan
nan
nan
nan
nan
 
2019-03-06T11:53:19,138807184+01:00
nan
nan
nan
nan
nan
 
2019-03-06T11:53:20,120003262+01:00
nan
nan
nan
nan
nan
 
2019-03-06T11:53:21,128278768+01:00
nan
nan
nan
nan
nan
 
2019-03-06T11:53:22,123003010+01:00
nan
nan
nan
nan
nan
 
2019-03-06T11:53:23,120443667+01:00
nan
nan
nan
nan
nan
 
2019-03-06T11:53:24,116653791+01:00
nan
nan
nan
nan
nan
 
2019-03-06T11:53:25,122259765+01:00
nan
nan
nan
nan
nan
 
2019-03-06T11:53:26,119695320+01:00
nan
nan
nan
nan
nan
 
2019-03-06T11:53:27,134389407+01:00
nan
nan
nan
nan
nan
 
2019-03-06T11:53:28,122624122+01:00
nan
nan
nan
nan
nan
 
2019-03-06T11:53:29,125803220+01:00
nan
nan
nan
nan
nan
 
2019-03-06T11:53:30,121355466+01:00
nan
nan
nan
nan
nan
 
2019-03-06T11:53:31,123935166+01:00
nan
nan
nan
nan
nan
 
2019-03-06T11:53:32,121303878+01:00
nan
nan
nan
nan
nan
 
2019-03-06T11:53:33,124003044+01:00
nan
nan
nan
nan
nan
 
2019-03-06T11:53:34,134930559+01:00
nan
nan
nan
nan
nan
 
2019-03-06T11:53:35,131053777+01:00
nan
nan
nan
nan
nan
 
2019-03-06T11:53:36,123049932+01:00
nan
nan
nan
nan
nan
 
2019-03-06T11:53:37,129320458+01:00
nan
nan
nan
nan
nan
 
2019-03-06T11:53:38,125584409+01:00
nan
nan
nan
nan
nan
 
2019-03-06T11:53:39,122642659+01:00
nan
nan
nan
nan
nan
 
2019-03-06T11:53:40,120417060+01:00
nan
nan
nan
nan
nan
 
2019-03-06T11:53:41,122717132+01:00
nan
nan
nan
nan
nan
 
2019-03-06T11:53:42,119050273+01:00
nan
nan
nan
nan
nan
 
2019-03-06T11:53:43,120664165+01:00
nan
nan
nan
nan
nan
 
2019-03-06T11:53:44,121819097+01:00
nan
nan
nan
nan
nan
 
2019-03-06T11:53:45,126929744+01:00
nan
nan
nan
nan
nan
 
2019-03-06T11:53:46,127903785+01:00
nan
nan
nan
nan
nan
 
2019-03-06T11:53:47,124906433+01:00
nan
nan
nan
nan
nan
 
2019-03-06T11:53:48,131593347+01:00
nan
nan
nan
nan
nan
 
2019-03-06T11:53:49,124598281+01:00
nan
nan
nan
nan
nan
 
2019-03-06T11:53:50,115505747+01:00
nan
nan
nan
nan
nan
 
2019-03-06T11:53:51,122824744+01:00
nan
nan
nan
nan
nan
 
2019-03-06T11:53:52,123536134+01:00
nan
nan
nan
nan
nan
 
2019-03-06T11:53:53,124194130+01:00
nan
nan
nan
nan
nan
 
2019-03-06T11:53:54,125336586+01:00
nan
nan
nan
nan
nan
 
2019-03-06T11:53:55,127052423+01:00
nan
nan
nan
nan
nan
 
2019-03-06T11:53:56,120802292+01:00
nan
nan
nan
nan
nan
 
2019-03-06T11:53:57,121898080+01:00
nan
nan
nan
nan
nan
 
2019-03-06T11:53:58,119513916+01:00
nan
nan
nan
nan
nan
 
2019-03-06T11:53:59,119267316+01:00
nan
nan
nan
nan
nan
 
2019-03-06T11:54:00,125030935+01:00
nan
nan
nan
nan
nan
 
2019-03-06T11:54:01,122572088+01:00
nan
nan
nan
nan
nan
 
2019-03-06T11:54:02,118707856+01:00
nan
nan
nan
nan
nan
 
2019-03-06T11:54:03,120440451+01:00
nan
nan
nan
nan
nan
 
2019-03-06T11:54:04,122926631+01:00
nan
nan
nan
nan
nan
 
2019-03-06T11:54:05,120528683+01:00
nan
nan
nan
nan
nan
 
2019-03-06T11:54:06,118683203+01:00
nan
nan
nan
nan
nan
 
2019-03-06T11:54:07,122491932+01:00
nan
nan
nan
nan
nan
 
2019-03-06T11:54:08,121315221+01:00
nan
nan
nan
nan
nan
 
2019-03-06T11:54:09,123284639+01:00
nan
nan
nan
nan
nan
 
2019-03-06T11:54:10,120104171+01:00
nan
nan
nan
nan
nan
 
2019-03-06T11:54:11,123676728+01:00
nan
nan
nan
nan
nan
 
2019-03-06T11:54:12,119309066+01:00
nan
nan
nan
nan
nan
 
2019-03-06T11:54:13,122849769+01:00
nan
nan
nan
nan
nan
 
2019-03-06T11:54:14,118189187+01:00
nan
nan
nan
nan
nan
 
2019-03-06T11:54:15,125221137+01:00
nan
nan
nan
nan
nan
 
2019-03-06T11:54:16,126378041+01:00
nan
nan
nan
nan
nan
 
2019-03-06T11:54:17,124066310+01:00
nan
nan
nan
nan
nan
 
2019-03-06T11:54:18,124914500+01:00
nan
nan
nan
nan
nan
 
2019-03-06T11:54:19,129910349+01:00
nan
nan
nan
nan
nan
 
2019-03-06T11:54:20,131881887+01:00
nan
nan
nan
nan
nan
 
2019-03-06T11:54:21,127376311+01:00
nan
nan
nan
nan
nan
 
2019-03-06T11:54:22,124307455+01:00
nan
nan
nan
nan
nan
 
2019-03-06T11:54:23,124187339+01:00
nan
nan
nan
nan
nan
 
2019-03-06T11:54:24,122875876+01:00
nan
nan
nan
nan
nan
 
2019-03-06T11:54:25,122728430+01:00
nan
nan
nan
nan
nan
 
2019-03-06T11:54:26,123065799+01:00
nan
nan
nan
nan
nan
 
2019-03-06T11:54:27,127221714+01:00
nan
nan
nan
nan
nan
 
2019-03-06T11:54:28,119414529+01:00
nan
nan
nan
nan
nan
 
2019-03-06T11:54:29,126434724+01:00
nan
nan
nan
nan
nan
 
2019-03-06T11:54:30,122571149+01:00
nan
nan
nan
nan
nan
 
2019-03-06T11:54:31,127563829+01:00
nan
nan
nan
nan
nan
 
2019-03-06T11:54:32,122221056+01:00
nan
nan
nan
nan
nan
 
2019-03-06T11:54:33,118229259+01:00
nan
nan
nan
nan
nan
 
2019-03-06T11:54:34,120045756+01:00
nan
nan
nan
nan
nan
 
2019-03-06T11:54:35,122913883+01:00
nan
nan
nan
nan
nan
 
2019-03-06T11:54:36,125696206+01:00
nan
nan
nan
nan
nan
 
2019-03-06T11:54:37,131989948+01:00
nan
nan
nan
nan
nan
 
2019-03-06T11:54:38,121938756+01:00
nan
nan
nan
nan
nan
 
2019-03-06T11:54:39,123046994+01:00
nan
nan
nan
nan
nan
 
2019-03-06T11:54:40,126249943+01:00
nan
nan
nan
nan
nan
 
2019-03-06T11:54:41,125195288+01:00
nan
nan
nan
nan
nan
 
2019-03-06T11:54:42,128211121+01:00
nan
nan
nan
nan
nan
 
2019-03-06T11:54:43,125634173+01:00
nan
nan
nan
nan
nan
 
2019-03-06T11:54:44,133264305+01:00
nan
nan
nan
nan
nan
 
2019-03-06T11:54:45,118259149+01:00
nan
nan
nan
nan
nan
 
2019-03-06T11:54:46,121424364+01:00
nan
nan
nan
nan
nan
 
2019-03-06T11:54:47,122243673+01:00
nan
nan
nan
nan
nan
 
2019-03-06T11:54:48,123732394+01:00
nan
nan
nan
nan
nan
 
2019-03-06T11:54:49,135667624+01:00
nan
nan
nan
nan
nan
 
2019-03-06T11:54:50,122335125+01:00
nan
nan
nan
nan
nan
 
2019-03-06T11:54:51,126151101+01:00
nan
nan
nan
nan
nan
 
2019-03-06T11:54:52,123771411+01:00
nan
nan
nan
nan
nan
 
2019-03-06T11:54:53,122770058+01:00
nan
nan
nan
nan
nan
 
2019-03-06T11:54:54,119973767+01:00
nan
nan
nan
nan
nan
 
2019-03-06T11:54:55,124547578+01:00
nan
nan
nan
nan
nan
 
2019-03-06T11:54:56,121932840+01:00
nan
nan
nan
nan
nan
 
2019-03-06T11:54:57,121862019+01:00
nan
nan
nan
nan
nan
 
2019-03-06T11:54:58,125234261+01:00
nan
nan
nan
nan
nan
 
2019-03-06T11:54:59,126060919+01:00
nan
nan
nan
nan
nan
 
2019-03-06T11:55:00,122920785+01:00
nan
nan
nan
nan
nan
 
2019-03-06T11:55:01,124728065+01:00
nan
nan
nan
nan
nan
 
2019-03-06T11:55:02,121081569+01:00
nan
nan
nan
nan
nan
 
2019-03-06T11:55:03,132824305+01:00
nan
nan
nan
nan
nan
 
2019-03-06T11:55:04,120164726+01:00
nan
nan
nan
nan
nan
 
2019-03-06T11:55:05,124310376+01:00
nan
nan
nan
nan
nan
 
2019-03-06T11:55:06,121101857+01:00
nan
nan
nan
nan
nan
 
2019-03-06T11:55:07,122536792+01:00
nan
nan
nan
nan
nan
 
2019-03-06T11:55:08,124974596+01:00
nan
nan
nan
nan
nan
 
2019-03-06T11:55:09,127165415+01:00
nan
nan
nan
nan
nan
 
2019-03-06T11:55:10,129204168+01:00
nan
nan
nan
nan
nan
 
2019-03-06T11:55:11,122979387+01:00
nan
nan
nan
nan
nan
 
2019-03-06T11:55:12,119090286+01:00
nan
nan
nan
nan
nan
 
2019-03-06T11:55:13,122223117+01:00
nan
nan
nan
nan
nan
 
2019-03-06T11:55:14,128070186+01:00
nan
nan
nan
nan
nan
 
2019-03-06T11:55:15,130410014+01:00
nan
nan
nan
nan
nan
 
2019-03-06T11:55:16,119478039+01:00
nan
nan
nan
nan
nan
 
2019-03-06T11:55:17,125254719+01:00
nan
nan
nan
nan
nan
 
2019-03-06T11:55:18,129202605+01:00
nan
nan
nan
nan
nan
 
2019-03-06T11:55:19,127230877+01:00
nan
nan
nan
nan
nan
 
2019-03-06T11:55:20,121265560+01:00
nan
nan
nan
nan
nan
 
2019-03-06T11:55:21,120665210+01:00
nan
nan
nan
nan
nan
 
2019-03-06T11:55:22,123909620+01:00
nan
nan
nan
nan
nan
 
2019-03-06T11:55:23,123637930+01:00
nan
nan
nan
nan
nan
 
2019-03-06T11:55:24,122569031+01:00
nan
nan
nan
nan
nan
 
2019-03-06T11:55:25,123537108+01:00
nan
nan
nan
nan
nan
 
2019-03-06T11:55:26,124892948+01:00
nan
nan
nan
nan
nan
 
2019-03-06T11:55:27,125722889+01:00
nan
nan
nan
nan
nan
 
2019-03-06T11:55:28,120317120+01:00
nan
nan
nan
nan
nan
 
2019-03-06T11:55:29,120039664+01:00
nan
nan
nan
nan
nan
 
2019-03-06T11:55:30,120336710+01:00
nan
nan
nan
nan
nan
 
2019-03-06T11:55:31,123195482+01:00
nan
nan
nan
nan
nan
 
2019-03-06T11:55:32,131273200+01:00
nan
nan
nan
nan
nan
 
2019-03-06T11:55:33,140000454+01:00
nan
nan
nan
nan
nan
 
2019-03-06T11:55:34,125010169+01:00
nan
nan
nan
nan
nan
 
2019-03-06T11:55:35,138995742+01:00
nan
nan
nan
nan
nan
 
2019-03-06T11:55:36,123455000+01:00
nan
nan
nan
nan
nan
 
2019-03-06T11:55:37,130970264+01:00
nan
nan
nan
nan
nan
 
2019-03-06T11:55:38,118491831+01:00
nan
nan
nan
nan
nan
 
2019-03-06T11:55:39,127099979+01:00
nan
nan
nan
nan
nan
 
2019-03-06T11:55:40,125070872+01:00
nan
nan
nan
nan
nan
 
2019-03-06T11:55:41,126847820+01:00
nan
nan
nan
nan
nan
 
2019-03-06T11:55:42,124850613+01:00
nan
nan
nan
nan
nan
 
2019-03-06T11:55:43,131076421+01:00
nan
nan
nan
nan
nan
 
2019-03-06T11:55:44,123593901+01:00
nan
nan
nan
nan
nan
 
2019-03-06T11:55:45,123139308+01:00
nan
nan
nan
nan
nan
 
2019-03-06T11:55:46,117377672+01:00
nan
nan
nan
nan
nan
 
2019-03-06T11:55:47,125134674+01:00
nan
nan
nan
nan
nan
 
2019-03-06T11:55:48,126833778+01:00
nan
nan
nan
nan
nan
 
2019-03-06T11:55:49,121643379+01:00
nan
nan
nan
nan
nan
 
2019-03-06T11:55:50,121861190+01:00
nan
nan
nan
nan
nan
 
2019-03-06T11:55:51,131447941+01:00
nan
nan
nan
nan
nan
 
2019-03-06T11:55:52,131031334+01:00
nan
nan
nan
nan
nan
 
2019-03-06T11:55:53,123315787+01:00
nan
nan
nan
nan
nan
 
2019-03-06T11:55:54,122916417+01:00
nan
nan
nan
nan
nan
 
2019-03-06T11:55:55,122294357+01:00
nan
nan
nan
nan
nan
 
2019-03-06T11:55:56,121403872+01:00
nan
nan
nan
nan
nan
 
2019-03-06T11:55:57,123996876+01:00
nan
nan
nan
nan
nan
 
2019-03-06T11:55:58,120207610+01:00
nan
nan
nan
nan
nan
 
2019-03-06T11:55:59,122844234+01:00
nan
nan
nan
nan
nan
 
2019-03-06T11:56:00,120831253+01:00
nan
nan
nan
nan
nan
 
2019-03-06T11:56:01,123987076+01:00
nan
nan
nan
nan
nan
 
2019-03-06T11:56:02,119875552+01:00
nan
nan
nan
nan
nan
 
2019-03-06T11:56:03,121661589+01:00
nan
nan
nan
nan
nan
 
2019-03-06T11:56:04,123373889+01:00
nan
nan
nan
nan
nan
 
2019-03-06T11:56:05,122331761+01:00
nan
nan
nan
nan
nan
 
2019-03-06T11:56:06,118183358+01:00
nan
nan
nan
nan
nan
 
2019-03-06T11:56:07,123243242+01:00
nan
nan
nan
nan
nan
 
2019-03-06T11:56:08,118364632+01:00
nan
nan
nan
nan
nan
 
2019-03-06T11:56:09,124162761+01:00
nan
nan
nan
nan
nan
 
2019-03-06T11:56:10,124318656+01:00
nan
nan
nan
nan
nan
 
2019-03-06T11:56:11,125333657+01:00
nan
nan
nan
nan
nan
 
2019-03-06T11:56:12,124630535+01:00
nan
nan
nan
nan
nan
 
2019-03-06T11:56:13,122325096+01:00
nan
nan
nan
nan
nan
 
2019-03-06T11:56:14,122318116+01:00
nan
nan
nan
nan
nan
 
2019-03-06T11:56:15,124023770+01:00
nan
nan
nan
nan
nan
 
2019-03-06T11:56:16,123624663+01:00
nan
nan
nan
nan
nan
 
2019-03-06T11:56:17,127023029+01:00
nan
nan
nan
nan
nan
 
2019-03-06T11:56:18,130829768+01:00
nan
nan
nan
nan
nan
 
2019-03-06T11:56:19,123425906+01:00
nan
nan
nan
nan
nan
 
2019-03-06T11:56:20,121417587+01:00
nan
nan
nan
nan
nan
 
2019-03-06T11:56:21,134835264+01:00
nan
nan
nan
nan
nan
 
2019-03-06T11:56:22,122700186+01:00
nan
nan
nan
nan
nan
 
2019-03-06T11:56:23,124629333+01:00
nan
nan
nan
nan
nan
 
2019-03-06T11:56:24,129445427+01:00
nan
nan
nan
nan
nan
 
2019-03-06T11:56:25,132680584+01:00
nan
nan
nan
nan
nan
 
2019-03-06T11:56:26,121504451+01:00
nan
nan
nan
nan
nan
 
2019-03-06T11:56:27,122120401+01:00
nan
nan
nan
nan
nan
 
2019-03-06T11:56:28,122286217+01:00
nan
nan
nan
nan
nan
 
2019-03-06T11:56:29,127243675+01:00
nan
nan
nan
nan
nan
 
2019-03-06T11:56:30,122428076+01:00
nan
nan
nan
nan
nan
 
2019-03-06T11:56:31,126141056+01:00
nan
nan
nan
nan
nan
 
2019-03-06T11:56:32,119213261+01:00
nan
nan
nan
nan
nan
 
2019-03-06T11:56:33,125086747+01:00
nan
nan
nan
nan
nan
 
2019-03-06T11:56:34,122753310+01:00
nan
nan
nan
nan
nan
 
2019-03-06T11:56:35,124728845+01:00
nan
nan
nan
nan
nan
 
2019-03-06T11:56:36,124172879+01:00
nan
nan
nan
nan
nan
 
2019-03-06T11:56:37,123107489+01:00
nan
nan
nan
nan
nan
 
2019-03-06T11:56:38,122085794+01:00
nan
nan
nan
nan
nan
 
2019-03-06T11:56:39,121914371+01:00
nan
nan
nan
nan
nan
 
2019-03-06T11:56:40,122153976+01:00
nan
nan
nan
nan
nan
 
2019-03-06T11:56:41,122663338+01:00
nan
nan
nan
nan
nan
 
2019-03-06T11:56:42,121879096+01:00
nan
nan
nan
nan
nan
 
2019-03-06T11:56:43,128614961+01:00
nan
nan
nan
nan
nan
 
2019-03-06T11:56:44,124167476+01:00
nan
nan
nan
nan
nan
 
2019-03-06T11:56:45,123746248+01:00
nan
nan
nan
nan
nan
 
2019-03-06T11:56:46,124758192+01:00
nan
nan
nan
nan
nan
 
2019-03-06T11:56:47,122156247+01:00
nan
nan
nan
nan
nan
 
2019-03-06T11:56:48,124943992+01:00
nan
nan
nan
nan
nan
 
2019-03-06T11:56:49,127027244+01:00
nan
nan
nan
nan
nan
 
2019-03-06T11:56:50,121919346+01:00
nan
nan
nan
nan
nan
 
2019-03-06T11:56:51,119026776+01:00
nan
nan
nan
nan
nan
 
2019-03-06T11:56:52,116319577+01:00
nan
nan
nan
nan
nan
 
2019-03-06T11:56:53,119553832+01:00
nan
nan
nan
nan
nan
 
2019-03-06T11:56:54,119401698+01:00
nan
nan
nan
nan
nan
 
2019-03-06T11:56:55,123460901+01:00
nan
nan
nan
nan
nan
 
2019-03-06T11:56:56,116147076+01:00
nan
nan
nan
nan
nan
 
