
2019-05-11T14:09:07,749478963+02:00
nan
nan
nan
nan
nan
 
2019-05-11T14:09:08,737737678+02:00
nan
nan
nan
nan
nan
 
2019-05-11T14:09:09,739131515+02:00
nan
nan
nan
nan
nan
 
2019-05-11T14:09:10,739387750+02:00
nan
nan
nan
nan
nan
 
2019-05-11T14:09:11,739801052+02:00
nan
nan
nan
nan
nan
 
2019-05-11T14:09:12,740348151+02:00
nan
nan
nan
nan
nan
 
2019-05-11T14:09:13,743287644+02:00
nan
nan
nan
nan
nan
 
2019-05-11T14:09:14,764916349+02:00
nan
nan
nan
nan
nan
 
2019-05-11T14:09:15,742684025+02:00
nan
nan
nan
nan
nan
 
2019-05-11T14:09:16,745298947+02:00
nan
nan
nan
nan
nan
 
2019-05-11T14:09:17,739920898+02:00
nan
nan
nan
nan
nan
 
2019-05-11T14:09:18,744156613+02:00
nan
nan
nan
nan
nan
 
2019-05-11T14:09:19,749271112+02:00
nan
nan
nan
nan
nan
 
2019-05-11T14:09:20,756992496+02:00
nan
nan
nan
nan
nan
 
2019-05-11T14:09:21,740820420+02:00
nan
nan
nan
nan
nan
 
2019-05-11T14:09:22,746294050+02:00
nan
nan
nan
nan
nan
 
2019-05-11T14:09:23,751922019+02:00
nan
nan
nan
nan
nan
 
2019-05-11T14:09:24,745026836+02:00
nan
nan
nan
nan
nan
 
2019-05-11T14:09:25,754711945+02:00
nan
nan
nan
nan
nan
 
2019-05-11T14:09:26,752724023+02:00
nan
nan
nan
nan
nan
 
2019-05-11T14:09:27,748559433+02:00
nan
nan
nan
nan
nan
 
2019-05-11T14:09:28,753627970+02:00
nan
nan
nan
nan
nan
 
2019-05-11T14:09:29,752236456+02:00
nan
nan
nan
nan
nan
 
2019-05-11T14:09:30,744908251+02:00
nan
nan
nan
nan
nan
 
2019-05-11T14:09:31,758814278+02:00
nan
nan
nan
nan
nan
 
2019-05-11T14:09:32,758333534+02:00
nan
nan
nan
nan
nan
 
2019-05-11T14:09:33,747804545+02:00
nan
nan
nan
nan
nan
 
2019-05-11T14:09:34,747804343+02:00
nan
nan
nan
nan
nan
 
2019-05-11T14:09:35,747291937+02:00
nan
nan
nan
nan
nan
 
2019-05-11T14:09:36,743941244+02:00
nan
nan
nan
nan
nan
 
2019-05-11T14:09:37,751133118+02:00
nan
nan
nan
nan
nan
 
2019-05-11T14:09:38,748070802+02:00
nan
nan
nan
nan
nan
 
2019-05-11T14:09:39,747938722+02:00
nan
nan
nan
nan
nan
 
2019-05-11T14:09:40,748540311+02:00
nan
nan
nan
nan
nan
 
2019-05-11T14:09:41,753651754+02:00
nan
nan
nan
nan
nan
 
2019-05-11T14:09:42,752135366+02:00
nan
nan
nan
nan
nan
 
2019-05-11T14:09:43,753540957+02:00
nan
nan
nan
nan
nan
 
