
2019-05-07T16:35:46,777566299+02:00
57.014006833
9.987226333
0.2844
nan
0.0
 
2019-05-07T16:35:46,972599082+02:00
57.014007
9.987226
0.1152
nan
0.0
 
2019-05-07T16:35:47,175603325+02:00
57.014007333
9.9872255
0.198
nan
0.0
 
2019-05-07T16:35:47,371016807+02:00
57.0140075
9.987225167
0.198
nan
0.0
 
2019-05-07T16:35:47,575837685+02:00
57.014007833
9.987224667
0.108
nan
0.0
 
2019-05-07T16:35:47,771794648+02:00
57.014007833
9.987224333
0.1872
nan
0.0
 
2019-05-07T16:35:47,975420086+02:00
57.014008333
9.987223833
0.3996
nan
0.0
 
2019-05-07T16:35:48,178692325+02:00
57.014008333
9.987223
0.2412
nan
0.0
 
2019-05-07T16:35:48,373289881+02:00
57.014008333
9.987223
0.1476
nan
0.0
 
2019-05-07T16:35:48,572362221+02:00
57.014008667
9.987222167
0.2196
nan
0.0
 
2019-05-07T16:35:48,777354291+02:00
57.014009
9.987222
0.0864
nan
0.0
 
2019-05-07T16:35:48,972132666+02:00
57.014009167
9.987221333
0.1152
nan
0.0
 
2019-05-07T16:35:49,173435501+02:00
57.014009333
9.987221
0.0828
nan
0.0
 
2019-05-07T16:35:49,381395421+02:00
57.014009667
9.987220667
0.1296
nan
0.0
 
2019-05-07T16:35:49,584143448+02:00
57.014009333
9.987219833
0.3924
nan
0.0
 
2019-05-07T16:35:49,782742425+02:00
57.014009167
9.9872195
0.2376
nan
0.0
 
2019-05-07T16:35:49,990284305+02:00
57.014009167
9.987218667
0.1944
nan
0.0
 
2019-05-07T16:35:50,188417376+02:00
57.0140095
9.987217667
0.2916
nan
0.0
 
2019-05-07T16:35:50,395840585+02:00
57.0140095
9.987217333
0.1872
nan
0.0
 
2019-05-07T16:35:50,591042958+02:00
57.014009167
9.987216333
0.3384
nan
0.0
 
2019-05-07T16:35:51,002084944+02:00
57.014009167
9.987215
0.1764
nan
0.0
 
2019-05-07T16:35:51,205897110+02:00
57.014009167
9.987214167
0.2124
nan
0.0
 
2019-05-07T16:35:51,404987391+02:00
57.0140095
9.987213833
0.1404
nan
0.0
 
2019-05-07T16:35:51,615263695+02:00
57.01401
9.9872135
0.3888
nan
0.0
 
