
2019-05-14T12:31:49,096414707+02:00
57.013876667
9.987374833
0.3636
12.6
0.0
 
2019-05-14T12:31:50,098105540+02:00
57.013881167
9.987369
0.342
12.8
0.0
 
2019-05-14T12:31:51,097153989+02:00
57.013886333
9.987357167
1.0764
13.1
0.0
 
2019-05-14T12:31:52,087746299+02:00
57.013881167
9.987352167
1.044
13.1
0.0
 
2019-05-14T12:31:53,089568056+02:00
57.013886667
9.9873445
1.0008
13.2
0.0
 
2019-05-14T12:31:54,088090050+02:00
57.013889167
9.9873395
0.8424
13.5
0.0
 
2019-05-14T12:31:55,090407401+02:00
57.013883333
9.987336
1.3032
13.7
0.0
 
2019-05-14T12:31:56,100757354+02:00
57.013895667
9.987332
0.5184
13.9
0.0
 
2019-05-14T12:31:57,101191951+02:00
57.013899667
9.987339833
0.5076
14.2
0.0
 
2019-05-14T12:31:58,096334057+02:00
57.0139055
9.987345167
0.9756
14.5
0.0
 
2019-05-14T12:31:59,115944269+02:00
57.013907
9.987325833
0.3312
15.0
0.0
 
2019-05-14T12:32:00,093964814+02:00
57.013903333
9.987327833
0.414
15.3
0.0
 
2019-05-14T12:32:01,089250691+02:00
57.0139085
9.987304
1.0116
15.8
0.0
 
2019-05-14T12:32:02,087084117+02:00
57.0139165
9.987284333
1.6164
16.3
0.0
 
2019-05-14T12:32:03,092314326+02:00
57.013916
9.987300333
0.396
16.8
0.0
 
2019-05-14T12:32:04,088450238+02:00
57.013921833
9.987286167
0.99
17.1
0.0
 
2019-05-14T12:32:05,102152151+02:00
57.013930667
9.987272
1.5912
17.4
0.0
 
2019-05-14T12:32:06,089342902+02:00
57.0139575
9.987265833
3.312
17.8
0.0
 
