
2019-02-24T12:20:50,049587194+01:00
nan
nan
nan
nan
nan
 
2019-02-24T12:20:51,051957939+01:00
nan
nan
nan
nan
nan
 
2019-02-24T12:20:52,047858178+01:00
nan
nan
nan
nan
nan
 
2019-02-24T12:20:53,047641793+01:00
nan
nan
nan
nan
nan
 
2019-02-24T12:20:54,209767033+01:00
nan
nan
nan
nan
nan
 
2019-02-24T12:20:55,052324965+01:00
nan
nan
nan
nan
nan
 
2019-02-24T12:20:56,047639875+01:00
nan
nan
nan
nan
nan
 
2019-02-24T12:20:57,050488659+01:00
nan
nan
nan
nan
nan
 
2019-02-24T12:20:58,047685793+01:00
nan
nan
nan
nan
nan
 
2019-02-24T12:20:59,048834914+01:00
nan
nan
nan
nan
nan
 
2019-02-24T12:21:00,201906143+01:00
nan
nan
nan
nan
nan
 
2019-02-24T12:21:01,051426417+01:00
nan
nan
nan
nan
nan
 
2019-02-24T12:21:02,051133740+01:00
nan
nan
nan
nan
nan
 
2019-02-24T12:21:03,048136134+01:00
nan
nan
nan
nan
nan
 
2019-02-24T12:21:04,047689079+01:00
nan
nan
nan
nan
nan
 
2019-02-24T12:21:05,060883735+01:00
nan
nan
nan
nan
nan
 
2019-02-24T12:21:06,218561779+01:00
nan
nan
nan
nan
nan
 
2019-02-24T12:21:07,052559109+01:00
nan
nan
nan
nan
nan
 
2019-02-24T12:21:08,063434926+01:00
nan
nan
nan
nan
nan
 
2019-02-24T12:21:09,055583978+01:00
nan
nan
nan
nan
nan
 
2019-02-24T12:21:10,053224518+01:00
nan
nan
nan
nan
nan
 
2019-02-24T12:21:11,051563488+01:00
nan
nan
nan
nan
nan
 
2019-02-24T12:21:12,198652686+01:00
nan
nan
nan
nan
nan
 
2019-02-24T12:21:13,049150266+01:00
nan
nan
nan
nan
nan
 
2019-02-24T12:21:14,052709706+01:00
nan
nan
nan
nan
nan
 
2019-02-24T12:21:15,050211640+01:00
nan
nan
nan
nan
nan
 
2019-02-24T12:21:16,050740123+01:00
nan
nan
nan
nan
nan
 
2019-02-24T12:21:17,049116563+01:00
nan
nan
nan
nan
nan
 
2019-02-24T12:21:18,201065367+01:00
nan
nan
nan
nan
nan
 
2019-02-24T12:21:19,052792952+01:00
nan
nan
nan
nan
nan
 
2019-02-24T12:21:20,056639342+01:00
nan
nan
nan
nan
nan
 
2019-02-24T12:21:21,054627522+01:00
nan
nan
nan
nan
nan
 
2019-02-24T12:21:22,054845164+01:00
nan
nan
nan
nan
nan
 
2019-02-24T12:21:23,048753517+01:00
nan
nan
nan
nan
nan
 
2019-02-24T12:21:24,211431758+01:00
nan
nan
nan
nan
nan
 
2019-02-24T12:21:25,055017195+01:00
nan
nan
nan
nan
nan
 
2019-02-24T12:21:26,051692536+01:00
nan
nan
nan
nan
nan
 
2019-02-24T12:21:27,048733656+01:00
nan
nan
nan
nan
nan
 
