
2019-05-07T15:58:16,885081232+02:00
57.013955333
9.987267167
0.0936
nan
0.0
 
2019-05-07T15:58:17,087394528+02:00
57.013955167
9.987267
0.2916
nan
0.0
 
2019-05-07T15:58:17,485944320+02:00
57.0139555
9.987267167
0.0144
nan
0.0
 
2019-05-07T15:58:17,687248158+02:00
57.013955667
9.987267333
0.1008
nan
0.0
 
2019-05-07T15:58:17,884107838+02:00
57.013956
9.987267333
0.1008
nan
0.0
 
2019-05-07T15:58:18,085544880+02:00
57.013956667
9.987267333
0.1836
nan
0.0
 
2019-05-07T15:58:18,286109118+02:00
57.013956667
9.9872675
0.1656
nan
0.0
 
2019-05-07T15:58:18,483202781+02:00
57.013957333
9.9872675
0.2448
nan
0.0
 
2019-05-07T15:58:18,686053831+02:00
57.013958167
9.987267333
0.054
nan
0.0
 
2019-05-07T15:58:18,914703537+02:00
57.013958833
9.987267333
0.1764
nan
0.0
 
2019-05-07T15:58:19,294121407+02:00
57.013960667
9.987267
0.216
nan
0.0
 
2019-05-07T15:58:19,501663837+02:00
57.013960833
9.987267167
0.0324
nan
0.0
 
2019-05-07T15:58:19,910203132+02:00
57.013962667
9.987266833
0.09
nan
0.0
 
2019-05-07T15:58:20,112422560+02:00
57.013963333
9.987266833
0.2196
nan
0.0
 
2019-05-07T15:58:20,318518481+02:00
57.013963833
9.987267
0.1944
nan
0.0
 
2019-05-07T15:58:20,519075801+02:00
57.0139645
9.987267
0.1368
nan
0.0
 
2019-05-07T15:58:20,730294005+02:00
57.013965
9.987266833
0.2304
nan
0.0
 
2019-05-07T15:58:21,133875379+02:00
57.013966667
9.987267167
0.4788
nan
0.0
 
2019-05-07T15:58:21,545123539+02:00
57.013968
9.987267667
0.1044
nan
0.0
 
2019-05-07T15:58:21,977785392+02:00
57.013969333
9.987268
0.108
nan
0.0
 
2019-05-07T15:58:22,362350442+02:00
57.013969667
9.987268333
0.3204
nan
0.0
 
2019-05-07T15:58:22,783071440+02:00
57.013971167
9.987268667
0.18
nan
0.0
 
2019-05-07T15:58:23,185729264+02:00
57.013972167
9.987270167
0.1692
nan
0.0
 
2019-05-07T15:58:23,584428052+02:00
57.013974
9.987271333
0.09
nan
0.0
 
2019-05-07T15:58:23,986965110+02:00
57.013975333
9.987272667
0.09
nan
0.0
 
2019-05-07T15:58:24,399817864+02:00
57.013977
9.9872735
0.0864
nan
0.0
 
2019-05-07T15:58:24,815957728+02:00
57.013978333
9.987274
0.0576
nan
0.0
 
2019-05-07T15:58:25,213116869+02:00
57.013979833
9.9872745
0.072
nan
0.0
 
2019-05-07T15:58:25,632895069+02:00
57.013981
9.987275333
0.2592
nan
0.0
 
2019-05-07T15:58:26,024120541+02:00
57.013982167
9.987276667
0.0396
nan
0.0
 
2019-05-07T15:58:26,652653588+02:00
57.013984
9.987277333
0.1908
nan
0.0
 
2019-05-07T15:58:27,039569949+02:00
57.013985667
9.987277667
0.1044
nan
0.0
 
2019-05-07T15:58:27,690355531+02:00
57.013988333
9.987278333
0.1116
nan
0.0
 
2019-05-07T15:58:28,070463718+02:00
57.013990167
9.9872785
0.0576
nan
0.0
 
2019-05-07T15:58:28,437158100+02:00
57.013991833
9.987278333
0.0828
nan
0.0
 
2019-05-07T15:58:28,872479007+02:00
57.013993
9.987278333
0.1692
nan
0.0
 
2019-05-07T15:58:29,265893829+02:00
57.013993667
9.9872785
0.0612
nan
0.0
 
2019-05-07T15:58:29,646275315+02:00
57.013994667
9.987278833
0.1728
nan
0.0
 
2019-05-07T15:58:30,249212725+02:00
57.013995833
9.987279333
0.0576
nan
0.0
 
2019-05-07T15:58:30,669387927+02:00
57.013996667
9.987279667
0.1656
nan
0.0
 
2019-05-07T15:58:31,061909677+02:00
57.013997667
9.987279667
0.0792
nan
0.0
 
2019-05-07T15:58:31,459857022+02:00
57.013998833
9.9872795
0.3384
nan
0.0
 
2019-05-07T15:58:32,090400489+02:00
57.0140005
9.987279667
0.6192
nan
0.0
 
2019-05-07T15:58:32,470424133+02:00
57.0140015
9.987279167
0.1368
nan
0.0
 
2019-05-07T15:58:32,881069364+02:00
57.0140025
9.987278667
0.144
nan
0.0
 
2019-05-07T15:58:33,294456241+02:00
57.014003667
9.9872785
0.0612
nan
0.0
 
2019-05-07T15:58:33,687221026+02:00
57.014004333
9.987278167
0.0792
nan
0.0
 
2019-05-07T15:58:34,083182163+02:00
57.0140055
9.987277667
0.09
nan
0.0
 
2019-05-07T15:58:34,486738395+02:00
57.0140065
9.987277333
0.0936
nan
0.0
 
2019-05-07T15:58:34,898400904+02:00
57.014007333
9.987277167
0.0864
nan
0.0
 
2019-05-07T15:58:35,286617803+02:00
57.014008833
9.987276833
0.0792
nan
0.0
 
2019-05-07T15:58:35,696884421+02:00
57.01401
9.987276667
0.1008
nan
0.0
 
2019-05-07T15:58:36,087234282+02:00
57.014011
9.9872765
0.2232
nan
0.0
 
2019-05-07T15:58:36,497217127+02:00
57.0140115
9.987276167
0.0972
nan
0.0
 
2019-05-07T15:58:36,891301808+02:00
57.014011833
9.987275833
0.0828
nan
0.0
 
2019-05-07T15:58:37,489103439+02:00
57.014012833
9.987275333
0.0972
nan
0.0
 
2019-05-07T15:58:37,880210204+02:00
57.014012833
9.987274667
0.2088
nan
0.0
 
2019-05-07T15:58:38,305147112+02:00
57.0140135
9.987274167
0.3636
nan
0.0
 
2019-05-07T15:58:38,706858609+02:00
57.014013833
9.9872735
0.0324
nan
0.0
 
2019-05-07T15:58:39,284296897+02:00
57.014015167
9.9872725
0.1044
nan
0.0
 
2019-05-07T15:58:39,685522325+02:00
57.0140155
9.987271833
0.1188
nan
0.0
 
2019-05-07T15:58:39,935273463+02:00
57.0140155
9.987271667
0.1332
nan
0.0
 
2019-05-07T15:58:40,300160194+02:00
57.014015667
9.987271167
0.4392
nan
0.0
 
2019-05-07T15:58:40,684211027+02:00
57.0140155
9.9872705
0.0936
nan
0.0
 
2019-05-07T15:58:41,089970918+02:00
57.014015667
9.987270167
0.234
nan
0.0
 
2019-05-07T15:58:41,489783422+02:00
57.014016
9.987269833
0.1764
nan
0.0
 
2019-05-07T15:58:41,719337557+02:00
57.014016167
9.987269667
0.1152
nan
0.0
 
2019-05-07T15:58:42,113319556+02:00
57.014015833
9.987269167
0.108
nan
0.0
 
2019-05-07T15:58:42,516294647+02:00
57.014016
9.987268833
0.1476
nan
0.0
 
2019-05-07T15:58:42,902459332+02:00
57.014016333
9.987268333
0.1872
nan
0.0
 
2019-05-07T15:58:43,486408477+02:00
57.014016833
9.9872675
0.108
nan
0.0
 
2019-05-07T15:58:43,716332528+02:00
57.014017167
9.9872675
0.1368
nan
0.0
 
2019-05-07T15:58:44,107301106+02:00
57.014017833
9.987267333
0.1044
nan
0.0
 
2019-05-07T15:58:44,699998137+02:00
57.014018667
9.987267167
0.2916
nan
0.0
 
2019-05-07T15:58:45,096218856+02:00
57.014019333
9.987267333
0.306
nan
0.0
 
2019-05-07T15:58:45,702136862+02:00
57.01402
9.987267333
0.0144
nan
0.0
 
2019-05-07T15:58:46,091620774+02:00
57.014020833
9.987267167
0.2808
nan
0.0
 
2019-05-07T15:58:46,494117795+02:00
57.014021167
9.987267167
0.1944
nan
0.0
 
2019-05-07T15:58:46,736569748+02:00
57.014021333
9.987267333
0.0288
nan
0.0
 
2019-05-07T15:58:47,095622230+02:00
57.014021667
9.987267333
0.1476
nan
0.0
 
2019-05-07T15:58:47,502899512+02:00
57.014021833
9.9872675
0.108
nan
0.0
 
2019-05-07T15:58:47,894796933+02:00
57.014021833
9.9872675
0.2556
nan
0.0
 
2019-05-07T15:58:48,300719735+02:00
57.014022
9.987267667
0.216
nan
0.0
 
2019-05-07T15:58:48,933075929+02:00
57.0140225
9.9872675
0.27
nan
0.0
 
2019-05-07T15:58:49,505163927+02:00
57.014023833
9.987267333
0.45
nan
0.0
 
2019-05-07T15:58:49,897971441+02:00
57.014024667
9.987267333
0.3168
nan
0.0
 
2019-05-07T15:58:50,505400123+02:00
57.014025167
9.987267167
0.18
nan
0.0
 
2019-05-07T15:58:51,116336921+02:00
57.014026
9.987267333
0.1044
nan
0.0
 
2019-05-07T15:58:51,496917414+02:00
57.0140265
9.987267
0.1512
nan
0.0
 
2019-05-07T15:58:52,116041787+02:00
57.014027167
9.987267
0.0792
nan
0.0
 
2019-05-07T15:58:52,509156153+02:00
57.014027333
9.987266833
0.1188
nan
0.0
 
2019-05-07T15:58:52,913319305+02:00
57.014027333
9.9872665
0.1152
nan
0.0
 
2019-05-07T15:58:53,325267009+02:00
57.014027667
9.987266667
0.1332
nan
0.0
 
2019-05-07T15:58:53,738492078+02:00
57.014028
9.9872665
0.0828
nan
0.0
 
2019-05-07T15:58:54,321901044+02:00
57.014028833
9.987266167
0.2376
nan
0.0
 
2019-05-07T15:58:54,937696500+02:00
57.0140295
9.987265833
0.0936
nan
0.0
 
2019-05-07T15:58:55,523268947+02:00
57.014030167
9.9872655
0.1188
nan
0.0
 
2019-05-07T15:58:55,944532187+02:00
57.014031
9.987265333
0.2016
nan
0.0
 
2019-05-07T15:58:56,533259600+02:00
57.014031333
9.987264667
0.126
nan
0.0
 
2019-05-07T15:58:56,957179578+02:00
57.014031833
9.9872645
0.0396
nan
0.0
 
2019-05-07T15:58:57,338525118+02:00
57.014032167
9.987264167
0.1188
nan
0.0
 
2019-05-07T15:58:57,740089284+02:00
57.014032833
9.987264
0.0216
nan
0.0
 
2019-05-07T15:58:58,141204651+02:00
57.014033
9.987263833
0.1224
nan
0.0
 
2019-05-07T15:58:59,383861186+02:00
57.014032667
9.987263667
0.2232
nan
0.0
 
2019-05-07T15:58:59,775892403+02:00
57.014032333
9.987263833
0.036
nan
0.0
 
2019-05-07T15:59:00,352630325+02:00
57.014032
9.987264
0.0936
nan
0.0
 
2019-05-07T15:59:00,941347268+02:00
57.014032333
9.987264333
0.1044
nan
0.0
 
2019-05-07T15:59:01,344158131+02:00
57.014032833
9.9872645
0.072
nan
0.0
 
2019-05-07T15:59:01,757517220+02:00
57.014033167
9.987264333
0.1512
nan
0.0
 
2019-05-07T15:59:02,150306318+02:00
57.014033167
9.987264667
0.09
nan
0.0
 
2019-05-07T15:59:02,558282540+02:00
57.014033167
9.987264667
0.2016
nan
0.0
 
2019-05-07T15:59:02,974982213+02:00
57.014032833
9.987265
0.1548
nan
0.0
 
2019-05-07T15:59:03,351925136+02:00
57.014032833
9.9872655
0.1476
nan
0.0
 
2019-05-07T15:59:03,754181301+02:00
57.0140325
9.987265833
0.1944
nan
0.0
 
2019-05-07T15:59:04,345118784+02:00
57.014032
9.987266
0.0216
nan
0.0
 
2019-05-07T15:59:04,762934562+02:00
57.014032167
9.987265667
0.0792
nan
0.0
 
2019-05-07T15:59:05,221880115+02:00
57.014031667
9.987265667
0.2412
nan
0.0
 
2019-05-07T15:59:05,769436483+02:00
57.0140315
9.987265333
0.09
nan
0.0
 
2019-05-07T15:59:06,354051507+02:00
57.014031333
9.987265167
0.0612
nan
0.0
 
2019-05-07T15:59:06,761910410+02:00
57.0140305
9.987265167
0.1764
nan
0.0
 
2019-05-07T15:59:07,357966850+02:00
57.0140295
9.987264833
0.0612
nan
0.0
 
2019-05-07T15:59:07,763896654+02:00
57.014029167
9.987264833
0.2268
nan
0.0
 
2019-05-07T15:59:07,955685577+02:00
57.014028667
9.987264833
0.0432
nan
0.0
 
2019-05-07T15:59:08,353288053+02:00
57.0140275
9.987265
0.1908
nan
0.0
 
2019-05-07T15:59:08,554472061+02:00
57.014027333
9.987265
0.1548
nan
0.0
 
2019-05-07T15:59:08,987866031+02:00
57.014026833
9.987264833
0.1908
nan
0.0
 
