
2019-05-11T17:59:15,140553242+02:00
57.013932167
9.987174833
0.3672
nan
0.0
 
2019-05-11T17:59:15,317974758+02:00
57.013932167
9.987175333
0.468
nan
0.0
 
2019-05-11T17:59:15,721492546+02:00
57.013932
9.9871765
0.5832
nan
0.0
 
2019-05-11T17:59:15,915833744+02:00
57.013931833
9.987177333
0.7632
nan
0.0
 
2019-05-11T17:59:16,117324730+02:00
57.013931667
9.987178333
0.864
nan
0.0
 
2019-05-11T17:59:16,318153793+02:00
57.013931333
9.987179667
0.9972
nan
0.0
 
2019-05-11T17:59:16,711498002+02:00
57.013930833
9.987182167
1.2564
nan
0.0
 
2019-05-11T17:59:16,917455396+02:00
57.013931167
9.987185333
1.7136
nan
0.0
 
2019-05-11T17:59:17,112247898+02:00
57.013930833
9.987185667
1.4184
nan
0.0
 
2019-05-11T17:59:17,312861074+02:00
57.013930667
9.987186
1.3176
nan
0.0
 
2019-05-11T17:59:17,511148068+02:00
57.013930833
9.987187
1.368
nan
0.0
 
2019-05-11T17:59:17,907273587+02:00
57.013931167
9.987191167
1.7892
nan
0.0
 
2019-05-11T17:59:18,116602351+02:00
57.013931833
9.987194333
2.0988
nan
0.0
 
2019-05-11T17:59:18,310292742+02:00
57.013932167
9.987196833
2.1528
nan
0.0
 
2019-05-11T17:59:18,511904453+02:00
57.013932167
9.987197
1.8396
nan
0.0
 
2019-05-11T17:59:18,711951326+02:00
57.013931667
9.987196167
1.458
nan
0.0
 
2019-05-11T17:59:18,911782509+02:00
57.013931333
9.987195833
1.3032
nan
0.0
 
2019-05-11T17:59:19,111279329+02:00
57.013931
9.987196833
1.4112
nan
0.0
 
2019-05-11T17:59:19,309997981+02:00
57.0139305
9.987196833
1.2132
nan
0.0
 
2019-05-11T17:59:19,509680994+02:00
57.013930167
9.987197
1.1628
nan
0.0
 
2019-05-11T17:59:19,710997867+02:00
57.013929833
9.987195833
0.7164
nan
0.0
 
2019-05-11T17:59:19,910053843+02:00
57.01393
9.9871975
1.0296
nan
0.0
 
2019-05-11T17:59:20,314427806+02:00
57.013929167
9.9871965
0.8136
nan
0.0
 
2019-05-11T17:59:20,530174949+02:00
57.013928667
9.987197
0.9324
nan
0.0
 
2019-05-11T17:59:20,913200844+02:00
57.013928667
9.987199833
0.8388
nan
0.0
 
2019-05-11T17:59:21,116251232+02:00
57.013928167
9.987198333
0.6588
nan
0.0
 
2019-05-11T17:59:21,332193749+02:00
57.013928667
9.987200167
0.7308
nan
0.0
 
2019-05-11T17:59:21,525730275+02:00
57.013928167
9.987199833
0.7776
nan
0.0
 
2019-05-11T17:59:21,723922103+02:00
57.013928333
9.987200333
0.81
nan
0.0
 
2019-05-11T17:59:22,117627228+02:00
57.013927333
9.987199667
0.8244
nan
0.0
 
2019-05-11T17:59:22,320352011+02:00
57.013926667
9.9871995
0.7236
nan
0.0
 
2019-05-11T17:59:22,553000722+02:00
57.013925833
9.987197667
0.6696
nan
0.0
 
2019-05-11T17:59:23,118593352+02:00
57.0139245
9.987195333
0.7956
nan
0.0
 
2019-05-11T17:59:23,326246113+02:00
57.013924667
9.987197167
0.6048
nan
0.0
 
2019-05-11T17:59:23,516105200+02:00
57.013925167
9.9871975
0.612
nan
0.0
 
2019-05-11T17:59:23,714725897+02:00
57.0139255
9.987198167
0.6156
nan
0.0
 
2019-05-11T17:59:24,115326806+02:00
57.013924167
9.987198667
0.5724
nan
0.0
 
2019-05-11T17:59:24,515243766+02:00
57.013922167
9.987199
0.7092
nan
0.0
 
2019-05-11T17:59:24,919034409+02:00
57.0139205
9.987199833
0.8496
nan
0.0
 
2019-05-11T17:59:25,121235294+02:00
57.013918667
9.987198
1.0944
nan
0.0
 
2019-05-11T17:59:25,510108470+02:00
57.013917167
9.987197167
0.9396
nan
0.0
 
2019-05-11T17:59:25,717495848+02:00
57.013915833
9.987195667
0.9864
nan
0.0
 
2019-05-11T17:59:25,919748942+02:00
57.013914167
9.9871935
1.278
nan
0.0
 
2019-05-11T17:59:26,315316477+02:00
57.013912167
9.987192
1.1016
nan
0.0
 
2019-05-11T17:59:26,539753610+02:00
57.013910833
9.9871905
1.1232
nan
0.0
 
2019-05-11T17:59:26,918504241+02:00
57.013910667
9.9871935
1.0584
nan
0.0
 
2019-05-11T17:59:27,136414260+02:00
57.01391
9.9871925
0.9936
nan
0.0
 
2019-05-11T17:59:27,514335994+02:00
57.013908667
9.9871895
0.9288
nan
0.0
 
2019-05-11T17:59:27,713844565+02:00
57.013907667
9.987188
1.1808
nan
0.0
 
2019-05-11T17:59:28,325046274+02:00
57.013905
9.987184833
1.2492
nan
0.0
 
2019-05-11T17:59:28,518247222+02:00
57.013904333
9.987183167
1.4076
nan
0.0
 
2019-05-11T17:59:28,717900288+02:00
57.013903
9.987181167
1.7244
nan
0.0
 
2019-05-11T17:59:28,911264080+02:00
57.013901167
9.987180667
1.7208
nan
0.0
 
2019-05-11T17:59:29,114015460+02:00
57.0139005
9.987181833
1.4796
nan
0.0
 
2019-05-11T17:59:29,343265620+02:00
57.0139
9.987182167
1.458
nan
0.0
 
2019-05-11T17:59:29,511119004+02:00
57.013898167
9.987179667
1.548
nan
0.0
 
2019-05-11T17:59:29,724017704+02:00
57.013896667
9.987178333
1.674
nan
0.0
 
2019-05-11T17:59:30,126469973+02:00
57.013896167
9.987176333
1.6488
nan
0.0
 
2019-05-11T17:59:30,318167118+02:00
57.013895667
9.987176667
1.5696
nan
0.0
 
2019-05-11T17:59:30,711954332+02:00
57.013895
9.987181
1.2564
nan
0.0
 
2019-05-11T17:59:30,912803013+02:00
57.013894
9.987179667
1.2384
nan
0.0
 
2019-05-11T17:59:31,323293576+02:00
57.013891833
9.987177333
1.6344
nan
0.0
 
2019-05-11T17:59:31,520565967+02:00
57.013891667
9.987177167
1.2348
nan
0.0
 
2019-05-11T17:59:31,719348847+02:00
57.013891
9.987177
1.4148
nan
0.0
 
2019-05-11T17:59:31,930091938+02:00
57.013889833
9.987175
1.3428
nan
0.0
 
2019-05-11T17:59:32,522495661+02:00
57.0138885
9.9871755
1.3248
nan
0.0
 
2019-05-11T17:59:32,776170720+02:00
57.013888167
9.987170667
1.5768
nan
0.0
 
2019-05-11T17:59:33,115678264+02:00
57.013887833
9.987167667
1.6128
nan
0.0
 
2019-05-11T17:59:33,513056257+02:00
57.013888
9.987164667
1.71
nan
0.0
 
2019-05-11T17:59:33,730473595+02:00
57.0138885
9.987165
1.5876
nan
0.0
 
2019-05-11T17:59:33,924275911+02:00
57.0138895
9.987168167
1.0332
nan
0.0
 
2019-05-11T17:59:34,119281666+02:00
57.013889167
9.987169
1.0296
nan
0.0
 
2019-05-11T17:59:34,348474937+02:00
57.0138905
9.987170167
0.8208
nan
0.0
 
2019-05-11T17:59:34,534516324+02:00
57.013891333
9.987171667
0.6732
nan
0.0
 
2019-05-11T17:59:34,926890765+02:00
57.013890833
9.9871725
0.6264
nan
0.0
 
2019-05-11T17:59:35,321766972+02:00
57.013892667
9.987172333
0.5184
nan
0.0
 
2019-05-11T17:59:35,526168084+02:00
57.013893
9.987172333
0.4608
nan
0.0
 
2019-05-11T17:59:35,920271466+02:00
57.0138935
9.987174833
0.6984
nan
0.0
 
2019-05-11T17:59:36,313927303+02:00
57.013894833
9.9871705
0.3384
nan
0.0
 
2019-05-11T17:59:36,520234876+02:00
57.013895833
9.987169833
0.1656
nan
0.0
 
2019-05-11T17:59:36,736170605+02:00
57.013894833
9.987169667
0.5004
nan
0.0
 
2019-05-11T17:59:37,120655393+02:00
57.013892
9.987171167
0.72
nan
0.0
 
2019-05-11T17:59:37,717428455+02:00
57.013892667
9.987168333
0.378
nan
0.0
 
2019-05-11T17:59:37,935993167+02:00
57.013893833
9.987168333
0.2412
nan
0.0
 
2019-05-11T17:59:38,120687859+02:00
57.013894
9.987169667
0.3312
nan
0.0
 
2019-05-11T17:59:38,724694235+02:00
57.0138925
9.987175833
0.7848
nan
0.0
 
2019-05-11T17:59:39,109525731+02:00
57.013891
9.987179
1.1088
nan
0.0
 
2019-05-11T17:59:39,320996667+02:00
57.013890333
9.9871785
0.8244
nan
0.0
 
2019-05-11T17:59:39,718283057+02:00
57.013890833
9.987181
1.2276
nan
0.0
 
2019-05-11T17:59:39,908475074+02:00
57.013890667
9.987183333
1.4508
nan
0.0
 
2019-05-11T17:59:57,913459217+02:00
57.013782167
9.987096
1.0008
nan
0.0
 
2019-05-11T17:59:58,142191455+02:00
57.0137845
9.987095667
1.4652
nan
0.0
 
2019-05-11T17:59:58,340549722+02:00
57.0137875
9.9870985
1.458
nan
0.0
 
2019-05-11T17:59:58,713969954+02:00
57.013794833
9.987106667
0.9864
nan
0.0
 
2019-05-11T17:59:58,942580547+02:00
57.0137985
9.987111333
0.7992
nan
0.0
 
2019-05-11T17:59:59,315288295+02:00
57.013803833
9.987116167
0.6624
nan
0.0
 
2019-05-11T17:59:59,518468535+02:00
57.013806667
9.987119167
0.6804
nan
0.0
 
2019-05-11T17:59:59,715249988+02:00
57.013811
9.987124833
0.522
nan
0.0
 
2019-05-11T18:00:00,110992433+02:00
57.013819833
9.987131
0.5472
nan
0.0
 
2019-05-11T18:00:00,338043975+02:00
57.013823167
9.987133667
0.468
nan
0.0
 
2019-05-11T18:00:00,718935815+02:00
57.013828833
9.9871375
0.6336
nan
0.0
 
2019-05-11T18:00:00,947634042+02:00
57.0138325
9.987139
0.5724
nan
0.0
 
2019-05-11T18:00:01,315276503+02:00
57.013840667
9.987142333
0.7308
nan
0.0
 
2019-05-11T18:00:01,514601649+02:00
57.013844
9.987145667
1.1448
nan
0.0
 
2019-05-11T18:00:01,917523785+02:00
57.013847333
9.987145
0.7704
nan
0.0
 
2019-05-11T18:00:02,172577127+02:00
57.013850667
9.9871475
0.9936
nan
0.0
 
2019-05-11T18:00:02,522283018+02:00
57.013854667
9.987151
1.26
nan
0.0
 
2019-05-11T18:00:02,714731370+02:00
57.013856167
9.987152833
1.296
nan
0.0
 
2019-05-11T18:00:02,927034183+02:00
57.013856333
9.987152333
0.7776
nan
0.0
 
2019-05-11T18:00:03,318734620+02:00
57.013857667
9.987152833
0.9396
nan
0.0
 
2019-05-11T18:00:03,512442898+02:00
57.013859
9.987154167
0.9
nan
0.0
 
2019-05-11T18:00:03,718563265+02:00
57.013860667
9.987157667
1.2348
nan
0.0
 
2019-05-11T18:00:04,115773874+02:00
57.0138675
9.987169333
2.1744
nan
0.0
 
2019-05-11T18:00:04,324382969+02:00
57.01387
9.9871745
2.4444
nan
13.02
 
2019-05-11T18:00:04,719122613+02:00
57.013872
9.987177833
2.1348
nan
0.0
 
2019-05-11T18:00:04,913389131+02:00
57.013872833
9.987179833
2.0916
nan
0.0
 
2019-05-11T18:00:05,128231656+02:00
57.013874833
9.987181667
2.142
nan
0.0
 
2019-05-11T18:00:05,520155418+02:00
57.013883833
9.987183833
2.2464
nan
0.0
 
2019-05-11T18:00:05,727529204+02:00
57.013887333
9.9871835
2.2608
nan
0.0
 
2019-05-11T18:00:05,922328593+02:00
57.013889333
9.987183333
2.052
nan
0.0
 
2019-05-11T18:00:06,315361175+02:00
57.0138915
9.98718
1.4076
nan
0.0
 
2019-05-11T18:00:06,564067211+02:00
57.013891667
9.987178167
1.386
nan
0.0
 
2019-05-11T18:00:07,120648413+02:00
57.013905833
9.987171167
1.818
nan
0.0
 
2019-05-11T18:00:07,326485084+02:00
57.013909167
9.987168333
1.8324
nan
0.0
 
2019-05-11T18:00:07,546229987+02:00
57.013912833
9.987166167
2.0592
nan
0.0
 
2019-05-11T18:00:07,715043627+02:00
57.013917333
9.987166833
1.8108
nan
0.0
 
2019-05-11T18:00:08,116531854+02:00
57.013927333
9.987172167
1.7676
nan
0.0
 
2019-05-11T18:00:08,318867937+02:00
57.013930333
9.987172667
1.7784
nan
0.0
 
2019-05-11T18:00:08,544040378+02:00
57.0139315
9.987173833
1.5444
nan
0.0
 
2019-05-11T18:00:08,913723771+02:00
57.013935
9.9871775
1.5228
nan
0.0
 
2019-05-11T18:00:09,317889633+02:00
57.013938
9.987178
1.692
nan
0.0
 
2019-05-11T18:00:09,522026825+02:00
57.0139405
9.9871795
1.9656
nan
0.0
 
2019-05-11T18:00:09,754563037+02:00
57.013942
9.987179833
1.9188
nan
0.0
 
2019-05-11T18:00:10,121744559+02:00
57.0139465
9.987181333
2.0556
nan
0.0
 
2019-05-11T18:00:10,338851946+02:00
57.013949167
9.987184
2.0628
nan
0.0
 
2019-05-11T18:00:10,725826022+02:00
57.013955333
9.987192667
2.4336
nan
0.0
 
2019-05-11T18:00:10,916672994+02:00
57.013956333
9.987194833
2.3472
nan
0.0
 
2019-05-11T18:00:11,123352463+02:00
57.013957
9.987194833
2.1564
nan
0.0
 
2019-05-11T18:00:11,528588628+02:00
57.013960333
9.987195167
2.1024
nan
0.0
 
2019-05-11T18:00:11,724582375+02:00
57.013960333
9.987194333
1.8108
nan
0.0
 
2019-05-11T18:00:11,916450857+02:00
57.0139615
9.987194167
1.6956
nan
0.0
 
2019-05-11T18:00:12,333377542+02:00
57.013968667
9.987199667
2.0736
nan
0.0
 
2019-05-11T18:00:12,556658902+02:00
57.01397
9.987203333
2.1888
nan
0.0
 
2019-05-11T18:00:12,918643788+02:00
57.013969667
9.9872085
2.0844
nan
0.0
 
2019-05-11T18:00:13,116226796+02:00
57.013969
9.98721
2.0196
nan
0.0
 
2019-05-11T18:00:13,322584769+02:00
57.0139705
9.987213333
2.3472
nan
0.0
 
2019-05-11T18:00:13,715013304+02:00
57.0139725
9.987219833
2.6856
nan
38.04
 
2019-05-11T18:00:13,914629915+02:00
57.0139725
9.987223167
2.6784
nan
43.39
 
2019-05-11T18:00:14,115144878+02:00
57.0139715
9.987225333
2.6028
nan
48.41
 
2019-05-11T18:00:14,514661638+02:00
57.013971833
9.987229833
2.7468
nan
52.41
 
2019-05-11T18:00:14,722494816+02:00
57.013972667
9.987230333
2.5776
nan
50.55
 
2019-05-11T18:00:14,926535842+02:00
57.0139725
9.987231833
2.5848
nan
51.97
 
2019-05-11T18:00:15,132691211+02:00
57.013973
9.987233833
2.3796
nan
51.41
 
2019-05-11T18:00:15,519145891+02:00
57.013972833
9.987236167
2.0988
nan
0.0
 
2019-05-11T18:00:15,744363919+02:00
57.013973333
9.9872385
2.322
nan
51.3
 
2019-05-11T18:00:16,114961890+02:00
57.013972167
9.987240667
1.8504
nan
0.0
 
2019-05-11T18:00:16,345745790+02:00
57.0139715
9.9872435
1.7604
nan
0.0
 
2019-05-11T18:00:16,515673228+02:00
57.013971333
9.9872465
1.8864
nan
0.0
 
2019-05-11T18:00:16,755922898+02:00
57.0139725
9.987248667
2.0268
nan
0.0
 
2019-05-11T18:00:17,123301506+02:00
57.013973167
9.9872525
2.1492
nan
0.0
 
2019-05-11T18:00:17,524697105+02:00
57.013971167
9.987253333
1.6344
nan
0.0
 
2019-05-11T18:00:17,930939816+02:00
57.013968667
9.987251667
1.1268
nan
0.0
 
2019-05-11T18:00:18,113095039+02:00
57.0139665
9.9872505
0.9936
nan
0.0
 
2019-05-11T18:00:18,326253105+02:00
57.013965
9.9872485
0.5472
nan
0.0
 
2019-05-11T18:00:18,532645145+02:00
57.013964333
9.987246167
0.2772
nan
0.0
 
2019-05-11T18:00:18,916181258+02:00
57.013961833
9.987242167
0.2916
nan
0.0
 
2019-05-11T18:00:19,137296677+02:00
57.01396
9.9872395
0.4428
nan
0.0
 
2019-05-11T18:00:19,531419105+02:00
57.013956667
9.987234333
0.9252
nan
0.0
 
2019-05-11T18:00:19,750324410+02:00
57.013957
9.987233
1.0296
nan
0.0
 
2019-05-11T18:00:19,915190497+02:00
57.013955167
9.987231833
0.9972
nan
0.0
 
2019-05-11T18:00:20,115075152+02:00
57.013953
9.987232667
0.7416
nan
0.0
 
2019-05-11T18:00:20,326684714+02:00
57.013951667
9.987231167
1.0764
nan
0.0
 
2019-05-11T18:00:20,729342649+02:00
57.013949667
9.987225833
1.4004
nan
0.0
 
2019-05-11T18:00:20,916864270+02:00
57.013948667
9.9872245
1.548
nan
0.0
 
2019-05-11T18:00:21,114949520+02:00
57.013946667
9.987221833
1.9692
nan
0.0
 
2019-05-11T18:00:21,526834147+02:00
57.013943167
9.987219167
1.8972
nan
0.0
 
2019-05-11T18:00:21,712097181+02:00
57.013941667
9.987218333
1.998
nan
0.0
 
2019-05-11T18:00:22,121700494+02:00
57.013939833
9.987217667
1.5516
nan
0.0
 
2019-05-11T18:00:22,313814379+02:00
57.013939
9.9872165
1.5588
nan
0.0
 
2019-05-11T18:00:22,529884875+02:00
57.013938333
9.987215167
1.7568
nan
0.0
 
2019-05-11T18:00:22,918961794+02:00
57.013936
9.987210667
1.674
nan
0.0
 
2019-05-11T18:00:23,141976897+02:00
57.013934833
9.9872095
1.5768
nan
0.0
 
2019-05-11T18:00:23,514678187+02:00
57.013934333
9.987207333
1.512
nan
0.0
 
2019-05-11T18:00:23,712395542+02:00
57.0139335
9.9872065
1.4796
nan
0.0
 
2019-05-11T18:00:23,945200766+02:00
57.013934167
9.987207167
1.1232
nan
0.0
 
2019-05-11T18:00:24,314659157+02:00
57.0139335
9.987207667
1.1268
nan
0.0
 
2019-05-11T18:00:24,513113771+02:00
57.013932
9.987206
0.9576
nan
0.0
 
2019-05-11T18:00:24,913481754+02:00
57.013931833
9.987203833
1.0116
nan
0.0
 
2019-05-11T18:00:25,131682918+02:00
57.013931667
9.987202333
1.2024
nan
0.0
 
2019-05-11T18:00:25,517628583+02:00
57.013930333
9.987197667
1.5084
nan
0.0
 
2019-05-11T18:00:25,716321639+02:00
57.013931
9.987198833
1.224
nan
0.0
 
2019-05-11T18:00:25,963365912+02:00
57.013931167
9.987197167
1.4184
nan
0.0
 
2019-05-11T18:00:26,318698238+02:00
57.013933167
9.987197833
1.1196
nan
0.0
 
2019-05-11T18:00:26,523017231+02:00
57.013933333
9.9871965
1.296
nan
0.0
 
2019-05-11T18:00:26,915364621+02:00
57.013931333
9.987190333
1.5912
nan
0.0
 
2019-05-11T18:00:27,127102665+02:00
57.013931667
9.987188167
1.6812
nan
0.0
 
2019-05-11T18:00:27,315570269+02:00
57.013936
9.9871895
1.4976
nan
0.0
 
2019-05-11T18:00:27,718475951+02:00
57.013943667
9.987191833
1.2996
nan
0.0
 
2019-05-11T18:00:27,935204440+02:00
57.0139475
9.987193333
1.134
nan
0.0
 
2019-05-11T18:00:28,161968804+02:00
57.013951333
9.987194667
1.1268
nan
0.0
 
2019-05-11T18:00:28,517599910+02:00
57.013959
9.987199333
0.5868
nan
0.0
 
2019-05-11T18:00:28,726425029+02:00
57.013963
9.9872005
0.6624
nan
0.0
 
2019-05-11T18:00:29,124188222+02:00
57.013970833
9.987202
0.8928
nan
0.0
 
2019-05-11T18:00:29,319097328+02:00
57.013974667
9.9872015
1.0152
nan
0.0
 
2019-05-11T18:00:29,515938397+02:00
57.013978667
9.987201833
1.08
nan
0.0
 
2019-05-11T18:00:29,918924113+02:00
57.013986333
9.987204
1.0008
nan
0.0
 
2019-05-11T18:00:30,124060699+02:00
57.0139905
9.987203833
1.0692
nan
0.0
 
2019-05-11T18:00:30,516871570+02:00
57.014001167
9.987206167
1.3392
nan
0.0
 
2019-05-11T18:00:30,715059787+02:00
57.014006833
9.987208667
1.4148
nan
0.0
 
2019-05-11T18:00:30,924073974+02:00
57.014012667
9.987211167
1.5624
nan
0.0
 
2019-05-11T18:00:31,317450701+02:00
57.014024167
9.987215833
1.764
nan
0.0
 
2019-05-11T18:00:31,523878092+02:00
57.01403
9.987217833
1.8108
nan
0.0
 
2019-05-11T18:00:31,714175705+02:00
57.014036167
9.987219833
2.1744
nan
0.0
 
2019-05-11T18:00:31,918019659+02:00
57.014042333
9.987223
1.9944
nan
0.0
 
2019-05-11T18:00:32,116806795+02:00
57.0140485
9.987227333
1.9656
nan
0.0
 
2019-05-11T18:00:32,320321498+02:00
57.014055
9.9872335
2.0916
nan
0.0
 
2019-05-11T18:00:32,524407180+02:00
57.014060833
9.987238
2.052
nan
0.0
 
2019-05-11T18:00:32,916157251+02:00
57.014074
9.987250833
2.6028
nan
0.0
 
2019-05-11T18:00:33,144936533+02:00
57.014080667
9.987255
2.8008
nan
0.0
 
2019-05-11T18:00:33,528596952+02:00
57.014096
9.987266167
3.4092
nan
27.05
 
2019-05-11T18:00:33,723036118+02:00
57.014101333
9.987270333
3.1248
nan
26.83
 
2019-05-11T18:00:34,122425432+02:00
57.014113667
9.987282167
3.2544
nan
28.23
 
2019-05-11T18:00:34,318125037+02:00
57.014120833
9.987291
3.7116
nan
30.73
 
2019-05-11T18:00:34,561769459+02:00
57.014127333
9.987296667
3.7656
nan
31.18
 
2019-05-11T18:00:34,916247927+02:00
57.0141425
9.987311333
4.5036
nan
31.46
 
2019-05-11T18:00:35,128421683+02:00
57.014151333
9.987318667
5.184
nan
29.86
 
2019-05-11T18:00:35,522002805+02:00
57.014165833
9.987330667
5.3388
nan
28.87
 
2019-05-11T18:00:35,716943968+02:00
57.014176667
9.987344167
6.3756
nan
29.71
 
2019-05-11T18:00:36,114010718+02:00
57.014190333
9.987353167
6.4368
nan
28.65
 
2019-05-11T18:00:36,328245890+02:00
57.014195667
9.987360833
6.5484
nan
31.83
 
2019-05-11T18:00:36,545222732+02:00
57.014199833
9.987365167
6.3792
nan
32.58
 
2019-05-11T18:00:36,918591880+02:00
57.014205833
9.9873675
6.1164
nan
32.43
 
2019-05-11T18:00:37,144120593+02:00
57.0142095
9.987371833
6.0264
nan
33.1
 
2019-05-11T18:00:37,329046179+02:00
57.014212
9.987372667
5.7384
nan
33.03
 
2019-05-11T18:00:37,538060226+02:00
57.014214333
9.987372667
5.562
nan
32.35
 
2019-05-11T18:00:37,729537485+02:00
57.014217167
9.987373333
5.3172
nan
31.56
 
2019-05-11T18:00:37,950909720+02:00
57.014222333
9.987378
5.8104
nan
29.92
 
2019-05-11T18:00:38,324733813+02:00
57.014230333
9.987381333
5.742
nan
26.85
 
2019-05-11T18:00:38,554361294+02:00
57.014233
9.987381167
5.1156
nan
26.72
 
2019-05-11T18:00:38,912471278+02:00
57.0142435
9.9873925
5.4612
nan
26.25
 
2019-05-11T18:00:39,134182963+02:00
57.0142485
9.987398167
5.4792
nan
26.59
 
2019-05-11T18:00:39,323445894+02:00
57.014249667
9.987398833
5.3208
nan
26.18
 
2019-05-11T18:00:39,713350345+02:00
57.0142525
9.9874025
5.2632
nan
27.8
 
2019-05-11T18:00:39,931943787+02:00
57.0142535
9.9874055
5.1408
nan
31.21
 
2019-05-11T18:00:40,152766631+02:00
57.014254167
9.987405833
4.8816
nan
31.28
 
2019-05-11T18:00:40,361541519+02:00
57.0142555
9.987407
4.842
nan
29.66
 
2019-05-11T18:00:40,722864760+02:00
57.014256167
9.98741
4.7628
nan
31.48
 
2019-05-11T18:00:40,913547103+02:00
57.014258
9.987415667
4.8888
nan
33.11
 
2019-05-11T18:00:41,116797502+02:00
57.014259333
9.9874225
4.9572
nan
36.41
 
2019-05-11T18:00:41,317112326+02:00
57.0142605
9.9874265
5.0364
nan
38.3
 
2019-05-11T18:00:41,520327226+02:00
57.014262333
9.987431
5.472
nan
39.37
 
2019-05-11T18:00:41,710254261+02:00
57.014265
9.987437333
5.922
nan
39.45
 
2019-05-11T18:00:41,915526357+02:00
57.014263
9.9874345
5.13
nan
40.06
 
2019-05-11T18:00:42,319505014+02:00
57.014270333
9.987445667
5.9724
nan
36.57
 
2019-05-11T18:00:42,519293858+02:00
57.014273667
9.987451667
5.9724
nan
35.96
 
2019-05-11T18:00:42,718599508+02:00
57.014279333
9.987461167
6.5304
nan
34.58
 
2019-05-11T18:00:42,944886412+02:00
57.014279667
9.9874625
5.9904
nan
35.27
 
2019-05-11T18:00:43,316864170+02:00
57.014282333
9.987466167
5.3532
nan
35.39
 
2019-05-11T18:00:43,713235856+02:00
57.014290333
9.987481
5.8644
nan
35.06
 
2019-05-11T18:00:43,920351307+02:00
57.014294333
9.987488667
6.0084
nan
34.91
 
2019-05-11T18:00:44,318616858+02:00
57.014302333
9.987506333
6.6528
nan
37.18
 
2019-05-11T18:00:44,525553991+02:00
57.014306167
9.987515667
6.9192
nan
38.34
 
2019-05-11T18:00:44,738895716+02:00
57.014308167
9.987522833
6.876
nan
39.42
 
2019-05-11T18:00:45,114201706+02:00
57.014310667
9.987533833
6.6708
nan
43.11
 
2019-05-11T18:00:45,311217723+02:00
57.0143145
9.987542333
7.1676
nan
42.94
 
2019-05-11T18:00:45,534094114+02:00
57.014315833
9.987546667
7.3044
nan
43.0
 
2019-05-11T18:00:45,910069514+02:00
57.014315667
9.9875505
6.984
nan
44.79
 
2019-05-11T18:00:46,122430407+02:00
57.014315833
9.987553
6.714
nan
44.97
 
2019-05-11T18:00:46,513631062+02:00
57.014317667
9.987561667
6.9264
nan
44.68
 
2019-05-11T18:00:46,720193065+02:00
57.014318333
9.987564167
6.8544
nan
44.06
 
2019-05-11T18:00:47,113854501+02:00
57.014320833
9.987569333
6.9264
nan
40.62
 
2019-05-11T18:00:47,322410502+02:00
57.014319167
9.987566333
6.3792
nan
40.24
 
2019-05-11T18:00:47,713389015+02:00
57.014317333
9.987563667
5.5692
nan
38.85
 
2019-05-11T18:00:47,920108174+02:00
57.014315333
9.987561333
4.95
nan
38.65
 
2019-05-11T18:00:48,111372036+02:00
57.014315
9.987564167
4.8024
nan
40.65
 
2019-05-11T18:00:48,315552980+02:00
57.014314667
9.987566833
4.5972
nan
42.92
 
2019-05-11T18:00:48,713078318+02:00
57.014315
9.98757
4.4856
nan
42.29
 
2019-05-11T18:00:48,916968710+02:00
57.014317167
9.987574833
4.8348
nan
40.48
 
2019-05-11T18:00:49,324011247+02:00
57.014318667
9.987581833
4.7988
nan
41.04
 
2019-05-11T18:00:49,527879327+02:00
57.014318667
9.987582667
4.6872
nan
40.6
 
2019-05-11T18:00:49,721827274+02:00
57.014317
9.987582667
4.4388
nan
43.14
 
2019-05-11T18:00:50,119484443+02:00
57.0143165
9.987585667
4.446
nan
44.65
 
2019-05-11T18:00:50,312845604+02:00
57.014317
9.987588
4.4316
nan
43.65
 
2019-05-11T18:00:50,552605520+02:00
57.014315
9.9875875
4.1544
nan
45.38
 
2019-05-11T18:00:50,732877930+02:00
57.014315833
9.987591667
4.4352
nan
47.22
 
2019-05-11T18:00:50,936039630+02:00
57.0143135
9.9875885
3.9204
nan
46.99
 
2019-05-11T18:00:51,304713028+02:00
57.014268167
9.9875325
1.0728
nan
0.0
 
2019-05-11T18:00:51,521969028+02:00
57.014273333
9.987542833
0.792
nan
0.0
 
2019-05-11T18:00:51,716341563+02:00
57.0142785
9.987554167
1.6092
nan
0.0
 
2019-05-11T18:00:52,110201988+02:00
57.014283
9.9875645
2.1204
nan
0.0
 
2019-05-11T18:00:52,312193282+02:00
57.014285167
9.987569
1.9044
nan
0.0
 
2019-05-11T18:00:52,518812825+02:00
57.014285
9.9875685
1.53
nan
0.0
 
2019-05-11T18:00:52,911245329+02:00
57.014285667
9.9875675
1.2348
nan
0.0
 
2019-05-11T18:00:53,312416113+02:00
57.014291333
9.9875785
1.8
nan
0.0
 
2019-05-11T18:00:53,523430400+02:00
57.014293333
9.9875825
1.7964
nan
0.0
 
2019-05-11T18:00:53,717618655+02:00
57.0142935
9.987583
1.6776
nan
0.0
 
2019-05-11T18:00:53,916801031+02:00
57.014293333
9.987581667
1.6344
nan
0.0
 
2019-05-11T18:00:54,131069543+02:00
57.014293833
9.987581667
1.6488
nan
0.0
 
2019-05-11T18:00:54,323596615+02:00
57.0142945
9.987581167
1.5948
nan
0.0
 
2019-05-11T18:00:54,723140058+02:00
57.014295167
9.987583
1.4328
nan
0.0
 
2019-05-11T18:00:55,117299042+02:00
57.014298
9.98759
2.07
nan
0.0
 
2019-05-11T18:00:55,508956210+02:00
57.014297667
9.987590667
1.7892
nan
0.0
 
2019-05-11T18:00:55,719852958+02:00
57.0142995
9.9875955
2.1996
nan
0.0
 
2019-05-11T18:00:55,951654797+02:00
57.0143015
9.987599333
2.1492
nan
0.0
 
2019-05-11T18:00:56,313842624+02:00
57.014301833
9.9876015
2.034
nan
0.0
 
2019-05-11T18:00:56,512470189+02:00
57.014301333
9.987601333
1.8612
nan
0.0
 
2019-05-11T18:00:56,732278610+02:00
57.014301167
9.987601667
1.692
nan
0.0
 
2019-05-11T18:00:56,907656334+02:00
57.0142995
9.987599333
1.1592
nan
0.0
 
2019-05-11T18:00:57,121976314+02:00
57.014298667
9.9875985
0.9648
nan
0.0
 
2019-05-11T18:00:57,315181198+02:00
57.014300167
9.987603833
1.2276
nan
0.0
 
2019-05-11T18:00:57,533606321+02:00
57.014302667
9.9876095
1.3968
nan
0.0
 
2019-05-11T18:00:57,717273656+02:00
57.014306
9.987616667
2.0124
nan
0.0
 
2019-05-11T18:00:57,917244807+02:00
57.014309333
9.9876235
2.322
nan
0.0
 
2019-05-11T18:00:58,309807415+02:00
57.014308833
9.9876255
2.286
nan
0.0
 
2019-05-11T18:00:58,519563268+02:00
57.014305
9.987618833
1.8324
nan
0.0
 
2019-05-11T18:00:58,732881049+02:00
57.014304667
9.987618167
1.98
nan
0.0
 
2019-05-11T18:00:59,114203757+02:00
57.0143095
9.987629
2.9376
nan
0.0
 
2019-05-11T18:00:59,313938222+02:00
57.014312167
9.987635833
3.3408
nan
51.21
 
2019-05-11T18:00:59,710154150+02:00
57.014314333
9.987640833
3.7728
nan
54.33
 
2019-05-11T18:00:59,911080107+02:00
57.014313833
9.987640833
3.528
nan
55.98
 
2019-05-11T18:01:05,527717749+02:00
57.014175167
9.9875415
6.8688
nan
48.22
 
2019-05-11T18:01:05,715356389+02:00
57.0141975
9.987589333
8.0244
nan
48.63
 
2019-05-11T18:01:05,918712559+02:00
57.014206667
9.987611833
6.6312
nan
50.71
 
2019-05-11T18:01:06,132509433+02:00
57.0142145
9.987636167
5.5872
nan
51.64
 
2019-05-11T18:01:06,321329416+02:00
57.014227667
9.987668833
5.8788
nan
51.34
 
2019-05-11T18:01:06,562514640+02:00
nan
nan
nan
nan
nan
 
2019-05-11T18:01:07,116165724+02:00
57.013616
9.986911167
5.5008
nan
36.22
 
2019-05-11T18:01:07,513906003+02:00
57.013613667
9.986904333
1.9764
nan
0.0
 
2019-05-11T18:01:07,717379406+02:00
57.013619667
9.986902333
2.5704
nan
0.0
 
2019-05-11T18:01:07,926093247+02:00
57.013625667
9.986901
1.6416
nan
0.0
 
2019-05-11T18:01:08,143568832+02:00
57.013633
9.9869
1.8
nan
0.0
 
2019-05-11T18:01:08,334577745+02:00
57.013643
9.986898167
2.5704
nan
0.0
 
2019-05-11T18:01:08,522271245+02:00
57.013648333
9.986900667
2.7576
nan
0.0
 
2019-05-11T18:01:08,920133570+02:00
57.0136595
9.986901167
3.1248
nan
0.0
 
2019-05-11T18:01:09,123865100+02:00
57.013667333
9.986904333
4.0212
nan
38.04
 
2019-05-11T18:01:09,527566466+02:00
57.0136815
9.9869115
5.526
nan
40.97
 
2019-05-11T18:01:09,742838672+02:00
57.0136885
9.986915833
5.6196
nan
42.24
 
2019-05-11T18:01:09,915880265+02:00
57.013696667
9.986918
5.6916
nan
41.35
 
2019-05-11T18:01:10,124953517+02:00
57.013703167
9.986922
5.5872
nan
40.83
 
2019-05-11T18:01:10,316120889+02:00
57.013705667
9.9869235
5.004
nan
39.82
 
2019-05-11T18:01:10,516179351+02:00
57.013706167
9.986924667
4.0644
nan
40.51
 
2019-05-11T18:01:10,718096380+02:00
57.013704833
9.9869215
2.6244
nan
0.0
 
2019-05-11T18:01:10,947205519+02:00
57.013705333
9.986920667
1.9548
nan
0.0
 
2019-05-11T18:01:11,140665455+02:00
57.0137065
9.9869215
1.4724
nan
0.0
 
2019-05-11T18:01:11,330227689+02:00
57.013709667
9.986928
2.0448
nan
0.0
 
2019-05-11T18:01:11,717054840+02:00
57.013725167
9.986940333
3.276
nan
0.0
 
2019-05-11T18:01:11,924712814+02:00
57.0137275
9.986942333
3.0888
nan
0.0
 
2019-05-11T18:01:12,116985083+02:00
57.013728333
9.986944333
2.3832
nan
0.0
 
2019-05-11T18:01:12,352844878+02:00
57.013732333
9.986949
2.6532
nan
0.0
 
2019-05-11T18:01:12,716538529+02:00
57.013741
9.986958333
2.9052
nan
0.0
 
2019-05-11T18:01:12,920664637+02:00
57.013742167
9.986960667
2.4804
nan
0.0
 
2019-05-11T18:01:13,138087380+02:00
57.013742333
9.986961333
1.6812
nan
0.0
 
2019-05-11T18:01:13,310332781+02:00
57.013742
9.986962
1.0656
nan
0.0
 
2019-05-11T18:01:13,530495870+02:00
57.013745
9.986967333
1.2672
nan
0.0
 
2019-05-11T18:01:13,923632282+02:00
57.013754
9.9869775
1.7604
nan
0.0
 
2019-05-11T18:01:14,166620109+02:00
57.013765667
9.986985333
2.8584
nan
0.0
 
2019-05-11T18:01:14,518910578+02:00
57.013786167
9.9869975
4.8168
nan
21.57
 
2019-05-11T18:01:14,714548207+02:00
57.0137965
9.9870065
5.4396
nan
19.05
 
2019-05-11T18:01:14,918751237+02:00
57.013806333
9.9870165
5.9652
nan
19.56
 
2019-05-11T18:01:15,137973111+02:00
57.0138145
9.987024
6.12
nan
19.06
 
2019-05-11T18:01:15,349399486+02:00
57.013816333
9.987028833
5.7636
nan
21.03
 
2019-05-11T18:01:15,713852077+02:00
57.013821
9.987042167
6.3072
nan
28.5
 
2019-05-11T18:01:15,925140257+02:00
57.013823333
9.987049333
6.552
nan
32.92
 
2019-05-11T18:01:16,138494847+02:00
57.0138255
9.987054167
6.4332
nan
35.12
 
2019-05-11T18:01:16,320583416+02:00
57.013826833
9.987056667
6.3324
nan
35.31
 
2019-05-11T18:01:16,716377100+02:00
57.013824667
9.987056167
5.274
nan
35.72
 
2019-05-11T18:01:16,925970431+02:00
57.013825333
9.987057833
4.788
nan
36.07
 
2019-05-11T18:01:17,325019155+02:00
57.0138295
9.9870645
5.0112
nan
29.96
 
2019-05-11T18:01:17,525044810+02:00
57.013830333
9.987072833
5.4396
nan
34.39
 
2019-05-11T18:01:17,923810231+02:00
57.013830333
9.9870785
4.9284
nan
36.44
 
2019-05-11T18:01:18,118872861+02:00
57.013830667
9.987080167
4.8276
nan
37.41
 
2019-05-11T18:01:18,331323322+02:00
57.013831167
9.987082
4.626
nan
38.69
 
2019-05-11T18:01:18,722343973+02:00
57.013834333
9.987089833
5.1588
nan
37.19
 
2019-05-11T18:01:18,909508814+02:00
57.0138335
9.987094833
5.2884
nan
40.23
 
2019-05-11T18:01:19,126662523+02:00
57.013832833
9.987097833
5.1372
nan
42.66
 
2019-05-11T18:01:19,523400671+02:00
57.013833167
9.987104333
5.0544
nan
43.95
 
2019-05-11T18:01:19,746304050+02:00
57.013833667
9.9871075
4.9536
nan
41.32
 
2019-05-11T18:01:20,120205220+02:00
57.0138335
9.987114167
4.68
nan
36.36
 
2019-05-11T18:01:20,368552524+02:00
57.013833833
9.9871185
4.662
nan
35.35
 
2019-05-11T18:01:20,721667610+02:00
57.013834167
9.987123667
3.7368
nan
34.93
 
2019-05-11T18:01:20,918346196+02:00
57.013834
9.987126333
3.5424
nan
37.44
 
2019-05-11T18:01:21,317725228+02:00
57.013834833
9.9871305
3.2472
nan
38.37
 
2019-05-11T18:01:21,517194184+02:00
57.013835667
9.987132833
3.222
nan
36.39
 
2019-05-11T18:01:21,722833833+02:00
57.013837333
9.987135833
3.3336
nan
35.55
 
2019-05-11T18:01:21,938476880+02:00
57.01384
9.987140333
3.456
nan
35.77
 
2019-05-11T18:01:22,314789568+02:00
57.0138435
9.9871465
3.7728
nan
34.26
 
2019-05-11T18:01:22,522502351+02:00
57.013841333
9.9871445
3.1932
nan
34.52
 
2019-05-11T18:01:22,921919707+02:00
57.013841667
9.987146333
3.0312
nan
42.52
 
2019-05-11T18:01:23,117035352+02:00
57.013844667
9.987149667
3.0096
nan
0.0
 
2019-05-11T18:01:23,329878442+02:00
57.013848167
9.987153167
3.0672
nan
0.0
 
2019-05-11T18:01:23,549369956+02:00
57.013850333
9.987156833
3.4848
nan
45.12
 
2019-05-11T18:01:23,942415802+02:00
57.013850167
9.987155667
2.34
nan
0.0
 
2019-05-11T18:01:24,317614120+02:00
57.013854167
9.9871545
2.0412
nan
0.0
 
2019-05-11T18:01:24,529295366+02:00
57.013854833
9.9871525
1.9836
nan
0.0
 
2019-05-11T18:01:24,928771670+02:00
57.013858333
9.987157833
1.9116
nan
0.0
 
2019-05-11T18:01:25,114693998+02:00
57.013860167
9.987160167
1.8864
nan
0.0
 
2019-05-11T18:01:25,314498516+02:00
57.013861667
9.987163667
2.0304
nan
0.0
 
2019-05-11T18:01:25,714063854+02:00
57.013865833
9.987171667
2.988
nan
43.65
 
2019-05-11T18:01:25,918998379+02:00
57.013865167
9.987170333
2.7864
nan
0.0
 
2019-05-11T18:01:26,325649753+02:00
57.013868333
9.987174
3.24
nan
44.77
 
2019-05-11T18:01:26,518617083+02:00
57.0138705
9.987178667
3.7908
nan
45.12
 
2019-05-11T18:01:26,719801729+02:00
57.0138695
9.987177333
3.3012
nan
45.29
 
2019-05-11T18:01:27,112221094+02:00
57.013867667
9.9871725
2.3904
nan
0.0
 
2019-05-11T18:01:27,322234646+02:00
57.013867333
9.9871715
2.0736
nan
0.0
 
2019-05-11T18:01:27,520505414+02:00
57.013865333
9.987168667
1.5444
nan
0.0
 
2019-05-11T18:01:27,714921140+02:00
57.013865333
9.987169833
1.5408
nan
0.0
 
2019-05-11T18:01:28,114132300+02:00
57.013868667
9.987172833
1.9332
nan
0.0
 
2019-05-11T18:01:28,319731118+02:00
57.013871833
9.987175833
2.3292
nan
38.53
 
2019-05-11T18:01:28,515662924+02:00
57.013877
9.987181
2.6892
nan
34.76
 
2019-05-11T18:01:28,722372025+02:00
57.0138795
9.987184167
2.7072
nan
35.61
 
2019-05-11T18:01:29,116325170+02:00
57.013880833
9.987185
2.502
nan
36.38
 
2019-05-11T18:01:29,313432994+02:00
57.013880333
9.987185667
2.484
nan
37.25
 
2019-05-11T18:01:29,518209105+02:00
57.0138815
9.987188667
2.592
nan
38.57
 
2019-05-11T18:01:29,730263281+02:00
57.0138805
9.9871885
2.3616
nan
39.45
 
2019-05-11T18:01:29,912678257+02:00
57.0138815
9.987190333
2.3436
nan
41.22
 
2019-05-11T18:01:30,123025896+02:00
57.013880167
9.987188833
2.0808
nan
42.47
 
2019-05-11T18:01:30,520616980+02:00
57.013881333
9.987192833
2.088
nan
46.45
 
2019-05-11T18:01:30,732617557+02:00
57.013882667
9.987196
2.2176
nan
46.92
 
2019-05-11T18:01:30,929840265+02:00
57.013885167
9.987199333
2.34
nan
46.72
 
2019-05-11T18:01:31,318141310+02:00
57.013889667
9.987205833
2.5884
nan
44.86
 
2019-05-11T18:01:31,518070416+02:00
57.013889333
9.987206667
2.4732
nan
45.82
 
2019-05-11T18:01:31,752629683+02:00
57.013886667
9.987205167
2.2536
nan
46.67
 
2019-05-11T18:01:32,118286026+02:00
57.013886333
9.9872085
2.3148
nan
49.37
 
2019-05-11T18:01:32,322727368+02:00
57.013887667
9.98721
2.3652
nan
48.62
 
2019-05-11T18:01:32,535857834+02:00
57.013887667
9.987208333
2.2032
nan
46.73
 
2019-05-11T18:01:32,916290219+02:00
57.013889167
9.987205333
1.8792
nan
40.48
 
2019-05-11T18:01:33,114845006+02:00
57.013890333
9.987205833
1.854
nan
38.76
 
2019-05-11T18:01:33,521554033+02:00
57.0138955
9.987209167
1.9044
nan
37.31
 
2019-05-11T18:01:33,716147605+02:00
57.013898667
9.987211667
1.9944
nan
36.65
 
2019-05-11T18:01:33,930397192+02:00
57.0139015
9.987212667
1.9836
nan
35.65
 
2019-05-11T18:01:34,111687175+02:00
57.013905333
9.987217667
2.214
nan
37.38
 
2019-05-11T18:01:34,317317859+02:00
57.0139075
9.987221167
2.3436
nan
38.76
 
2019-05-11T18:01:34,522063514+02:00
57.013910167
9.987224667
2.4696
nan
40.24
 
2019-05-11T18:01:34,912322995+02:00
57.013917667
9.987231
2.772
nan
39.5
 
2019-05-11T18:01:35,130725925+02:00
57.013919667
9.987231667
2.7288
nan
38.19
 
2019-05-11T18:01:35,518638781+02:00
57.013922833
9.987234167
2.5956
nan
37.48
 
2019-05-11T18:01:35,714479757+02:00
57.0139255
9.987235167
2.5056
nan
36.64
 
2019-05-11T18:01:35,965666809+02:00
57.013928667
9.987238167
2.6244
nan
35.8
 
2019-05-11T18:01:36,316837341+02:00
57.013932
9.987242167
2.754
nan
34.25
 
2019-05-11T18:01:36,511391153+02:00
57.013934
9.987244667
2.844
nan
33.5
 
2019-05-11T18:01:36,915155765+02:00
57.013938
9.987246
2.8944
nan
30.79
 
2019-05-11T18:01:37,115138321+02:00
57.013938667
9.987245667
2.7936
nan
29.51
 
2019-05-11T18:01:37,326653565+02:00
57.013939667
9.987246
2.8152
nan
28.05
 
2019-05-11T18:01:37,527457310+02:00
57.013942
9.987248167
2.9232
nan
27.37
 
2019-05-11T18:01:37,710319725+02:00
57.013943833
9.987251833
3.1176
nan
27.82
 
2019-05-11T18:01:37,938545420+02:00
57.013945167
9.9872545
3.1932
nan
28.92
 
2019-05-11T18:01:38,117877442+02:00
57.013947333
9.9872575
3.366
nan
29.55
 
2019-05-11T18:01:38,509763208+02:00
57.013948833
9.987261667
3.4992
nan
32.0
 
2019-05-11T18:01:38,912147943+02:00
57.013947833
9.987263333
3.438
nan
35.03
 
2019-05-11T18:01:39,121872980+02:00
57.013948167
9.987264
3.3804
nan
36.06
 
2019-05-11T18:01:39,323802670+02:00
57.013949833
9.987266667
3.51
nan
37.33
 
2019-05-11T18:01:39,537116359+02:00
57.013950167
9.987267167
3.4632
nan
37.85
 
2019-05-11T18:01:39,916245752+02:00
57.0139535
9.987271
3.5604
nan
38.37
 
2019-05-11T18:01:40,133386698+02:00
57.013953333
9.9872715
3.4956
nan
38.91
 
2019-05-11T18:01:40,509567801+02:00
57.0139565
9.987274667
3.6036
nan
39.51
 
2019-05-11T18:01:40,717562777+02:00
57.013957
9.987273
3.4668
nan
38.57
 
2019-05-11T18:01:40,920370572+02:00
57.013957
9.987272333
3.3372
nan
37.55
 
2019-05-11T18:01:41,312124192+02:00
57.013957167
9.9872735
3.2364
nan
37.33
 
2019-05-11T18:01:41,529117444+02:00
57.0139565
9.987271833
3.0816
nan
36.46
 
2019-05-11T18:01:41,712411593+02:00
57.013956
9.987269333
2.9556
nan
35.11
 
2019-05-11T18:01:42,111574524+02:00
57.013953167
9.987265167
2.6424
nan
33.43
 
2019-05-11T18:01:42,310624947+02:00
57.013953167
9.987265333
2.5956
nan
33.14
 
2019-05-11T18:01:42,526057933+02:00
57.0139525
9.987263833
2.4264
nan
32.37
 
2019-05-11T18:01:42,909271572+02:00
57.013952667
9.987260167
2.34
nan
29.31
 
2019-05-11T18:01:43,134179327+02:00
57.013952
9.987258667
2.2824
nan
28.53
 
2019-05-11T18:01:43,515678264+02:00
57.013950167
9.987256167
2.1168
nan
29.87
 
2019-05-11T18:01:43,707995155+02:00
57.013949333
9.9872525
2.0196
nan
27.91
 
2019-05-11T18:01:43,919625263+02:00
57.013950333
9.987251833
2.0664
nan
26.31
 
2019-05-11T18:01:44,313635745+02:00
57.013950167
9.987251333
2.0196
nan
28.17
 
2019-05-11T18:01:44,514752908+02:00
57.013949833
9.9872505
2.0412
nan
28.1
 
2019-05-11T18:01:44,717943856+02:00
57.013949667
9.987249
1.9512
nan
27.34
 
2019-05-11T18:01:45,109721147+02:00
57.013947333
9.987249167
1.9476
nan
30.75
 
2019-05-11T18:01:45,311718339+02:00
57.013945667
9.987248333
1.89
nan
32.49
 
2019-05-11T18:01:45,729219446+02:00
57.0139435
9.987243833
1.6704
nan
0.0
 
2019-05-11T18:01:45,924806627+02:00
57.013941167
9.987239667
1.458
nan
0.0
 
2019-05-11T18:01:46,122098908+02:00
57.013940167
9.987237667
1.4076
nan
0.0
 
2019-05-11T18:01:46,520256635+02:00
57.013941333
9.987239667
1.6272
nan
0.0
 
2019-05-11T18:01:46,711482030+02:00
57.013941
9.987239667
1.6128
nan
0.0
 
2019-05-11T18:01:46,915127286+02:00
57.013940167
9.987237
1.5624
nan
0.0
 
2019-05-11T18:01:47,140601603+02:00
57.013939333
9.987236
1.548
nan
0.0
 
2019-05-11T18:01:47,512556983+02:00
57.013940833
9.9872385
1.764
nan
32.53
 
2019-05-11T18:01:47,710156314+02:00
57.013940667
9.987238333
1.8072
nan
33.09
 
2019-05-11T18:01:47,918585242+02:00
57.0139385
9.987235
1.6632
nan
0.0
 
2019-05-11T18:01:48,110523634+02:00
57.013936833
9.987231833
1.5228
nan
0.0
 
2019-05-11T18:01:48,512438709+02:00
57.0139365
9.987230667
1.6056
nan
0.0
 
2019-05-11T18:01:48,712191561+02:00
57.013934833
9.987226167
1.4328
nan
0.0
 
2019-05-11T18:01:48,913111081+02:00
57.013934167
9.987224333
1.4184
nan
0.0
 
2019-05-11T18:01:49,310877475+02:00
57.013934167
9.987223667
1.4904
nan
0.0
 
2019-05-11T18:01:49,712114184+02:00
57.013933333
9.9872205
1.3752
nan
0.0
 
2019-05-11T18:01:50,122974936+02:00
57.013931667
9.987218
1.332
nan
0.0
 
2019-05-11T18:01:50,362211923+02:00
57.013932667
9.987217167
1.3104
nan
0.0
 
2019-05-11T18:01:50,718043010+02:00
57.013932333
9.987215167
1.2744
nan
0.0
 
2019-05-11T18:01:50,946787949+02:00
57.013933
9.987216667
1.296
nan
0.0
 
2019-05-11T18:01:51,312795345+02:00
57.0139335
9.987216667
1.3068
nan
0.0
 
2019-05-11T18:01:51,512862527+02:00
57.013933167
9.987215833
1.2744
nan
0.0
 
2019-05-11T18:01:51,730047159+02:00
57.013933833
9.987213833
1.2852
nan
0.0
 
2019-05-11T18:01:52,115697074+02:00
57.013933333
9.987214333
1.2744
nan
0.0
 
2019-05-11T18:01:52,328230816+02:00
57.0139335
9.987215
1.2636
nan
0.0
 
2019-05-11T18:01:52,714212144+02:00
57.013932667
9.987213
1.2168
nan
0.0
 
2019-05-11T18:01:52,924456234+02:00
57.013931
9.987210833
1.1196
nan
0.0
 
2019-05-11T18:01:53,111539049+02:00
57.01393
9.987209667
1.1196
nan
0.0
 
2019-05-11T18:01:53,316478987+02:00
57.013929667
9.987211667
1.1412
nan
0.0
 
2019-05-11T18:01:53,712856852+02:00
57.013928167
9.987210167
1.1016
nan
0.0
 
2019-05-11T18:01:53,930116707+02:00
57.013927
9.987208333
1.08
nan
0.0
 
2019-05-11T18:01:54,313504593+02:00
57.013926667
9.987208167
1.134
nan
0.0
 
2019-05-11T18:01:54,521859542+02:00
57.013926833
9.987208667
1.1736
nan
0.0
 
2019-05-11T18:01:54,918269231+02:00
57.013927167
9.9872115
1.314
nan
0.0
 
2019-05-11T18:01:55,114786355+02:00
57.013927833
9.987210833
1.296
nan
0.0
 
2019-05-11T18:01:55,325590267+02:00
57.013928
9.9872105
1.3104
nan
0.0
 
2019-05-11T18:01:55,716556280+02:00
57.01393
9.987216667
1.6272
nan
37.16
 
2019-05-11T18:01:55,914346126+02:00
57.0139315
9.9872185
1.7028
nan
38.94
 
2019-05-11T18:01:56,316017242+02:00
57.013932833
9.987217833
1.6704
nan
38.39
 
2019-05-11T18:01:56,513286094+02:00
57.013931167
9.987217667
1.7208
nan
40.32
 
2019-05-11T18:01:56,910087628+02:00
57.013930667
9.987218333
1.746
nan
43.01
 
2019-05-11T18:01:57,118762958+02:00
57.013930333
9.987218667
1.7676
nan
43.97
 
2019-05-11T18:01:57,310150366+02:00
57.01393
9.987217833
1.71
nan
44.37
 
2019-05-11T18:01:57,522588681+02:00
57.01393
9.987218667
1.7928
nan
44.16
 
2019-05-11T18:01:57,719143335+02:00
57.013931667
9.987222
1.9476
nan
46.26
 
2019-05-11T18:01:57,910242854+02:00
57.013932333
9.987223167
2.0088
nan
46.71
 
2019-05-11T18:01:58,125898349+02:00
57.013932667
9.987223667
1.9368
nan
47.15
 
2019-05-11T18:01:58,514278308+02:00
57.013935667
9.987229167
2.124
nan
48.9
 
2019-05-11T18:01:58,724836080+02:00
57.013938
9.987231
2.1852
nan
47.44
 
2019-05-11T18:01:59,111062582+02:00
57.013941333
9.987234333
2.1852
nan
45.74
 
2019-05-11T18:01:59,312673761+02:00
57.013941833
9.987234833
2.1024
nan
44.38
 
2019-05-11T18:01:59,531036755+02:00
57.013943667
9.987234333
1.9908
nan
41.12
 
2019-05-11T18:01:59,918653030+02:00
57.013945833
9.987236667
1.962
nan
38.3
 
2019-05-11T18:02:00,116682580+02:00
57.013947167
9.987237833
1.908
nan
38.41
 
2019-05-11T18:02:00,335352651+02:00
57.013947833
9.987238167
1.8828
nan
37.29
 
2019-05-11T18:02:00,725341587+02:00
57.013947167
9.987236167
1.6416
nan
0.0
 
2019-05-11T18:02:00,922057161+02:00
57.0139465
9.9872355
1.6128
nan
0.0
 
2019-05-11T18:02:01,314832331+02:00
57.013944167
9.987233167
1.3896
nan
0.0
 
2019-05-11T18:02:01,529316158+02:00
57.013942333
9.987231833
1.3032
nan
0.0
 
2019-05-11T18:02:01,918472488+02:00
57.013942333
9.98723
1.152
nan
0.0
 
2019-05-11T18:02:02,130014885+02:00
57.013942333
9.987230833
1.1772
nan
0.0
 
2019-05-11T18:02:02,322820432+02:00
57.013941667
9.987232667
1.1988
nan
0.0
 
2019-05-11T18:02:02,523212248+02:00
57.013941167
9.9872345
1.2852
nan
0.0
 
2019-05-11T18:02:02,729778799+02:00
57.013941167
9.987237
1.404
nan
0.0
 
2019-05-11T18:02:02,915872745+02:00
57.013942333
9.9872385
1.4292
nan
0.0
 
2019-05-11T18:02:03,311261440+02:00
57.013942167
9.9872405
1.5012
nan
0.0
 
2019-05-11T18:02:03,518217751+02:00
57.013942167
9.987241167
1.4904
nan
0.0
 
2019-05-11T18:02:03,733010047+02:00
57.013943
9.987243
1.5444
nan
41.96
 
2019-05-11T18:02:04,113882604+02:00
57.0139435
9.987240667
1.332
nan
0.0
 
2019-05-11T18:02:04,323225527+02:00
57.013944
9.987241
1.3284
nan
0.0
 
2019-05-11T18:02:04,726492480+02:00
57.013944167
9.987243333
1.3752
nan
0.0
 
2019-05-11T18:02:04,914377097+02:00
57.013945
9.987243
1.3572
nan
0.0
 
2019-05-11T18:02:05,313374222+02:00
57.013946833
9.9872435
1.3356
nan
0.0
 
2019-05-11T18:02:05,518754953+02:00
57.013947667
9.987245
1.3716
nan
0.0
 
2019-05-11T18:02:05,733627896+02:00
57.013946
9.987243833
1.1952
nan
0.0
 
2019-05-11T18:02:06,117978513+02:00
57.013944667
9.987239333
0.9468
nan
0.0
 
2019-05-11T18:02:06,316313555+02:00
57.013943667
9.987238667
0.9144
nan
0.0
 
2019-05-11T18:02:06,515604375+02:00
57.013943167
9.9872355
0.8208
nan
0.0
 
2019-05-11T18:02:06,746202660+02:00
57.013943333
9.987235333
0.7884
nan
0.0
 
2019-05-11T18:02:07,120465088+02:00
57.0139435
9.987234833
0.702
nan
0.0
 
2019-05-11T18:02:08,518352990+02:00
nan
nan
nan
nan
nan
 
2019-05-11T18:02:08,947093450+02:00
nan
nan
nan
nan
nan
 
2019-05-11T18:02:09,314707368+02:00
nan
nan
nan
nan
nan
 
2019-05-11T18:02:09,516037279+02:00
nan
nan
nan
nan
nan
 
2019-05-11T18:02:09,720048192+02:00
nan
nan
nan
nan
nan
 
2019-05-11T18:02:10,120631829+02:00
57.0138045
9.986646
0.8064
nan
0.0
 
2019-05-11T18:02:10,327193835+02:00
57.0138225
9.986719667
0.2484
nan
0.0
 
2019-05-11T18:02:10,726141757+02:00
57.0138375
9.986775
0.0612
nan
0.0
 
2019-05-11T18:02:10,930105259+02:00
57.013839167
9.986781167
0.2952
nan
0.0
 
2019-05-11T18:02:11,333605426+02:00
57.013847333
9.986820333
0.144
nan
0.0
 
2019-05-11T18:02:11,726089038+02:00
57.013858333
9.986863833
0.6084
nan
0.0
 
2019-05-11T18:02:11,923852518+02:00
57.0138625
9.9868865
0.6264
nan
0.0
 
2019-05-11T18:02:12,129509433+02:00
57.013866833
9.986907333
0.4896
nan
0.0
 
2019-05-11T18:02:12,325376158+02:00
57.013874167
9.9869305
0.4536
nan
0.0
 
2019-05-11T18:02:12,527891789+02:00
57.0138835
9.986949667
0.486
nan
0.0
 
2019-05-11T18:02:12,719590856+02:00
57.013889667
9.986961167
0.1872
nan
0.0
 
2019-05-11T18:02:12,925333092+02:00
57.0138925
9.986968833
0.0504
nan
0.0
 
2019-05-11T18:02:13,131268383+02:00
57.013894833
9.986978833
0.126
nan
0.0
 
2019-05-11T18:02:13,518197063+02:00
57.013997333
9.987301833
0.7776
nan
0.0
 
2019-05-11T18:02:13,724603774+02:00
57.013986667
9.987307167
0.4536
nan
0.0
 
2019-05-11T18:02:13,919343292+02:00
57.013981333
9.987311
0.4968
nan
0.0
 
2019-05-11T18:02:14,141070799+02:00
57.0139825
9.987304833
1.8216
nan
0.0
 
2019-05-11T18:02:14,525797798+02:00
57.013976
9.9872885
2.5164
nan
0.0
 
2019-05-11T18:02:14,717714882+02:00
57.0139775
9.9872855
1.764
nan
0.0
 
2019-05-11T18:02:14,927639263+02:00
57.013979333
9.987280833
1.2276
nan
0.0
 
2019-05-11T18:02:15,322877588+02:00
57.013976167
9.987276667
1.5624
nan
0.0
 
2019-05-11T18:02:15,528187220+02:00
57.013973167
9.987270333
2.0916
nan
0.0
 
2019-05-11T18:02:15,921781837+02:00
57.013964
9.987259833
3.492
nan
236.0
 
2019-05-11T18:02:16,124694845+02:00
57.013965167
9.987264
2.6712
nan
0.0
 
2019-05-11T18:02:16,351708815+02:00
57.013967333
9.987265333
1.9548
nan
0.0
 
2019-05-11T18:02:16,566993579+02:00
57.013970333
9.987268667
1.4904
nan
0.0
 
2019-05-11T18:02:16,926565850+02:00
57.0139765
9.987269833
0.9324
nan
0.0
 
2019-05-11T18:02:17,320736683+02:00
57.013978333
9.987264333
1.6488
nan
0.0
 
2019-05-11T18:02:17,532862751+02:00
57.013980667
9.987264833
1.3032
nan
0.0
 
2019-05-11T18:02:17,734288227+02:00
57.013982667
9.9872635
1.188
nan
0.0
 
2019-05-11T18:02:17,955720139+02:00
57.013983833
9.987263
0.612
nan
0.0
 
2019-05-11T18:02:18,326028814+02:00
57.013983833
9.987259167
0.5472
nan
0.0
 
2019-05-11T18:02:18,717885495+02:00
57.013986833
9.9872615
0.6228
nan
0.0
 
2019-05-11T18:02:18,924540828+02:00
57.013988167
9.987263167
1.0512
nan
0.0
 
2019-05-11T18:02:19,118987598+02:00
57.013986667
9.987262
1.0368
nan
0.0
 
2019-05-11T18:02:19,516150821+02:00
57.013982333
9.987257167
0.72
nan
0.0
 
2019-05-11T18:02:19,735212721+02:00
57.013981333
9.987253833
0.6444
nan
0.0
 
2019-05-11T18:02:20,124365639+02:00
57.013979167
9.987245667
0.9288
nan
0.0
 
2019-05-11T18:02:20,320473347+02:00
57.0139785
9.987243833
1.1916
nan
0.0
 
2019-05-11T18:02:20,559466175+02:00
57.013977333
9.987241333
1.2996
nan
0.0
 
2019-05-11T18:02:20,916497702+02:00
57.013974667
9.987235167
1.9404
nan
0.0
 
2019-05-11T18:02:21,112576850+02:00
57.0139745
9.987232833
1.8288
nan
0.0
 
2019-05-11T18:02:21,521495052+02:00
57.013973667
9.987228833
1.8036
nan
0.0
 
2019-05-11T18:02:21,746432835+02:00
57.0139735
9.987227667
1.7352
nan
0.0
 
2019-05-11T18:02:22,126851211+02:00
57.013973833
9.987225833
1.5192
nan
0.0
 
2019-05-11T18:02:22,347234307+02:00
57.013973
9.9872255
1.4904
nan
0.0
 
2019-05-11T18:02:22,543408792+02:00
57.013972167
9.987225833
1.3392
nan
0.0
 
2019-05-11T18:02:22,928022936+02:00
57.013970667
9.987225667
1.3104
nan
0.0
 
2019-05-11T18:02:23,116077632+02:00
57.013971167
9.987226167
1.1772
nan
0.0
 
2019-05-11T18:02:23,326643076+02:00
57.013971667
9.987226167
1.1736
nan
0.0
 
2019-05-11T18:02:23,719714309+02:00
57.013973167
9.987228333
0.9432
nan
0.0
 
2019-05-11T18:02:23,919128588+02:00
57.013975833
9.9872295
0.5472
nan
0.0
 
2019-05-11T18:02:24,142797525+02:00
57.0139785
9.987230333
0.486
nan
0.0
 
2019-05-11T18:02:24,336606322+02:00
57.013979833
9.987231333
0.2448
nan
0.0
 
2019-05-11T18:02:24,517775685+02:00
57.013981
9.9872325
0.3384
nan
0.0
 
2019-05-11T18:02:24,731589359+02:00
57.013984
9.987234167
0.0252
nan
0.0
 
2019-05-11T18:02:24,919052028+02:00
57.013986833
9.987236833
0.1332
nan
0.0
 
2019-05-11T18:02:25,316336493+02:00
57.013987
9.9872375
0.2052
nan
0.0
 
2019-05-11T18:02:25,522257220+02:00
57.013985667
9.9872335
0.432
nan
0.0
 
2019-05-11T18:02:25,920326756+02:00
57.013988
9.987238167
0.306
nan
0.0
 
2019-05-11T18:02:26,131247524+02:00
57.013991333
9.9872435
0.648
nan
0.0
 
2019-05-11T18:02:26,330959155+02:00
57.013993
9.987244833
0.7452
nan
0.0
 
2019-05-11T18:02:26,740175981+02:00
57.013999333
9.987247333
0.7092
nan
0.0
 
2019-05-11T18:02:27,117224227+02:00
57.014001167
9.987250833
0.4932
nan
0.0
 
2019-05-11T18:02:27,350107938+02:00
57.014001
9.987252833
0.6084
nan
0.0
 
2019-05-11T18:02:27,735652710+02:00
57.0140015
9.987256167
0.8784
nan
0.0
 
2019-05-11T18:02:27,932491221+02:00
57.0140015
9.987254167
0.396
nan
0.0
 
2019-05-11T18:02:28,128786565+02:00
57.014002333
9.987253833
0.3708
nan
0.0
 
2019-05-11T18:02:28,533690174+02:00
57.014004333
9.9872565
0.6336
nan
0.0
 
2019-05-11T18:02:28,715485976+02:00
57.0140055
9.987257167
0.5544
nan
0.0
 
2019-05-11T18:02:28,937616995+02:00
57.014006667
9.987258333
0.6336
nan
0.0
 
2019-05-11T18:02:29,318574963+02:00
57.014006667
9.987258167
0.5976
nan
0.0
 
2019-05-11T18:02:29,519530577+02:00
57.014007
9.987258833
0.648
nan
0.0
 
2019-05-11T18:02:29,742965704+02:00
57.014007167
9.98726
0.7596
nan
0.0
 
2019-05-11T18:02:30,113229557+02:00
57.014006333
9.987259333
0.6624
nan
0.0
 
2019-05-11T18:02:30,515410777+02:00
57.014005333
9.987258333
0.4932
nan
0.0
 
2019-05-11T18:02:30,720324321+02:00
57.014004333
9.987257
0.4464
nan
0.0
 
2019-05-11T18:02:30,919859863+02:00
57.014004167
9.987257333
0.5256
nan
0.0
 
2019-05-11T18:02:31,131056339+02:00
57.014003167
9.987256167
0.2952
nan
0.0
 
2019-05-11T18:02:31,511785545+02:00
57.014004167
9.9872535
0.216
nan
0.0
 
2019-05-11T18:02:31,738965848+02:00
57.014005667
9.987254333
0.3924
nan
0.0
 
2019-05-11T18:02:31,933557608+02:00
57.014007833
9.987256667
0.5436
nan
0.0
 
2019-05-11T18:02:32,119211759+02:00
57.014010333
9.987260167
1.0296
nan
0.0
 
2019-05-11T18:02:32,326593688+02:00
57.014010833
9.9872605
0.6732
nan
0.0
 
2019-05-11T18:02:32,530739336+02:00
57.014012
9.987261
0.936
nan
0.0
 
2019-05-11T18:02:32,918622330+02:00
57.014012667
9.987260333
0.7164
nan
0.0
 
2019-05-11T18:02:33,124757079+02:00
57.014014
9.987263333
0.7344
nan
0.0
 
2019-05-11T18:02:33,517714849+02:00
57.0140175
9.987266333
1.0116
nan
0.0
 
2019-05-11T18:02:33,720066300+02:00
57.014018
9.987267
0.8784
nan
0.0
 
2019-05-11T18:02:33,953794100+02:00
57.0140175
9.987265833
0.7776
nan
0.0
 
2019-05-11T18:02:34,326915810+02:00
57.0140125
9.987262833
0.2988
nan
0.0
 
2019-05-11T18:02:34,520498283+02:00
57.014013667
9.987264667
0.3492
nan
0.0
 
2019-05-11T18:02:34,919215380+02:00
57.014018167
9.987272
1.1232
nan
0.0
 
2019-05-11T18:02:35,147930363+02:00
57.014019
9.987274167
1.0656
nan
0.0
 
2019-05-11T18:02:35,340336179+02:00
57.014019167
9.987276
1.0584
nan
0.0
 
2019-05-11T18:02:35,722545418+02:00
57.014018333
9.987278
1.242
nan
0.0
 
2019-05-11T18:02:35,947852565+02:00
57.014016333
9.987275167
0.4824
nan
0.0
 
2019-05-11T18:02:36,146299134+02:00
57.0140155
9.9872745
0.5796
nan
0.0
 
2019-05-11T18:02:36,518135348+02:00
57.014017333
9.987278667
1.116
nan
0.0
 
2019-05-11T18:02:36,713073838+02:00
57.014016333
9.987278833
0.7776
nan
0.0
 
2019-05-11T18:02:36,950586219+02:00
57.014013333
9.987278833
0.9252
nan
0.0
 
2019-05-11T18:02:37,326661479+02:00
57.014010667
9.987279167
0.9792
nan
0.0
 
2019-05-11T18:02:37,729079386+02:00
57.014011667
9.987281833
1.242
nan
0.0
 
2019-05-11T18:02:37,945527213+02:00
57.014012333
9.987281667
0.846
nan
0.0
 
2019-05-11T18:02:38,163478486+02:00
57.014011333
9.98728
0.4896
nan
0.0
 
2019-05-11T18:02:38,519999448+02:00
57.014009667
9.987278
0.2664
nan
0.0
 
2019-05-11T18:02:38,719245680+02:00
57.014008833
9.9872795
0.4284
nan
0.0
 
2019-05-11T18:02:38,936263274+02:00
57.014007167
9.987278167
0.4032
nan
0.0
 
2019-05-11T18:02:39,118945862+02:00
57.014007
9.987279333
0.378
nan
0.0
 
2019-05-11T18:02:39,314494305+02:00
57.0140075
9.987281167
0.4896
nan
0.0
 
2019-05-11T18:02:39,524260952+02:00
57.0140075
9.987283167
0.7452
nan
0.0
 
2019-05-11T18:02:39,918719326+02:00
57.014008167
9.987285667
1.0512
nan
0.0
 
2019-05-11T18:02:40,122133755+02:00
57.014007833
9.987285167
0.9864
nan
0.0
 
2019-05-11T18:02:40,516963428+02:00
57.014004833
9.9872835
0.7632
nan
0.0
 
2019-05-11T18:02:40,722936588+02:00
57.0140045
9.987285667
0.7884
nan
0.0
 
2019-05-11T18:02:40,924408714+02:00
57.014003
9.987284833
0.8424
nan
0.0
 
2019-05-11T18:02:41,329920971+02:00
57.014001333
9.987278833
0.0504
nan
0.0
 
2019-05-11T18:02:41,519793196+02:00
57.014002833
9.987281167
0.522
nan
0.0
 
2019-05-11T18:02:41,751247174+02:00
57.014003
9.987282
0.5616
nan
0.0
 
2019-05-11T18:02:42,117597102+02:00
57.014005667
9.987284
0.5508
nan
0.0
 
2019-05-11T18:02:42,320331418+02:00
57.014006667
9.987286167
0.5616
nan
0.0
 
2019-05-11T18:02:42,715473392+02:00
57.014006167
9.987288833
0.72
nan
0.0
 
2019-05-11T18:02:42,924215202+02:00
57.014006333
9.987290333
0.9828
nan
0.0
 
2019-05-11T18:02:43,149229328+02:00
57.0140065
9.987290667
0.7776
nan
0.0
 
2019-05-11T18:02:43,338347531+02:00
57.0140055
9.987290333
0.864
nan
0.0
 
2019-05-11T18:02:43,538779932+02:00
57.0140045
9.9872905
0.8388
nan
0.0
 
2019-05-11T18:02:43,739919119+02:00
57.014003833
9.987289333
0.9072
nan
0.0
 
2019-05-11T18:02:44,116367512+02:00
57.014004167
9.987291833
1.4652
nan
0.0
 
2019-05-11T18:02:44,350411291+02:00
57.0140045
9.9872915
1.2888
nan
0.0
 
2019-05-11T18:02:44,724552628+02:00
57.014002167
9.9872875
1.188
nan
0.0
 
2019-05-11T18:02:44,921620232+02:00
57.014000833
9.987285667
1.1592
nan
0.0
 
2019-05-11T18:02:45,319725806+02:00
57.014001
9.987284833
1.2384
nan
0.0
 
2019-05-11T18:02:45,512023159+02:00
57.014000833
9.987284333
1.2348
nan
0.0
 
2019-05-11T18:02:45,723542160+02:00
57.013998167
9.987278167
1.1628
nan
0.0
 
2019-05-11T18:02:46,141076575+02:00
57.013996
9.987268833
1.1916
nan
0.0
 
2019-05-11T18:02:46,348058192+02:00
57.013996333
9.987265667
1.1664
nan
0.0
 
2019-05-11T18:02:46,521128384+02:00
57.013994333
9.987261833
1.242
nan
0.0
 
2019-05-11T18:02:46,921059292+02:00
57.013990667
9.987257333
1.0332
nan
0.0
 
2019-05-11T18:02:47,119568205+02:00
57.013990167
9.987255667
0.954
nan
0.0
 
2019-05-11T18:02:47,334446534+02:00
57.013989167
9.987256
1.2564
nan
0.0
 
2019-05-11T18:02:47,913785465+02:00
57.013986
9.987247167
1.0548
nan
0.0
 
2019-05-11T18:02:48,323790493+02:00
57.013983
9.987239833
0.4788
nan
0.0
 
2019-05-11T18:02:48,518102897+02:00
57.013981
9.987235833
0.2304
nan
0.0
 
2019-05-11T18:02:48,919042656+02:00
57.0139775
9.987232333
0.2052
nan
0.0
 
2019-05-11T18:02:49,146106864+02:00
57.0139765
9.9872315
0.1692
nan
0.0
 
2019-05-11T18:02:49,344211342+02:00
57.013975333
9.987231167
0.3564
nan
0.0
 
2019-05-11T18:02:49,722475954+02:00
57.0139715
9.987223167
0.3744
nan
0.0
 
2019-05-11T18:02:49,924389880+02:00
57.013969667
9.987218
0.3168
nan
0.0
 
2019-05-11T18:02:50,329893060+02:00
57.013967333
9.987211333
0.5652
nan
0.0
 
2019-05-11T18:02:50,555979554+02:00
57.013966
9.987209833
0.7164
nan
0.0
 
2019-05-11T18:02:50,925917320+02:00
57.0139625
9.987203167
1.2384
nan
0.0
 
2019-05-11T18:02:51,126654775+02:00
57.013959667
9.987199833
1.5912
nan
0.0
 
2019-05-11T18:02:51,318958419+02:00
57.013958833
9.987199167
1.476
nan
0.0
 
2019-05-11T18:02:51,725705113+02:00
57.0139555
9.987191833
2.1636
nan
0.0
 
2019-05-11T18:02:51,918735256+02:00
57.013953167
9.987185667
2.61
nan
0.0
 
2019-05-11T18:02:52,320228603+02:00
57.013948833
9.9871785
2.808
nan
235.3
 
2019-05-11T18:02:52,538590311+02:00
57.0139465
9.9871745
3.2724
nan
233.0
 
2019-05-11T18:02:53,128321351+02:00
57.0139355
9.987157833
5.2668
nan
219.91
 
2019-05-11T18:02:53,325445119+02:00
57.013932667
9.987153333
5.4
nan
222.75
 
2019-05-11T18:02:53,722206727+02:00
57.013927667
9.987148667
5.2128
nan
225.77
 
2019-05-11T18:02:53,917163562+02:00
57.013926
9.987147667
4.9608
nan
225.71
 
2019-05-11T18:02:54,144262163+02:00
57.0139255
9.987147167
4.6188
nan
225.59
 
2019-05-11T18:02:54,521991315+02:00
57.013922167
9.987142833
4.32
nan
226.9
 
2019-05-11T18:02:54,730504143+02:00
57.0139215
9.987140667
4.086
nan
231.65
 
2019-05-11T18:02:55,118363075+02:00
57.013919833
9.9871395
3.5244
nan
232.56
 
2019-05-11T18:02:55,324528427+02:00
57.013920833
9.987139167
3.24
nan
235.08
 
2019-05-11T18:02:55,536871103+02:00
57.0139215
9.9871425
2.6316
nan
0.0
 
2019-05-11T18:02:55,922142655+02:00
57.0139235
9.987147333
1.5048
nan
0.0
 
2019-05-11T18:02:56,126569432+02:00
57.013923
9.987148333
1.422
nan
0.0
 
2019-05-11T18:02:56,519209315+02:00
57.013920333
9.987145667
1.638
nan
0.0
 
2019-05-11T18:02:56,721345363+02:00
57.01392
9.987144833
1.3464
nan
0.0
 
2019-05-11T18:02:56,954871393+02:00
57.013920333
9.987144167
1.0872
nan
0.0
 
2019-05-11T18:02:57,327174929+02:00
57.013921167
9.9871455
0.864
nan
0.0
 
2019-05-11T18:02:57,522687357+02:00
57.013920667
9.9871445
0.9252
nan
0.0
 
2019-05-11T18:02:57,743074228+02:00
57.013921
9.987146
0.5256
nan
0.0
 
2019-05-11T18:02:58,331739731+02:00
57.0139195
9.987140167
0.9576
nan
0.0
 
2019-05-11T18:02:58,728846889+02:00
57.013919667
9.987138667
0.7956
nan
0.0
 
2019-05-11T18:02:58,931988488+02:00
57.013920167
9.987140667
0.4896
nan
0.0
 
2019-05-11T18:02:59,323868852+02:00
57.0139175
9.987137167
1.0476
nan
0.0
 
2019-05-11T18:02:59,517862901+02:00
57.013916167
9.987135167
1.0764
nan
0.0
 
2019-05-11T18:02:59,917836514+02:00
57.013914333
9.987137167
1.1016
nan
0.0
 
2019-05-11T18:03:00,119225194+02:00
57.013913333
9.9871355
1.0512
nan
0.0
 
2019-05-11T18:03:00,332811581+02:00
57.013912333
9.987134167
1.1232
nan
0.0
 
2019-05-11T18:03:00,716712728+02:00
57.013913
9.9871335
0.8928
nan
0.0
 
2019-05-11T18:03:00,922862298+02:00
57.013912833
9.987132833
1.1268
nan
0.0
 
2019-05-11T18:03:01,323583633+02:00
57.013913667
9.987137333
0.6192
nan
0.0
 
2019-05-11T18:03:01,517553183+02:00
57.013913
9.987137833
0.7272
nan
0.0
 
2019-05-11T18:03:01,728143504+02:00
57.013911833
9.9871385
0.8172
nan
0.0
 
2019-05-11T18:03:01,920220735+02:00
57.013910833
9.987137167
0.918
nan
0.0
 
2019-05-11T18:03:02,125845437+02:00
57.0139115
9.9871385
0.6156
nan
0.0
 
2019-05-11T18:03:02,329886146+02:00
57.013912
9.987139
0.504
nan
0.0
 
2019-05-11T18:03:02,721341643+02:00
57.013909333
9.987137833
0.8892
nan
0.0
 
2019-05-11T18:03:02,923494883+02:00
57.013907667
9.987136833
1.1016
nan
0.0
 
2019-05-11T18:03:03,138620077+02:00
57.013907333
9.987135667
1.116
nan
0.0
 
2019-05-11T18:03:03,735193906+02:00
57.013909333
9.987141333
0.2412
nan
0.0
 
2019-05-11T18:03:04,118926084+02:00
57.013911167
9.987146333
0.4104
nan
0.0
 
2019-05-11T18:03:04,317318823+02:00
57.013912
9.987149333
0.6876
nan
0.0
 
2019-05-11T18:03:04,531510676+02:00
57.0139125
9.987151333
0.4932
nan
0.0
 
2019-05-11T18:03:04,924498205+02:00
57.013912
9.987155167
0.7848
nan
0.0
 
2019-05-11T18:03:05,122073974+02:00
57.013911333
9.987154167
0.3096
nan
0.0
 
2019-05-11T18:03:05,517351470+02:00
57.013909
9.987153833
0.2628
nan
0.0
 
2019-05-11T18:03:05,732659607+02:00
57.013909333
9.987155833
0.3024
nan
0.0
 
2019-05-11T18:03:05,943583828+02:00
57.01391
9.987154833
0.3492
nan
0.0
 
2019-05-11T18:03:06,334262578+02:00
57.013911333
9.987156333
0.756
nan
0.0
 
2019-05-11T18:03:06,559184478+02:00
57.013911167
9.987154667
0.7848
nan
0.0
 
2019-05-11T18:03:06,926800867+02:00
57.013911833
9.987157833
0.3276
nan
0.0
 
2019-05-11T18:03:07,149024966+02:00
57.013913
9.987159667
0.6372
nan
0.0
 
2019-05-11T18:03:07,348058449+02:00
57.013913333
9.9871615
0.5544
nan
0.0
 
2019-05-11T18:03:07,551894320+02:00
57.013913833
9.987163667
0.8172
nan
0.0
 
2019-05-11T18:03:07,919738557+02:00
57.013915333
9.98717
1.1952
nan
0.0
 
2019-05-11T18:03:08,142471231+02:00
57.013915667
9.987170167
1.1844
nan
0.0
 
2019-05-11T18:03:08,352470441+02:00
57.013916
9.987170833
1.1376
nan
0.0
 
2019-05-11T18:03:08,526782983+02:00
57.013915833
9.987172
1.2636
nan
0.0
 
2019-05-11T18:03:08,937843641+02:00
57.013913667
9.987170333
0.5544
nan
0.0
 
2019-05-11T18:03:12,765810926+02:00
nan
nan
nan
nan
nan
 
2019-05-11T18:03:13,121161641+02:00
57.013894833
9.987056833
7.9416
nan
25.35
 
2019-05-11T18:03:13,522367493+02:00
57.0138745
9.987061833
4.1184
nan
20.51
 
2019-05-11T18:03:13,727215153+02:00
57.013879
9.987070167
3.8088
nan
22.93
 
2019-05-11T18:03:13,972563719+02:00
57.013876833
9.987069
3.3156
nan
0.0
 
2019-05-11T18:03:14,327669268+02:00
57.0138705
9.987051167
3.0816
nan
0.0
 
2019-05-11T18:03:14,524264589+02:00
57.013866667
9.987037167
2.4084
nan
0.0
 
2019-05-11T18:03:14,921772501+02:00
57.0138585
9.987015
1.782
nan
0.0
 
2019-05-11T18:03:15,129392472+02:00
57.013855667
9.9870015
1.2312
nan
0.0
 
2019-05-11T18:03:15,342408961+02:00
57.013854833
9.9869925
1.2924
nan
0.0
 
2019-05-11T18:03:15,537778227+02:00
57.013854833
9.986985833
1.1484
nan
0.0
 
2019-05-11T18:03:15,754960902+02:00
57.013856333
9.9869865
1.3104
nan
0.0
 
2019-05-11T18:03:16,128686287+02:00
57.013857667
9.986994
2.052
nan
0.0
 
2019-05-11T18:03:16,526556569+02:00
57.013857667
9.986997167
1.4508
nan
0.0
 
2019-05-11T18:03:16,925730767+02:00
57.013857833
9.987005333
1.3176
nan
0.0
 
2019-05-11T18:03:17,140275993+02:00
57.01386
9.987010167
1.5696
nan
0.0
 
2019-05-11T18:03:17,331053454+02:00
57.013862
9.987011167
1.6344
nan
0.0
 
2019-05-11T18:03:17,722853394+02:00
57.013863
9.987014833
1.6488
nan
0.0
 
2019-05-11T18:03:17,924027142+02:00
57.0138655
9.987015667
1.548
nan
0.0
 
2019-05-11T18:03:18,126406771+02:00
57.013868
9.987017667
1.71
nan
0.0
 
2019-05-11T18:03:18,342057795+02:00
57.0138695
9.987018333
1.6848
nan
0.0
 
2019-05-11T18:03:18,569824868+02:00
57.013871667
9.987021167
2.0016
nan
0.0
 
2019-05-11T18:03:18,923360104+02:00
57.013875
9.987021167
1.7568
nan
0.0
 
2019-05-11T18:03:19,323554815+02:00
57.0138745
9.98702
1.1268
nan
0.0
 
2019-05-11T18:03:19,523163694+02:00
57.013875167
9.987018667
1.3824
nan
0.0
 
2019-05-11T18:03:19,726427016+02:00
57.013876
9.987017833
1.3212
nan
0.0
 
2019-05-11T18:03:20,125162105+02:00
57.0138795
9.987024833
7.6464
39.8
nan
 
2019-05-11T18:03:20,338744591+02:00
57.013881333
9.987028333
1.9332
nan
0.0
 
2019-05-11T18:03:20,721784360+02:00
57.013882333
9.987032167
2.1708
nan
0.0
 
2019-05-11T18:03:20,918309163+02:00
57.013883
9.987033
2.1744
nan
0.0
 
2019-05-11T18:03:21,122969585+02:00
57.013882333
9.987032167
1.8972
nan
0.0
 
2019-05-11T18:03:21,336213009+02:00
57.013881833
9.987029
1.2168
nan
0.0
 
2019-05-11T18:03:21,723056765+02:00
57.013881
9.987027833
0.7992
nan
0.0
 
2019-05-11T18:03:21,933592511+02:00
57.013881333
9.987028167
0.9324
nan
0.0
 
2019-05-11T18:03:22,337399016+02:00
57.013880167
9.987026167
0.7776
nan
0.0
 
2019-05-11T18:03:22,529386646+02:00
57.013881167
9.987027333
0.4896
nan
0.0
 
2019-05-11T18:03:22,929030902+02:00
57.013882667
9.987031667
0.7092
nan
0.0
 
2019-05-11T18:03:23,130586474+02:00
57.013884
9.987034167
0.9
nan
0.0
 
2019-05-11T18:03:23,374837138+02:00
57.013885333
9.987036167
0.918
nan
0.0
 
2019-05-11T18:03:23,721994655+02:00
57.013888167
9.98704
1.0656
nan
0.0
 
2019-05-11T18:03:23,917933004+02:00
57.013889333
9.987043333
1.2528
nan
0.0
 
2019-05-11T18:03:24,324434815+02:00
57.013890167
9.987046667
0.9468
nan
0.0
 
2019-05-11T18:03:24,523585328+02:00
57.013891
9.987048833
0.9288
nan
0.0
 
2019-05-11T18:03:24,722491348+02:00
57.013890833
9.987050833
0.8604
nan
0.0
 
2019-05-11T18:03:25,122112647+02:00
57.0138935
9.987054167
0.9756
nan
0.0
 
2019-05-11T18:03:25,330969616+02:00
57.013894833
9.987056333
1.1052
nan
0.0
 
2019-05-11T18:03:25,525811929+02:00
57.0138955
9.987058667
1.0188
nan
0.0
 
2019-05-11T18:03:25,919251812+02:00
57.013895667
9.987059333
0.7164
nan
0.0
 
2019-05-11T18:03:26,132190275+02:00
57.013895833
9.987060167
0.7416
nan
0.0
 
2019-05-11T18:03:26,519782053+02:00
57.013897833
9.987063667
0.7596
nan
0.0
 
2019-05-11T18:03:26,719292235+02:00
57.013896833
9.987064333
0.4068
nan
0.0
 
2019-05-11T18:03:27,127587782+02:00
57.0138965
9.9870675
0.5724
nan
0.0
 
2019-05-11T18:03:27,333432123+02:00
57.013897167
9.987070167
0.594
nan
0.0
 
2019-05-11T18:03:27,519116363+02:00
57.013897833
9.987069167
0.7956
nan
0.0
 
2019-05-11T18:03:27,912973333+02:00
57.013899333
9.987070667
0.8172
nan
0.0
 
2019-05-11T18:03:28,139830136+02:00
57.013898167
9.987070833
0.9144
nan
0.0
 
2019-05-11T18:03:28,529891622+02:00
57.013896333
9.987068833
0.9756
nan
0.0
 
2019-05-11T18:03:28,715545330+02:00
57.0138945
9.987066
1.2132
nan
0.0
 
2019-05-11T18:03:28,932623466+02:00
57.013893833
9.987065667
0.9144
nan
0.0
 
2019-05-11T18:03:29,315901319+02:00
57.013895167
9.987066333
0.882
nan
0.0
 
2019-05-11T18:03:29,549677652+02:00
57.013895333
9.987068833
0.5184
nan
0.0
 
2019-05-11T18:03:29,923955811+02:00
57.013896167
9.98707
0.7776
nan
0.0
 
2019-05-11T18:03:30,326627025+02:00
57.013895
9.987068833
0.7884
nan
0.0
 
2019-05-11T18:03:30,541753100+02:00
57.013896333
9.987068167
1.1484
nan
0.0
 
2019-05-11T18:03:30,731711167+02:00
57.013896833
9.9870695
0.882
nan
0.0
 
2019-05-11T18:03:30,927374699+02:00
57.013896667
9.987071167
0.8784
nan
0.0
 
2019-05-11T18:03:31,327013198+02:00
57.013896333
9.9870715
1.0548
nan
0.0
 
2019-05-11T18:03:31,727298643+02:00
57.013898667
9.9870785
0.4356
nan
0.0
 
2019-05-11T18:03:31,954915523+02:00
57.0138985
9.987078167
0.5184
nan
0.0
 
2019-05-11T18:03:32,115661044+02:00
57.013898833
9.987078333
0.648
nan
0.0
 
2019-05-11T18:03:32,334411450+02:00
57.013897667
9.987077667
0.9576
nan
0.0
 
2019-05-11T18:03:32,727474352+02:00
57.013897667
9.987081833
0.5328
nan
0.0
 
2019-05-11T18:03:33,124747940+02:00
57.013901333
9.987090667
0.5904
nan
0.0
 
2019-05-11T18:03:33,319005014+02:00
57.013904167
9.987093667
0.9828
nan
0.0
 
2019-05-11T18:03:33,730520447+02:00
57.0139065
9.9870975
0.8532
nan
0.0
 
2019-05-11T18:03:33,917432814+02:00
57.013908333
9.987099833
1.0512
nan
0.0
 
2019-05-11T18:03:34,124071457+02:00
57.0139095
9.987102
0.8568
nan
0.0
 
2019-05-11T18:03:34,321822051+02:00
57.013909667
9.987105
0.9504
nan
0.0
 
2019-05-11T18:03:34,720018866+02:00
57.013910167
9.987107333
0.9288
nan
0.0
 
2019-05-11T18:03:34,923081131+02:00
57.013911333
9.987110167
0.9972
nan
0.0
 
2019-05-11T18:03:35,322974933+02:00
57.013910833
9.987108833
0.5508
nan
0.0
 
2019-05-11T18:03:35,535239893+02:00
57.013909333
9.987106333
0.4608
nan
0.0
 
2019-05-11T18:03:35,918115565+02:00
57.013909333
9.987108167
0.3276
nan
0.0
 
2019-05-11T18:03:36,124121273+02:00
57.013909333
9.9871105
0.4104
nan
0.0
 
2019-05-11T18:03:36,518902349+02:00
57.013908833
9.987112333
0.144
nan
0.0
 
2019-05-11T18:03:36,926665417+02:00
57.01391
9.987119333
0.6012
nan
0.0
 
2019-05-11T18:03:37,318890122+02:00
57.013910667
9.987122833
0.5976
nan
0.0
 
2019-05-11T18:03:37,520456044+02:00
57.013912
9.987125333
0.918
nan
0.0
 
2019-05-11T18:03:37,920126719+02:00
57.013913167
9.987126
0.72
nan
0.0
 
2019-05-11T18:03:38,118853336+02:00
57.013914667
9.987129
0.9036
nan
0.0
 
2019-05-11T18:03:38,520228919+02:00
57.013916333
9.987131667
0.774
nan
0.0
 
2019-05-11T18:03:38,914035385+02:00
57.013918833
9.987137667
0.9792
nan
0.0
 
2019-05-11T18:03:39,323057558+02:00
57.013918167
9.987140333
0.846
nan
0.0
 
2019-05-11T18:03:39,530157234+02:00
57.0139175
9.987140167
0.4824
nan
0.0
 
2019-05-11T18:03:39,747433486+02:00
57.013917167
9.98714
0.4428
nan
0.0
 
2019-05-11T18:03:40,130602467+02:00
57.013915167
9.9871355
0.6372
nan
0.0
 
2019-05-11T18:03:40,334520564+02:00
57.0139155
9.987133833
0.9792
nan
0.0
 
2019-05-11T18:03:40,551774280+02:00
57.013915333
9.987133667
1.0476
nan
0.0
 
2019-05-11T18:03:40,925942535+02:00
57.013912833
9.987131833
1.3248
nan
0.0
 
2019-05-11T18:03:41,157956380+02:00
57.013913
9.987130833
1.386
nan
0.0
 
2019-05-11T18:03:41,724618283+02:00
57.013911667
9.987135
1.1196
nan
0.0
 
2019-05-11T18:03:42,121857637+02:00
57.0139105
9.987136167
0.8532
nan
0.0
 
2019-05-11T18:03:42,316783041+02:00
57.013912333
9.9871395
0.3132
nan
0.0
 
2019-05-11T18:03:42,540967061+02:00
57.013913833
9.987142333
0.3636
nan
0.0
 
2019-05-11T18:03:42,739110416+02:00
57.013913667
9.987142667
0.2952
nan
0.0
 
2019-05-11T18:03:42,917447061+02:00
57.013912667
9.987140667
0.2124
nan
0.0
 
2019-05-11T18:03:43,318151762+02:00
57.013909
9.987133833
1.1952
nan
0.0
 
2019-05-11T18:03:43,518410054+02:00
57.0139095
9.9871345
1.0836
nan
0.0
 
2019-05-11T18:03:43,725157771+02:00
57.01391
9.987139
0.4068
nan
0.0
 
2019-05-11T18:03:44,121925316+02:00
57.013912667
9.987145833
0.4356
nan
0.0
 
2019-05-11T18:03:44,528679090+02:00
57.013912667
9.987142833
0.54
nan
0.0
 
2019-05-11T18:03:44,925833355+02:00
57.013914333
9.9871505
0.5004
nan
0.0
 
2019-05-11T18:03:45,118395415+02:00
57.013915833
9.987151667
0.5148
nan
0.0
 
2019-05-11T18:03:45,522248977+02:00
57.013916833
9.987146667
0.648
nan
0.0
 
2019-05-11T18:03:45,721253178+02:00
57.013915167
9.987146333
0.6732
nan
0.0
 
2019-05-11T18:03:45,945702705+02:00
57.013914333
9.987148333
0.5364
nan
0.0
 
2019-05-11T18:03:46,147540324+02:00
57.0139135
9.987148333
0.6372
nan
0.0
 
2019-05-11T18:03:46,527164242+02:00
57.013911833
9.9871475
0.6588
nan
0.0
 
2019-05-11T18:03:46,926214877+02:00
57.013912667
9.987152333
0.0828
nan
0.0
 
2019-05-11T18:03:47,319697084+02:00
57.013913667
9.987152
0.2232
nan
0.0
 
2019-05-11T18:03:47,722884289+02:00
57.0139135
9.9871495
0.5868
nan
0.0
 
2019-05-11T18:03:47,955253489+02:00
57.013912667
9.987147167
0.8784
nan
0.0
 
2019-05-11T18:03:48,534394546+02:00
57.013917667
9.987148833
0.882
nan
0.0
 
2019-05-11T18:03:48,923546146+02:00
57.013920333
9.987152833
0.4428
nan
0.0
 
2019-05-11T18:03:49,137240027+02:00
57.013920333
9.987157
0.3564
nan
0.0
 
2019-05-11T18:03:49,364078819+02:00
57.013920833
9.987161
0.2376
nan
0.0
 
2019-05-11T18:03:49,721563060+02:00
57.013921167
9.987166667
0.4392
nan
0.0
 
2019-05-11T18:03:49,914979436+02:00
57.013922833
9.987166833
0.5148
nan
0.0
 
2019-05-11T18:03:50,326149591+02:00
57.013924667
9.987166667
0.4176
nan
0.0
 
2019-05-11T18:03:50,525480974+02:00
57.0139255
9.987167167
0.7488
nan
0.0
 
2019-05-11T18:03:50,728309790+02:00
57.013926833
9.987169333
0.6012
nan
0.0
 
2019-05-11T18:03:50,918986154+02:00
57.013928
9.987173333
0.8748
nan
0.0
 
2019-05-11T18:03:51,131512237+02:00
57.0139285
9.987174667
0.9288
nan
0.0
 
2019-05-11T18:03:51,322939575+02:00
57.013929833
9.987176667
1.0944
nan
0.0
 
2019-05-11T18:03:51,528966076+02:00
57.013931667
9.987179833
1.3608
nan
0.0
 
2019-05-11T18:03:51,719804381+02:00
57.013932667
9.987180167
1.2456
nan
0.0
 
2019-05-11T18:03:52,134799893+02:00
57.013934
9.987184167
1.5732
nan
0.0
 
2019-05-11T18:03:52,522499812+02:00
57.013938
9.987188333
1.9044
nan
0.0
 
2019-05-11T18:03:52,716090496+02:00
57.01394
9.98719
1.9548
nan
0.0
 
2019-05-11T18:03:53,124899004+02:00
57.013942667
9.9871875
1.368
nan
0.0
 
2019-05-11T18:03:53,329678169+02:00
57.0139445
9.987187
1.4652
nan
0.0
 
2019-05-11T18:03:53,721660772+02:00
57.0139475
9.987188167
1.2564
nan
0.0
 
2019-05-11T18:03:53,915527253+02:00
57.013947833
9.987185667
1.1052
nan
0.0
 
2019-05-11T18:03:54,125489479+02:00
57.013948
9.9871895
0.8496
nan
0.0
 
2019-05-11T18:03:54,321970383+02:00
57.013948667
9.987192833
1.0116
nan
0.0
 
2019-05-11T18:03:54,565239391+02:00
57.013948167
9.9871915
0.7992
nan
0.0
 
2019-05-11T18:03:54,918596148+02:00
57.0139495
9.987187167
1.098
nan
0.0
 
2019-05-11T18:03:55,144034225+02:00
57.0139505
9.987189167
0.8892
nan
0.0
 
2019-05-11T18:03:55,353238448+02:00
57.013951167
9.987188
1.1664
nan
0.0
 
2019-05-11T18:03:55,720719499+02:00
57.01395
9.987183333
1.152
nan
0.0
 
2019-05-11T18:03:56,119275683+02:00
57.0139495
9.987179833
1.1808
nan
0.0
 
2019-05-11T18:03:56,325356800+02:00
57.013949833
9.987184167
0.6372
nan
0.0
 
2019-05-11T18:03:56,723289053+02:00
57.01395
9.987190167
0.7056
nan
0.0
 
2019-05-11T18:03:56,929471176+02:00
57.013949167
9.987187833
0.6732
nan
0.0
 
2019-05-11T18:03:57,146418581+02:00
57.013949167
9.987189
0.504
nan
0.0
 
2019-05-11T18:03:57,318996102+02:00
57.013949333
9.987190667
0.5976
nan
0.0
 
2019-05-11T18:03:57,723229521+02:00
57.013953167
9.987195833
1.0764
nan
0.0
 
2019-05-11T18:03:58,124436544+02:00
57.0139575
9.987192667
1.224
nan
0.0
 
2019-05-11T18:03:58,318164089+02:00
57.013960833
9.987193
1.2672
nan
0.0
 
2019-05-11T18:03:58,933950038+02:00
57.013968333
9.987200167
1.548
nan
0.0
 
2019-05-11T18:03:59,120371248+02:00
57.0139685
9.987202333
1.4472
nan
0.0
 
2019-05-11T18:03:59,521496226+02:00
57.013967333
9.987201
1.1484
nan
0.0
 
2019-05-11T18:03:59,718477611+02:00
57.013967167
9.9872005
1.044
nan
0.0
 
2019-05-11T18:04:00,126092956+02:00
57.013966833
9.987204167
1.0656
nan
0.0
 
2019-05-11T18:04:00,326619577+02:00
57.013964833
9.987203
0.6948
nan
0.0
 
2019-05-11T18:04:00,523713496+02:00
57.013964667
9.987204167
0.9072
nan
0.0
 
2019-05-11T18:04:00,923147156+02:00
57.013966667
9.987213167
1.5264
nan
0.0
 
2019-05-11T18:04:01,131069304+02:00
57.013967
9.987214667
1.6488
nan
0.0
 
2019-05-11T18:04:01,330906343+02:00
57.013965833
9.987212
1.1484
nan
0.0
 
2019-05-11T18:04:01,554536516+02:00
57.013966167
9.9872125
1.2096
nan
0.0
 
2019-05-11T18:04:01,757702815+02:00
57.013968167
9.987215167
1.512
nan
0.0
 
2019-05-11T18:04:01,945934327+02:00
57.013970667
9.987217167
1.8504
nan
0.0
 
2019-05-11T18:04:02,149049154+02:00
57.013971833
9.987219
1.9908
nan
0.0
 
2019-05-11T18:04:02,530002412+02:00
57.013971167
9.9872195
1.3212
nan
0.0
 
2019-05-11T18:04:02,722617124+02:00
57.013970667
9.987221833
1.3356
nan
0.0
 
2019-05-11T18:04:03,127819937+02:00
57.013970167
9.987221667
1.0944
nan
0.0
 
2019-05-11T18:04:03,329277213+02:00
57.013969833
9.987221833
0.9648
nan
0.0
 
2019-05-11T18:04:03,519008746+02:00
57.0139705
9.987222833
1.1484
nan
0.0
 
2019-05-11T18:04:03,745768839+02:00
57.013970667
9.987219667
0.9684
nan
0.0
 
2019-05-11T18:04:04,135028736+02:00
57.013968667
9.987215333
0.792
nan
0.0
 
2019-05-11T18:04:04,325779011+02:00
57.013969
9.987220667
0.666
nan
0.0
 
2019-05-11T18:04:04,724464965+02:00
57.0139665
9.9872175
0.4176
nan
0.0
 
2019-05-11T18:04:04,923128147+02:00
57.013965833
9.9872185
0.2592
nan
0.0
 
2019-05-11T18:04:05,142930896+02:00
57.013966333
9.987221333
0.558
nan
0.0
 
2019-05-11T18:04:05,539722057+02:00
57.0139645
9.9872245
0.7632
nan
0.0
 
2019-05-11T18:04:05,937852098+02:00
57.0139605
9.987225333
0.7596
nan
0.0
 
2019-05-11T18:04:06,161424659+02:00
57.013959
9.9872265
0.6696
nan
0.0
 
2019-05-11T18:04:06,354048733+02:00
57.013957667
9.987223667
0.4896
nan
0.0
 
2019-05-11T18:04:06,721960950+02:00
57.013958833
9.987227
0.7452
nan
0.0
 
2019-05-11T18:04:06,934157695+02:00
57.0139605
9.987233333
1.332
nan
0.0
 
2019-05-11T18:04:07,326735355+02:00
57.013963167
9.987240833
1.5804
nan
0.0
 
2019-05-11T18:04:07,722537021+02:00
57.0139625
9.987237833
1.0224
nan
0.0
 
2019-05-11T18:04:08,124853806+02:00
57.0139615
9.987237833
0.9396
nan
0.0
 
2019-05-11T18:04:08,325494198+02:00
57.013960333
9.987237
0.6192
nan
0.0
 
2019-05-11T18:04:08,544778941+02:00
57.01396
9.987238167
0.7992
nan
0.0
 
2019-05-11T18:04:08,941479252+02:00
57.013960833
9.987241833
1.1124
nan
0.0
 
2019-05-11T18:04:09,332747968+02:00
57.0139595
9.987237833
0.7956
nan
0.0
 
2019-05-11T18:04:09,513231756+02:00
57.013959667
9.98724
1.0404
nan
0.0
 
2019-05-11T18:04:09,723017598+02:00
57.0139595
9.987240167
0.8496
nan
0.0
 
2019-05-11T18:04:09,917694108+02:00
57.0139605
9.987243333
1.2924
nan
0.0
 
2019-05-11T18:04:10,121859863+02:00
57.013961333
9.987246667
1.6596
nan
0.0
 
2019-05-11T18:04:10,324882281+02:00
57.013961
9.987243333
1.0584
nan
0.0
 
2019-05-11T18:04:10,528458622+02:00
57.013961167
9.987241167
0.7992
nan
0.0
 
2019-05-11T18:04:10,731509525+02:00
57.013961667
9.987241
0.7344
nan
0.0
 
2019-05-11T18:04:10,935964166+02:00
57.013961
9.987240667
0.6804
nan
0.0
 
2019-05-11T18:04:11,137953095+02:00
57.0139615
9.987245333
1.3104
nan
0.0
 
2019-05-11T18:04:11,320572149+02:00
57.013962167
9.987246
1.188
nan
0.0
 
2019-05-11T18:04:11,522454941+02:00
57.013963333
9.987243167
0.882
nan
0.0
 
2019-05-11T18:04:11,918809929+02:00
57.013964
9.987235667
0.5148
nan
0.0
 
2019-05-11T18:04:12,125070958+02:00
57.013966167
9.987236667
0.558
nan
0.0
 
2019-05-11T18:04:12,322512642+02:00
57.013967
9.987234833
0.7164
nan
0.0
 
2019-05-11T18:04:12,553239388+02:00
57.013967833
9.987234167
0.5976
nan
0.0
 
2019-05-11T18:04:12,928750051+02:00
57.013970333
9.987238667
0.72
nan
0.0
 
2019-05-11T18:04:13,317531444+02:00
57.013972167
9.987244833
1.1988
nan
0.0
 
2019-05-11T18:04:13,516502786+02:00
57.013972167
9.987246
1.2276
nan
0.0
 
2019-05-11T18:04:13,723317031+02:00
57.013971667
9.987244667
1.188
nan
0.0
 
2019-05-11T18:04:14,119997340+02:00
57.013969167
9.987232
0.7056
nan
0.0
 
2019-05-11T18:04:15,504962053+02:00
nan
nan
nan
nan
nan
 
2019-05-11T18:04:15,726227268+02:00
nan
nan
nan
nan
nan
 
2019-05-11T18:04:15,905623774+02:00
nan
nan
nan
nan
nan
 
2019-05-11T18:04:16,300783174+02:00
nan
nan
nan
nan
nan
 
2019-05-11T18:04:16,510707183+02:00
nan
nan
nan
nan
nan
 
2019-05-11T18:04:16,746968245+02:00
nan
nan
nan
nan
nan
 
2019-05-11T18:04:17,098986434+02:00
nan
nan
nan
nan
nan
 
2019-05-11T18:04:17,306160906+02:00
nan
nan
nan
nan
nan
 
2019-05-11T18:04:17,501091524+02:00
nan
nan
nan
nan
nan
 
2019-05-11T18:04:17,706250965+02:00
nan
nan
nan
nan
nan
 
2019-05-11T18:04:23,540029773+02:00
57.013869833
9.986717833
1.0008
nan
0.0
 
2019-05-11T18:04:23,764649859+02:00
57.013868
9.986756167
0.8892
nan
0.0
 
2019-05-11T18:04:24,119144750+02:00
57.013832833
9.986756833
6.8616
nan
0.0
 
2019-05-11T18:04:24,330267858+02:00
57.013846833
9.986773167
6.7932
nan
359.88
 
2019-05-11T18:04:24,719690954+02:00
57.013903333
9.986847667
5.0832
nan
0.0
 
2019-05-11T18:04:24,919842287+02:00
57.013921
9.986876167
4.014
nan
0.0
 
2019-05-11T18:04:25,168335784+02:00
57.0139345
9.9869015
3.8736
nan
0.0
 
2019-05-11T18:04:25,522604629+02:00
57.013948833
9.986953667
3.7296
nan
0.0
 
2019-05-11T18:04:25,735368415+02:00
57.0139525
9.986969667
3.78
nan
0.0
 
2019-05-11T18:04:26,123938140+02:00
57.013944
9.9869915
3.3048
nan
0.0
 
2019-05-11T18:04:26,345895884+02:00
57.0139325
9.987002833
3.7368
nan
0.0
 
2019-05-11T18:04:26,724138884+02:00
57.013916167
9.987028167
3.816
nan
0.0
 
2019-05-11T18:04:26,958964209+02:00
57.013905667
9.987036333
2.6604
nan
0.0
 
2019-05-11T18:04:27,330625197+02:00
57.013896
9.987048333
2.1744
nan
0.0
 
2019-05-11T18:04:27,523341138+02:00
57.013893
9.987053833
1.4796
nan
0.0
 
2019-05-11T18:04:27,719832650+02:00
57.013891667
9.987056833
0.8208
nan
0.0
 
2019-05-11T18:04:28,121298238+02:00
57.013889167
9.987065833
0.6192
nan
0.0
 
2019-05-11T18:04:28,323216210+02:00
57.013890833
9.987073833
1.1808
nan
0.0
 
2019-05-11T18:04:28,549702217+02:00
57.013894667
9.987080167
1.4868
nan
0.0
 
2019-05-11T18:04:28,921411134+02:00
57.013899667
9.987085333
1.0476
nan
0.0
 
2019-05-11T18:04:29,124473412+02:00
57.013902167
9.987091333
1.026
nan
0.0
 
2019-05-11T18:04:29,522608280+02:00
57.013906167
9.987105333
1.3788
nan
0.0
 
2019-05-11T18:04:29,725596757+02:00
57.013910667
9.987115667
2.6172
nan
0.0
 
2019-05-11T18:04:29,918169741+02:00
57.013914167
9.987121333
2.8008
nan
0.0
 
2019-05-11T18:04:30,322981692+02:00
57.013918167
9.987130167
2.5056
nan
0.0
 
2019-05-11T18:04:30,514660505+02:00
57.013918667
9.9871335
2.2572
nan
0.0
 
2019-05-11T18:04:30,727994449+02:00
57.013918833
9.987138667
2.2572
nan
0.0
 
2019-05-11T18:04:30,953147225+02:00
57.013921167
9.987145667
2.8116
nan
0.0
 
2019-05-11T18:04:31,121967867+02:00
57.013921
9.987151
2.6388
nan
0.0
 
2019-05-11T18:04:31,330386506+02:00
57.013923
9.987155833
2.6496
nan
0.0
 
2019-05-11T18:04:31,724179524+02:00
57.013925
9.987165333
2.718
nan
0.0
 
2019-05-11T18:04:31,921190288+02:00
57.013927167
9.987169333
3.0168
nan
0.0
 
2019-05-11T18:04:32,126571701+02:00
57.013929167
9.987175167
3.5028
nan
0.0
 
2019-05-11T18:04:32,521113913+02:00
57.013932
9.987186333
4.3056
nan
28.88
 
2019-05-11T18:04:32,726290734+02:00
57.013933
9.987194333
4.6728
nan
40.44
 
2019-05-11T18:04:32,933236269+02:00
57.013934833
9.987201167
5.1804
nan
46.07
 
2019-05-11T18:04:33,120627684+02:00
57.013935667
9.9872055
5.0688
nan
47.7
 
2019-05-11T18:04:33,318865658+02:00
57.013935667
9.987209333
4.95
nan
49.61
 
2019-05-11T18:04:33,521433842+02:00
57.013935833
9.987212667
4.5432
nan
49.26
 
2019-05-11T18:04:33,926046221+02:00
57.013933333
9.9872125
3.168
nan
46.94
 
2019-05-11T18:04:34,119819031+02:00
57.013933167
9.987216833
3.2256
nan
45.83
 
2019-05-11T18:04:34,521982091+02:00
57.013934
9.987223
2.88
nan
0.0
 
2019-05-11T18:04:34,719751253+02:00
57.013932833
9.987222833
2.2896
nan
0.0
 
2019-05-11T18:04:34,932188701+02:00
57.013928667
9.987218667
1.3896
nan
0.0
 
2019-05-11T18:04:35,318738615+02:00
57.013926833
9.987217333
0.6588
nan
0.0
 
2019-05-11T18:04:35,534999809+02:00
57.013925333
9.9872155
0.216
nan
0.0
 
2019-05-11T18:04:35,924134968+02:00
57.013927
9.987215
1.0944
nan
0.0
 
2019-05-11T18:04:36,128217661+02:00
57.0139285
9.987216667
1.062
nan
0.0
 
2019-05-11T18:04:36,340579096+02:00
57.013928
9.987216667
0.9108
nan
0.0
 
2019-05-11T18:04:36,722112181+02:00
57.013926167
9.987215833
0.9792
nan
0.0
 
2019-05-11T18:04:36,930806534+02:00
57.013925667
9.987217167
0.9252
nan
0.0
 
2019-05-11T18:04:37,158208520+02:00
57.013926833
9.987219333
1.0476
nan
0.0
 
2019-05-11T18:04:37,525948762+02:00
57.013926167
9.987217167
1.6272
nan
0.0
 
2019-05-11T18:04:37,929251537+02:00
57.013925
9.987218
0.5256
nan
0.0
 
2019-05-11T18:04:38,127082915+02:00
57.013922833
9.987219333
0.486
nan
0.0
 
2019-05-11T18:04:38,511318832+02:00
57.013919333
9.987218667
1.4436
nan
0.0
 
2019-05-11T18:04:38,748710127+02:00
57.013915667
9.987218167
1.674
nan
0.0
 
2019-05-11T18:04:39,122230627+02:00
57.013909167
9.987210333
2.0556
nan
0.0
 
2019-05-11T18:04:39,527888359+02:00
57.0139035
9.987205167
2.4012
nan
0.0
 
2019-05-11T18:04:39,725403715+02:00
57.013903667
9.987205167
1.6812
nan
0.0
 
2019-05-11T18:04:39,930495192+02:00
57.013904167
9.987207
1.1736
nan
0.0
 
2019-05-11T18:04:40,124165151+02:00
57.013902667
9.9872095
0.8316
nan
0.0
 
2019-05-11T18:04:40,321263190+02:00
57.013900833
9.987211833
1.0872
nan
0.0
 
2019-05-11T18:04:40,529878365+02:00
57.013900833
9.987210333
0.504
nan
0.0
 
2019-05-11T18:04:40,921506083+02:00
57.0139035
9.987212333
0.3492
nan
0.0
 
2019-05-11T18:04:41,119389440+02:00
57.013905167
9.987218
0.81
nan
0.0
 
2019-05-11T18:04:41,529127246+02:00
57.0139045
9.987221167
0.594
nan
0.0
 
2019-05-11T18:04:41,720635728+02:00
57.013904167
9.9872225
0.3924
nan
0.0
 
2019-05-11T18:04:41,928303437+02:00
57.013902
9.987219
0.5112
nan
0.0
 
2019-05-11T18:04:42,331918143+02:00
57.013897833
9.987215667
1.2564
nan
0.0
 
2019-05-11T18:04:42,526152960+02:00
57.013898167
9.9872175
0.9648
nan
0.0
 
2019-05-11T18:04:42,750472587+02:00
57.013898667
9.987221
0.9252
nan
0.0
 
2019-05-11T18:04:43,126308572+02:00
57.013899667
9.987231167
1.44
nan
0.0
 
2019-05-11T18:04:43,330526926+02:00
57.0139015
9.987233833
0.9432
nan
0.0
 
2019-05-11T18:04:43,716878178+02:00
57.013901167
9.9872395
1.1988
nan
0.0
 
2019-05-11T18:04:43,917250911+02:00
57.013899333
9.987242333
1.3644
nan
0.0
 
2019-05-11T18:04:44,132303349+02:00
57.013897667
9.987244667
1.4508
nan
0.0
 
2019-05-11T18:04:44,351306845+02:00
57.013898167
9.9872435
0.504
nan
0.0
 
2019-05-11T18:04:44,518806136+02:00
57.013899
9.9872435
0.504
nan
0.0
 
2019-05-11T18:04:44,716522345+02:00
57.0138985
9.9872445
0.576
nan
0.0
 
2019-05-11T18:04:44,933008016+02:00
57.013897833
9.987246167
1.0404
nan
0.0
 
2019-05-11T18:04:45,314709185+02:00
57.0138985
9.987248333
1.2924
nan
0.0
 
2019-05-11T18:04:45,526547641+02:00
57.013898333
9.9872495
1.152
nan
0.0
 
2019-05-11T18:04:45,923776685+02:00
57.013898167
9.987253333
1.1664
nan
0.0
 
2019-05-11T18:04:46,120859148+02:00
57.013897833
9.987257667
1.5156
nan
0.0
 
2019-05-11T18:04:46,338448786+02:00
57.0138975
9.987260167
1.4832
nan
0.0
 
2019-05-11T18:04:46,531407254+02:00
57.0138985
9.987263333
1.5912
nan
0.0
 
2019-05-11T18:04:46,918645348+02:00
57.013898667
9.9872695
1.5804
nan
0.0
 
2019-05-11T18:04:47,314085164+02:00
57.013898833
9.987273
1.3896
nan
0.0
 
2019-05-11T18:04:47,521047193+02:00
57.013899667
9.987274167
1.3356
nan
0.0
 
2019-05-11T18:04:47,918359599+02:00
57.013898167
9.987271333
0.9972
nan
0.0
 
2019-05-11T18:04:48,129714985+02:00
57.013898167
9.9872655
1.35
nan
0.0
 
2019-05-11T18:04:48,323736813+02:00
57.013898833
9.987266
1.2384
nan
0.0
 
2019-05-11T18:04:48,720076983+02:00
57.013897
9.987265333
0.5868
nan
0.0
 
2019-05-11T18:04:48,928016599+02:00
57.013897333
9.987266333
0.3996
nan
0.0
 
2019-05-11T18:04:49,314752970+02:00
57.013899333
9.987271667
0.2412
nan
0.0
 
2019-05-11T18:04:49,524581556+02:00
57.013898167
9.987274
0.2484
nan
0.0
 
2019-05-11T18:04:49,724503401+02:00
57.0138985
9.987275
0.486
nan
0.0
 
2019-05-11T18:04:49,940842701+02:00
57.013899167
9.9872775
0.81
nan
0.0
 
2019-05-11T18:04:50,327938324+02:00
57.013895167
9.987274
0.27
nan
0.0
 
2019-05-11T18:04:50,521547785+02:00
57.013892333
9.987271333
0.4176
nan
0.0
 
2019-05-11T18:04:50,914354207+02:00
57.013890333
9.987273833
0.3384
nan
0.0
 
2019-05-11T18:04:51,126347835+02:00
57.013889333
9.987275333
0.2592
nan
0.0
 
2019-05-11T18:04:51,521938012+02:00
57.013888167
9.987277667
3.0924
36.7
nan
 
2019-05-11T18:04:51,718142236+02:00
57.0138855
9.987276167
0.4608
nan
0.0
 
2019-05-11T18:04:51,926758241+02:00
57.0138845
9.987277333
0.3564
nan
0.0
 
2019-05-11T18:04:52,116678760+02:00
57.013881667
9.987278
0.1872
nan
0.0
 
2019-05-11T18:04:52,314630100+02:00
57.0138795
9.9872765
0.2736
nan
0.0
 
2019-05-11T18:04:52,518309533+02:00
57.013876833
9.987274333
0.5976
nan
0.0
 
2019-05-11T18:04:52,745729569+02:00
57.0138735
9.987269833
1.0512
nan
0.0
 
2019-05-11T18:04:53,118428870+02:00
57.013871167
9.987271167
0.7704
nan
0.0
 
2019-05-11T18:04:53,317505850+02:00
57.013872667
9.987273667
1.0188
nan
0.0
 
2019-05-11T18:04:53,713891994+02:00
57.013871
9.9872735
0.9036
nan
0.0
 
2019-05-11T18:04:53,925423329+02:00
57.01387
9.987271667
0.9504
nan
0.0
 
2019-05-11T18:04:54,154224315+02:00
57.013869
9.987268333
1.0692
nan
0.0
 
2019-05-11T18:04:54,718602251+02:00
57.013866667
9.987272
0.8532
nan
0.0
 
2019-05-11T18:04:55,121641621+02:00
57.013862
9.987269667
0.7488
nan
0.0
 
2019-05-11T18:04:55,516684391+02:00
57.013858333
9.987269
0.4392
nan
0.0
 
2019-05-11T18:04:55,920436338+02:00
57.013853
9.9872695
0.8316
nan
0.0
 
2019-05-11T18:04:56,336632034+02:00
57.013849
9.987272333
1.0584
nan
0.0
 
2019-05-11T18:04:56,726178328+02:00
57.013844167
9.987268333
0.9972
nan
0.0
 
2019-05-11T18:04:57,117805201+02:00
57.013840833
9.987268167
0.8136
nan
0.0
 
2019-05-11T18:04:57,332027494+02:00
57.013838667
9.987265
1.0944
nan
0.0
 
2019-05-11T18:04:57,712403812+02:00
57.013835
9.987262167
1.2708
nan
0.0
 
2019-05-11T18:04:57,918712335+02:00
57.013832333
9.987259333
1.4328
nan
0.0
 
2019-05-11T18:04:58,136577629+02:00
57.013829333
9.987255167
1.9584
nan
0.0
 
2019-05-11T18:04:58,518119842+02:00
57.013822
9.987245667
2.8188
nan
0.0
 
2019-05-11T18:04:58,714958576+02:00
57.0138175
9.987240833
3.3732
nan
133.44
 
2019-05-11T18:04:58,935001446+02:00
57.013814167
9.987236667
3.42
nan
180.21
 
2019-05-11T18:04:59,312041844+02:00
57.013809833
9.987229167
3.7008
nan
217.01
 
2019-05-11T18:04:59,522841890+02:00
57.013808833
9.9872275
3.3372
nan
221.56
 
2019-05-11T18:04:59,921804856+02:00
57.013809
9.98723
2.5992
nan
0.0
 
2019-05-11T18:05:00,324987748+02:00
57.013809667
9.987233
1.6416
nan
0.0
 
2019-05-11T18:05:00,510929674+02:00
57.013810167
9.987234167
1.566
nan
0.0
 
2019-05-11T18:05:00,724693198+02:00
57.013809167
9.987234333
1.566
nan
0.0
 
2019-05-11T18:05:01,115635781+02:00
57.013806
9.987232333
1.7028
nan
0.0
 
2019-05-11T18:05:01,517046849+02:00
57.013806
9.987233
0.9684
nan
0.0
 
2019-05-11T18:05:01,922666241+02:00
57.013809
9.987237833
0.594
nan
0.0
 
2019-05-11T18:05:02,113689299+02:00
57.013809167
9.9872395
0.4392
nan
0.0
 
2019-05-11T18:05:02,314463903+02:00
57.013810333
9.987241833
0.3024
nan
0.0
 
2019-05-11T18:05:02,720865042+02:00
57.013811167
9.987244833
0.2124
nan
0.0
 
2019-05-11T18:05:02,937255917+02:00
57.013811167
9.9872465
0.1692
nan
0.0
 
2019-05-11T18:05:03,126327656+02:00
57.013811
9.987247
0.342
nan
0.0
 
2019-05-11T18:05:03,322651656+02:00
57.013811667
9.9872485
0.2376
nan
0.0
 
2019-05-11T18:05:03,517167866+02:00
57.0138115
9.987246667
0.1656
nan
0.0
 
2019-05-11T18:05:03,719468283+02:00
57.013810667
9.9872455
0.5292
nan
0.0
 
2019-05-11T18:05:04,115378445+02:00
57.013809
9.987240833
1.1088
nan
0.0
 
2019-05-11T18:05:04,328835333+02:00
57.013807833
9.987241
1.278
nan
0.0
 
2019-05-11T18:05:04,715975553+02:00
57.013812
9.987256
1.3392
nan
0.0
 
2019-05-11T18:05:04,953297240+02:00
57.013815333
9.987263667
1.2024
nan
0.0
 
2019-05-11T18:05:05,171119693+02:00
57.013815833
9.987264833
1.2024
nan
0.0
 
2019-05-11T18:05:05,529725669+02:00
57.013815833
9.987265333
0.8964
nan
0.0
 
2019-05-11T18:05:05,930320086+02:00
57.013813
9.987255667
1.3968
nan
0.0
 
2019-05-11T18:05:06,522529060+02:00
57.013806167
9.987241
2.6496
nan
0.0
 
2019-05-11T18:05:06,921093137+02:00
57.013803
9.987239
2.5164
nan
0.0
 
2019-05-11T18:05:07,121925687+02:00
57.013801833
9.987239333
2.484
nan
0.0
 
2019-05-11T18:05:07,335433195+02:00
57.013798167
9.9872355
2.7396
nan
0.0
 
2019-05-11T18:05:07,716788113+02:00
57.013792833
9.987232667
2.8728
nan
0.0
 
2019-05-11T18:05:07,922202708+02:00
57.013789833
9.987227833
3.4956
nan
0.0
 
2019-05-11T18:05:08,126811258+02:00
57.013787167
9.987224
3.7404
nan
221.41
 
2019-05-11T18:05:08,527095515+02:00
57.013787167
9.987227
3.258
nan
220.8
 
2019-05-11T18:05:08,742621673+02:00
57.013785833
9.9872255
3.564
nan
224.2
 
2019-05-11T18:05:09,120531148+02:00
57.0137855
9.987227
2.9268
nan
0.0
 
2019-05-11T18:05:09,318655393+02:00
57.0137855
9.987227667
2.8296
nan
0.0
 
2019-05-11T18:05:09,916159665+02:00
57.013783667
9.9872275
2.916
nan
0.0
 
2019-05-11T18:05:10,129503314+02:00
57.0137825
9.987226333
3.1284
nan
0.0
 
2019-05-11T18:05:10,335995209+02:00
57.013781667
9.987224667
3.1932
nan
0.0
 
2019-05-11T18:05:10,540641679+02:00
57.013781333
9.9872235
3.24
nan
0.0
 
2019-05-11T18:05:10,753996834+02:00
57.013781
9.987222833
3.1536
nan
0.0
 
2019-05-11T18:05:11,117225483+02:00
57.013780333
9.987221167
3.474
nan
236.76
 
2019-05-11T18:05:11,325931290+02:00
57.013782333
9.987225167
2.7324
nan
0.0
 
2019-05-11T18:05:11,543295611+02:00
57.0137835
9.9872275
2.4192
nan
0.0
 
2019-05-11T18:05:12,122462688+02:00
57.013786833
9.987236
1.5912
nan
0.0
 
2019-05-11T18:05:12,522127965+02:00
57.013789667
9.987246167
0.8532
nan
0.0
 
2019-05-11T18:05:12,725076092+02:00
57.013790833
9.987251
0.4932
nan
0.0
 
2019-05-11T18:05:13,114243052+02:00
57.013793333
9.987260833
0.3564
nan
0.0
 
2019-05-11T18:05:13,318357105+02:00
57.013794833
9.987264167
0.4896
nan
0.0
 
2019-05-11T18:05:13,516589381+02:00
57.0137945
9.987262333
0.3096
nan
0.0
 
2019-05-11T18:05:13,921735747+02:00
57.013795833
9.987265167
0.3168
nan
0.0
 
2019-05-11T18:05:14,117586222+02:00
57.013796333
9.9872655
0.2556
nan
0.0
 
2019-05-11T18:05:14,514698130+02:00
57.013798
9.987270667
0.4068
nan
0.0
 
2019-05-11T18:05:14,726720999+02:00
57.0137975
9.987271
0.3744
nan
0.0
 
2019-05-11T18:05:14,932503778+02:00
57.013797
9.9872695
0.5436
nan
0.0
 
2019-05-11T18:05:15,319482299+02:00
57.0137955
9.987266667
0.9108
nan
0.0
 
2019-05-11T18:05:15,539208191+02:00
57.013796833
9.9872695
0.7812
nan
0.0
 
2019-05-11T18:05:15,752295994+02:00
57.013798833
9.9872735
0.4392
nan
0.0
 
2019-05-11T18:05:15,955680114+02:00
57.013799
9.987274667
0.1476
nan
0.0
 
2019-05-11T18:05:23,136350568+02:00
57.013955167
9.987388667
0.4572
nan
0.0
 
2019-05-11T18:05:23,324773191+02:00
57.013953833
9.987389333
1.4364
nan
0.0
 
2019-05-11T18:05:23,529190480+02:00
57.013952667
9.987393833
1.9512
nan
0.0
 
2019-05-11T18:05:23,748407925+02:00
57.013953
9.987399167
1.8396
nan
0.0
 
2019-05-11T18:05:24,121683473+02:00
57.013953
9.987401333
1.6236
nan
0.0
 
2019-05-11T18:05:24,333251300+02:00
57.013952667
9.987401333
1.1376
nan
0.0
 
2019-05-11T18:05:24,731545830+02:00
57.013953667
9.987404167
0.4212
nan
0.0
 
2019-05-11T18:05:24,946657582+02:00
57.013954833
9.987407667
1.3212
nan
0.0
 
2019-05-11T18:05:25,314412636+02:00
57.013953667
9.9874095
1.926
nan
0.0
 
2019-05-11T18:05:25,536544724+02:00
57.013952
9.987408167
1.7928
nan
0.0
 
2019-05-11T18:05:25,718708449+02:00
57.013950833
9.987408
1.7316
nan
0.0
 
2019-05-11T18:05:25,940237015+02:00
57.013950167
9.987407
1.8504
nan
0.0
 
2019-05-11T18:05:26,121373909+02:00
57.013948667
9.987407167
1.71
nan
0.0
 
2019-05-11T18:05:26,322311740+02:00
57.0139465
9.987406333
1.2384
nan
0.0
 
2019-05-11T18:05:26,725642593+02:00
57.013943333
9.987405833
1.2132
nan
0.0
 
2019-05-11T18:05:26,920059560+02:00
57.013940833
9.987405333
0.8352
nan
0.0
 
2019-05-11T18:05:27,123767242+02:00
57.013939667
9.987404167
0.918
nan
0.0
 
2019-05-11T18:05:27,342517925+02:00
57.013937833
9.987402667
0.8784
nan
0.0
 
2019-05-11T18:05:27,534217179+02:00
57.0139365
9.987399333
0.7848
nan
0.0
 
2019-05-11T18:05:27,723198339+02:00
57.0139355
9.987397833
0.8532
nan
0.0
 
2019-05-11T18:05:27,942555456+02:00
57.013935833
9.987400167
1.7784
nan
0.0
 
2019-05-11T18:05:28,325504208+02:00
57.013934833
9.987396
1.4508
nan
0.0
 
2019-05-11T18:05:28,523486497+02:00
57.013935
9.987393833
1.4256
nan
0.0
 
2019-05-11T18:05:28,740165399+02:00
57.013933833
9.9873905
0.954
nan
0.0
 
2019-05-11T18:05:28,942470624+02:00
57.013931833
9.987384167
0.1476
nan
0.0
 
2019-05-11T18:05:29,132810647+02:00
57.013930667
9.98738
0.2808
nan
0.0
 
2019-05-11T18:05:29,317629401+02:00
57.013932167
9.9873825
0.6516
nan
0.0
 
2019-05-11T18:05:29,723226234+02:00
57.013932167
9.9873795
0.3348
nan
0.0
 
2019-05-11T18:05:29,924367649+02:00
57.013932167
9.9873785
0.234
nan
0.0
 
