339
107
106
105
30
20
10
53
51
52
11
10
16
341
340
350
349
348
320
319
318
230
229
303
305
304
35
34
33
228
10
30
20
210
212
211
422
421
420
14
13
12
362
361
360
182
180
206
205
204
305
304
303
329
328
327
308
307
306
239
238
237
48
281
280
279
245
244
243
263
262
261
447
449
359
358
357
448
152
151
150
399
17
16
15
266
265
264
432
401
400
434
433
322
321
191
190
189
26
25
461
460
459
368
367
366
24
254
253
252
287
286
285
333
335
334
218
217
216
293
323
292
291
330
332
331
171
173
172
47
46
45
197
196
195
378
380
379
275
274
273
272
271
270
299
298
297
219
221
220
455
454
453
387
389
388
203
202
201
386
385
384
207
209
208
296
295
294
185
184
213
215
214
19
44
260
259
258
200
199
198
236
235
234
174
176
175
302
301
300
317
316
315
43
42
83
82
81
183
134
133
132
188
187
186
0
278
277
276
248
247
246
446
445
2
444
458
457
456
36
374
372
37
38
227
226
225
383
382
381
74
72
73