57.003722
57.003722
57.003722
57.275823
57.275823
57.275823
57.031933
57.031933
57.031933
56.898723
56.898723
56.898723
57.100567
57.100567
57.100567
57.161407
57.155665
57.155665
57.155665
57.07261
57.07261
57.07261
57.14687
57.060522
57.060522
57.060522
57.030286
57.030286
57.030286
57.052476
57.052476
57.052476
56.938064
56.938064
56.996167
56.996167
56.996167
57.043937
57.043937
57.043937
57.062463
57.062463
57.062463
57.121493
57.121493
57.121493
57.001361
57.001361
57.001361
56.850564
56.850564
57.024771
57.024771
57.024771
57.204254
57.204254
57.167376
57.087021
57.087021
57.087021
57.009161
57.009161
57.009161
57.04737
57.04737
57.04737
56.974585
56.974585
56.974585
57.03479
57.03479
57.03479
57.259015
57.259015
57.259015
57.279354
57.279354
57.279354
57.007651
57.007651
57.007651
57.036206
57.036206
57.036206
57.036067
57.036067
57.036067
57.031177
57.031177
57.031177
57.084639
57.084639
57.084639
56.873572
57.049869
57.049869
57.049869
57.016682
57.016682
57.016682
57.052139
57.052139
57.052139
57.06777
57.06777
57.06777
57.043368
57.043368
57.043368
57.064833
57.064833
57.064833
57.047143
57.047143
57.047143
57.01473
57.01473
57.01473
57.069523
57.069523
57.069523
57.048573
57.048573
57.048573
57.044861
57.044861
57.044861
57.042719
57.042719
57.042719
57.050928
57.068992
57.068992
57.068992
57.021404
57.021404
57.021404
57.037711
57.037711
57.037711
57.012684
57.012684
57.012684
57.022071
57.022071
57.022071
56.982594
56.982594
56.982594
57.269777
57.269777
57.269777
57.018404
57.018404
57.018404
56.993804
56.993804
56.993804
56.996005