9.823836
9.823836
9.823836
9.935989
9.935989
9.935989
10.025914
10.025914
10.025914
9.913096
9.913096
9.913096
9.927243
9.927243
9.927243
9.991256
9.991256
9.991256
9.916954
9.916954
9.916954
10.105822
10.105822
10.105822
9.934642
9.934642
9.934642
9.969885
9.969885
9.969885
9.859399
9.859399
9.859399
9.998817
9.998817
9.998817
9.897031
9.897031
9.897031
9.961104
9.961104
9.961104
10.058701
10.058701
10.058701
9.922383
9.922383
9.922383
9.834955
9.834955
9.834955
9.866146
9.866146
9.866146
9.873649
9.873649
9.873649
9.962511
9.962511
9.962511
9.912776
9.912776
9.912776
9.896872
9.896872
9.896872
9.870195
9.870195
9.870195
9.908565
9.908565
9.908565
9.942704
9.942704
9.942704
9.967819
9.967819
9.967819
9.913153
9.913153
9.913153
9.902829
9.902829
9.902829
10.05154
10.05154
10.05154
9.889082
9.889082
9.889082
9.933389
9.933389
9.933389
9.916281
9.916281
9.916281
9.928732
9.928732
9.928732
9.920735
9.920735
9.920735
9.902557
9.949093
9.949093
9.949093
9.977151
9.977151
9.977151
10.012053
10.012053
10.012053
9.989322
9.989322
9.989322
9.888927
9.888927
9.888927
9.859586
9.859586
9.859586
9.959646
9.959646
9.959646
9.924053
9.924053
9.924053
9.864998
