57.021849
57.021849
57.021849
57.052657
57.052657
57.052657
57.022622
57.022622
57.022622
57.022233
57.022233
57.022233
57.049304
57.049304
57.049304
56.914398
56.914398
56.914398
57.039311
57.039311
57.039311
56.973533
56.973533
56.973533
57.059713
57.059713
57.059713
57.023584
57.023584
57.023584
56.987728
57.1458911
57.1458911
57.039862
57.039862
57.039862
56.987728
56.987728
57.002317
57.002317
57.002317
57.1458911
57.039827
57.039827
57.039827
57.055242
57.055242
57.055242
57.155709
57.155709
57.155709
57.2449019
57.2449019
57.2449019
57.167469
57.167469
57.167469
57.158872
57.158872
57.158872
57.156148
57.156148
57.156148
57.050229
57.050229
57.050229
57.030415
57.030415
57.030415
57.003823
57.003823
57.003823
57.041318
57.041318
57.041318
57.048816
57.048816
57.048816
57.041845
57.041845
57.041845
57.030226
57.030226
57.030226
57.064865
57.064865
57.064865
57.049854
57.049854
57.049854
57.087628
57.087628
57.087628
57.010478
57.010478
57.010478
56.971639
57.043922
57.043922
57.043922
56.971639
56.971639
57.038254
57.038254
57.038254
57.031054
57.031054
57.031054
57.043457
57.043457
57.043457
57.043395
57.043395
57.043395
57.133905
57.133905
57.133905
57.042861
57.042861
57.042861
57.085084
57.085084
57.085084
57.042649
57.042649
57.042649
57.049151
57.049151
57.049151
57.075724
57.075724
57.060983
57.001432
57.001432
57.001432
57.060983
57.060983
57.027247
57.044467
57.044467
57.044467
57.000866
57.000866
57.000866
57.047237
57.047237
56.993799
56.993799
56.993799
57.027247
57.027247
57.087105
57.087105
57.087105
57.204248
57.204248
57.035192
57.035192
57.2472611
57.2472611
57.2472611
57.047237
57.0297194
57.027853
57.027853
57.0297194
57.0297194
57.016641
57.016641
57.016641
57.027853
57.035192
57.071784
57.071784
57.071784
57.007646
57.007646
57.007646
57.02549
57.02549
57.02549
57.032622
57.032622
57.032622
57.052578
57.052578
57.052578
56.897775
56.897775
56.897775
57.00968
57.00968
57.00968
57.032007
57.032007
57.009155
57.073366
57.073366
57.073366
57.021685
57.021685
57.021685
57.039885
57.039885
57.039885
57.03167
57.03167
57.03167
57.011458
57.011458
57.011458
57.012616
57.012616
57.012616
57.048049
57.048049
57.048049
57.025954
57.025954
57.025954
57.0225298
57.001284
57.001284
57.001284
57.109171
57.109171
57.109171
57.038827
57.038827
57.038827
57.193201
57.193201
57.193201
57.133196
57.133196
57.133196
57.052107
57.052107
57.052107
57.072968
57.072968
57.072968
57.04483
57.04483
57.04483
57.055637
57.0364333
57.0364333
57.0364333
57.03559
57.03559
57.03559
57.009155
57.009155
56.88045
56.88045
56.88045
56.996082
56.899102
56.899102
57.062511
57.062511
57.062511
57.016713
57.016713
57.016713
57.017263
57.017263
57.017263
57.052178
57.052178
57.069391
57.069391
57.018481
57.018481
57.018481
57.052178
56.937889
56.937889
56.937889
57.063928
57.063928
57.063928
57.044046
57.044046
57.044046
56.899102
57.069391
57.023558
56.982763
56.982763
56.982763
57.023558
57.023558
56.976875
56.976875
56.976875
56.989294
56.989294
56.989294