
2019-03-06T16:44:59,169860446+01:00
57.014056069
9.987358584
0.63
10.704
336.727
 
2019-03-06T16:45:00,167556167+01:00
57.014057796
9.98736686
0.8244
10.734
10.4588
 
2019-03-06T16:45:01,174406812+01:00
57.014052907
9.987369924
0.1872
10.813
274.0163
 
2019-03-06T16:45:02,171361421+01:00
57.01405033
9.987368991
0.1836
10.856
227.1624
 
2019-03-06T16:45:03,189169077+01:00
57.014046643
9.987369212
0.612
10.825
221.33
 
2019-03-06T16:45:04,172059147+01:00
57.014042854
9.987383269
0.6048
10.693
164.3981
 
2019-03-06T16:45:05,174061308+01:00
57.014046714
9.987407076
1.0944
10.462
70.81
 
2019-03-06T16:45:06,170394887+01:00
57.014039839
9.987407509
0.6768
10.279
129.757
 
2019-03-06T16:45:07,183186385+01:00
57.01403894
9.987431443
1.5552
9.998
102.1048
 
2019-03-06T16:45:08,180619467+01:00
57.014039826
9.987451103
2.2392
9.66
88.3559
 
2019-03-06T16:45:09,181028895+01:00
57.014041596
9.987457547
2.0952
9.27
70.2192
 
2019-03-06T16:45:10,185297726+01:00
57.014033866
9.987457454
1.3104
8.744
95.3085
 
2019-03-06T16:45:11,185037670+01:00
57.014030944
9.987476868
2.034
8.121
97.1968
 
2019-03-06T16:45:12,176404939+01:00
57.014023211
9.987489705
2.2932
7.344
108.8507
 
2019-03-06T16:45:13,179029303+01:00
57.014019508
9.987505018
2.484
6.432
102.6456
 
2019-03-06T16:45:14,188848804+01:00
57.014020505
9.98750661
2.0304
6.336
84.6101
 
2019-03-06T16:45:15,193692698+01:00
57.014016387
9.987512944
1.8324
6.276
93.2674
 
2019-03-06T16:45:16,172164146+01:00
57.014020154
9.987518605
1.9584
6.194
69.6401
 
2019-03-06T16:45:17,177957428+01:00
57.014019478
9.98752674
2.4588
6.219
73.0424
 
2019-03-06T16:45:18,180009148+01:00
57.014034536
9.98751298
2.5056
5.977
1.3156
 
2019-03-06T16:45:19,178479461+01:00
57.014037208
9.987523706
2.43
5.677
20.0173
 
2019-03-06T16:45:20,241920580+01:00
57.014028721
9.987519209
1.4796
5.587
40.0439
 
2019-03-06T16:45:21,180398801+01:00
57.014024937
9.987513451
1.098
5.515
45.9617
 
2019-03-06T16:45:22,179134736+01:00
57.014010522
9.987509597
1.062
5.484
119.1691
 
2019-03-06T16:45:23,181013530+01:00
57.014016497
9.987504178
0.8172
5.6
41.9539
 
