
2019-05-07T14:26:18,566143161+02:00
57.014164
9.987221833
0.1548
nan
0.0
 
2019-05-07T14:26:18,758920521+02:00
57.014162667
9.987222167
0.126
nan
0.0
 
2019-05-07T14:26:19,359115846+02:00
57.014162167
9.987223
0.1512
nan
0.0
 
2019-05-07T14:26:19,553516859+02:00
57.014161833
9.987222833
0.3168
nan
0.0
 
2019-05-07T14:26:19,763807076+02:00
57.014161667
9.9872235
0.1692
nan
0.0
 
2019-05-07T14:26:19,956063226+02:00
57.014161667
9.987224
0.0612
nan
0.0
 
2019-05-07T14:26:20,359562135+02:00
57.014161167
9.9872245
0.144
nan
0.0
 
2019-05-07T14:26:20,556942663+02:00
57.014161
9.987224833
0.234
nan
0.0
 
2019-05-07T14:26:20,757524485+02:00
57.014161
9.9872255
0.306
nan
0.0
 
2019-05-07T14:26:20,960440522+02:00
57.014161333
9.987226
0.1872
nan
0.0
 
2019-05-07T14:26:21,155059877+02:00
57.0141615
9.987226333
0.0828
nan
0.0
 
2019-05-07T14:26:21,363816392+02:00
57.014161333
9.987226333
0.198
nan
0.0
 
2019-05-07T14:26:21,562428504+02:00
57.0141615
9.987227
0.2124
nan
0.0
 
2019-05-07T14:26:21,765904064+02:00
57.014161667
9.987227333
0.1296
nan
0.0
 
2019-05-07T14:26:21,958116551+02:00
57.014161667
9.987227833
0.2052
nan
0.0
 
2019-05-07T14:26:22,162219347+02:00
57.014161833
9.987228
0.1332
nan
0.0
 
2019-05-07T14:26:22,354456034+02:00
57.0141615
9.987228
0.2124
nan
0.0
 
2019-05-07T14:26:22,559841653+02:00
57.014162
9.987228167
0.1908
nan
0.0
 
2019-05-07T14:26:22,758929698+02:00
57.014162167
9.987228667
0.1692
nan
0.0
 
2019-05-07T14:26:23,158147032+02:00
57.014163833
9.987229333
0.2088
nan
0.0
 
2019-05-07T14:26:23,365452947+02:00
57.014164667
9.987229667
0.3096
nan
0.0
 
2019-05-07T14:26:23,758315857+02:00
57.014165167
9.98723
0.1764
nan
0.0
 
2019-05-07T14:26:24,357017193+02:00
57.014164667
9.987230167
0.1836
nan
0.0
 
2019-05-07T14:26:24,759564123+02:00
57.014163833
9.987230667
0.0648
nan
0.0
 
2019-05-07T14:26:25,168854884+02:00
57.014163333
9.987231167
0.0864
nan
0.0
 
2019-05-07T14:26:25,357471670+02:00
57.014163
9.9872315
0.2448
nan
0.0
 
2019-05-07T14:26:25,776243523+02:00
57.014163333
9.987231667
0.2592
nan
0.0
 
2019-05-07T14:26:26,168850465+02:00
57.014163833
9.987231667
0.2484
nan
0.0
 
2019-05-07T14:26:26,559700603+02:00
57.014163667
9.9872315
0.0468
nan
0.0
 
2019-05-07T14:26:26,758210025+02:00
57.014163333
9.9872315
0.4824
nan
0.0
 
2019-05-07T14:26:26,992907771+02:00
57.0141635
9.987231333
0.2844
nan
0.0
 
2019-05-07T14:26:27,365727729+02:00
57.014163333
9.987232
0.3348
nan
0.0
 
2019-05-07T14:26:27,762700123+02:00
57.014163833
9.987232333
0.2124
nan
0.0
 
2019-05-07T14:26:28,172938738+02:00
57.014164
9.987233
0.144
nan
0.0
 
2019-05-07T14:26:28,585459619+02:00
57.014164
9.987232833
0.2052
nan
0.0
 
2019-05-07T14:26:28,971995042+02:00
57.014164167
9.987232667
0.2592
nan
0.0
 
2019-05-07T14:26:29,364368419+02:00
57.0141645
9.9872325
0.0396
nan
0.0
 
2019-05-07T14:26:29,767592336+02:00
57.014164667
9.9872325
0.126
nan
0.0
 
2019-05-07T14:26:30,172193764+02:00
57.0141645
9.987232333
0.0828
nan
0.0
 
2019-05-07T14:26:30,360634260+02:00
57.014164667
9.987232167
0.1872
nan
0.0
 
2019-05-07T14:26:30,764879845+02:00
57.014164167
9.987233167
0.2412
nan
0.0
 
2019-05-07T14:26:31,164535436+02:00
57.0141645
9.987233333
0.3816
nan
0.0
 
2019-05-07T14:26:31,565394337+02:00
57.014164667
9.987234333
0.5112
nan
0.0
 
2019-05-07T14:26:31,801837250+02:00
57.014164
9.987234833
0.306
nan
0.0
 
2019-05-07T14:26:32,174096259+02:00
57.014162167
9.987235
0.4536
nan
0.0
 
2019-05-07T14:26:32,576352112+02:00
57.014160167
9.987235833
0.216
nan
0.0
 
2019-05-07T14:26:32,963634978+02:00
57.014157833
9.987237167
0.198
nan
0.0
 
2019-05-07T14:26:33,357561010+02:00
57.014157833
9.987237167
0.6372
nan
0.0
 
2019-05-07T14:26:33,560140999+02:00
57.014158167
9.987237333
0.8892
nan
0.0
 
2019-05-07T14:26:33,961159356+02:00
57.014158167
9.9872375
0.3744
nan
0.0
 
2019-05-07T14:26:34,200853081+02:00
57.0141585
9.987237333
0.5472
nan
0.0
 
2019-05-07T14:26:34,565910859+02:00
57.014158667
9.987237833
0.324
nan
0.0
 
2019-05-07T14:26:34,963577069+02:00
57.014158833
9.987238333
0.4464
nan
0.0
 
2019-05-07T14:26:35,365881223+02:00
57.014158333
9.9872385
0.1656
nan
0.0
 
2019-05-07T14:26:35,759358697+02:00
57.014157333
9.987239
0.162
nan
0.0
 
2019-05-07T14:26:36,163758237+02:00
57.014157
9.987239
0.1476
nan
0.0
 
2019-05-07T14:26:36,565030310+02:00
57.0141565
9.987239
0.3492
nan
0.0
 
2019-05-07T14:26:36,964606916+02:00
57.014156833
9.987238833
0.2016
nan
0.0
 
2019-05-07T14:26:37,359763308+02:00
57.014157333
9.987238333
0.1512
nan
0.0
 
2019-05-07T14:26:37,778360996+02:00
57.014159333
9.987238833
0.6156
nan
0.0
 
2019-05-07T14:26:38,165434659+02:00
57.014159833
9.987238833
0.3024
nan
0.0
 
2019-05-07T14:26:38,374105954+02:00
57.0141605
9.987238833
0.3456
nan
0.0
 
2019-05-07T14:26:38,780250313+02:00
57.014160833
9.987239333
0.0144
nan
0.0
 
2019-05-07T14:26:39,166543036+02:00
57.0141615
9.987239667
0.1224
nan
0.0
 
2019-05-07T14:26:39,569680517+02:00
57.014163167
9.987240667
0.3708
nan
0.0
 
2019-05-07T14:26:39,964714819+02:00
57.0141635
9.987241167
0.1836
nan
0.0
 
2019-05-07T14:26:40,360444095+02:00
57.014164333
9.987241833
0.4932
nan
0.0
 
2019-05-07T14:26:40,762047262+02:00
57.014166333
9.987242333
0.8784
nan
0.0
 
2019-05-07T14:26:40,998553194+02:00
57.014166833
9.9872425
0.7596
nan
0.0
 
2019-05-07T14:26:41,373006786+02:00
57.014168833
9.9872425
1.0296
nan
0.0
 
2019-05-07T14:26:41,600593637+02:00
57.0141695
9.987242833
0.8532
nan
0.0
 
2019-05-07T14:26:41,966542380+02:00
57.014169167
9.987243167
0.2592
nan
0.0
 
2019-05-07T14:26:42,370322110+02:00
57.014169167
9.987243833
0.2772
nan
0.0
 
2019-05-07T14:26:42,762411160+02:00
57.014170667
9.987244333
0.558
nan
0.0
 
2019-05-07T14:26:43,158202050+02:00
57.014171833
9.987244167
0.9468
nan
0.0
 
2019-05-07T14:26:43,561611023+02:00
57.0141715
9.987244833
0.8352
nan
0.0
 
2019-05-07T14:26:43,970171998+02:00
57.014172167
9.987245333
0.6732
nan
0.0
 
2019-05-07T14:26:44,361046590+02:00
57.0141725
9.9872455
0.6984
nan
0.0
 
2019-05-07T14:26:44,775562907+02:00
57.014174
9.9872455
1.1844
nan
0.0
 
2019-05-07T14:26:45,158964980+02:00
57.014176167
9.987245833
1.6164
nan
17.73
 
2019-05-07T14:26:45,564677056+02:00
57.014175167
9.987245667
0.9432
nan
0.0
 
2019-05-07T14:26:45,964390002+02:00
57.014174
9.987246333
0.4464
nan
0.0
 
2019-05-07T14:26:46,370098427+02:00
57.014173
9.987247
0.2736
nan
0.0
 
2019-05-07T14:26:46,768102593+02:00
57.014172333
9.987247667
0.6984
nan
0.0
 
2019-05-07T14:26:47,175957106+02:00
57.014170667
9.987248
0.4644
nan
0.0
 
2019-05-07T14:26:47,359542326+02:00
57.014170833
9.987248167
0.6084
nan
0.0
 
2019-05-07T14:26:47,575889306+02:00
57.014170167
9.987248167
0.7128
nan
0.0
 
2019-05-07T14:26:47,965823656+02:00
57.014169667
9.9872485
0.612
nan
0.0
 
2019-05-07T14:26:48,188315678+02:00
57.014169333
9.987248667
0.6084
nan
0.0
 
2019-05-07T14:26:48,566431464+02:00
57.014166833
9.987248833
0.7488
nan
0.0
 
2019-05-07T14:26:48,767670750+02:00
57.014166167
9.987248833
0.864
nan
0.0
 
2019-05-07T14:26:48,987913516+02:00
57.014166
9.987248667
0.6948
nan
0.0
 
2019-05-07T14:26:49,561965896+02:00
57.014166333
9.987248167
0.7776
nan
0.0
 
2019-05-07T14:26:49,956394816+02:00
57.014165167
9.987248167
0.3168
nan
0.0
 
2019-05-07T14:26:50,188450025+02:00
57.0141645
9.987248167
0.3672
nan
0.0
 
2019-05-07T14:26:50,562829159+02:00
57.0141645
9.987248667
0.2952
nan
0.0
 
2019-05-07T14:26:50,960476872+02:00
57.014162667
9.9872495
0.3132
nan
0.0
 
2019-05-07T14:26:51,360055444+02:00
57.014161833
9.987249667
0.2052
nan
0.0
 
2019-05-07T14:26:51,767102958+02:00
57.014161667
9.987249833
0.4356
nan
0.0
 
2019-05-07T14:26:52,176138932+02:00
57.014160167
9.987249
0.4104
nan
0.0
 
2019-05-07T14:26:52,558814947+02:00
57.014158167
9.987248333
0.216
nan
0.0
 
