
2019-05-10T12:06:01,235182593+02:00
nan
nan
nan
nan
nan
 
2019-05-10T12:06:02,208096997+02:00
nan
nan
nan
nan
nan
 
2019-05-10T12:06:03,186003455+02:00
nan
nan
nan
nan
nan
 
2019-05-10T12:06:04,166055129+02:00
nan
nan
nan
nan
nan
 
2019-05-10T12:06:05,146346507+02:00
nan
nan
nan
nan
nan
 
2019-05-10T12:06:06,306168069+02:00
nan
nan
nan
nan
nan
 
2019-05-10T12:06:07,132178770+02:00
nan
nan
nan
nan
nan
 
2019-05-10T12:06:08,123685617+02:00
nan
nan
nan
nan
nan
 
2019-05-10T12:06:09,103906330+02:00
nan
nan
nan
nan
nan
 
2019-05-10T12:06:10,115277817+02:00
nan
nan
nan
nan
nan
 
2019-05-10T12:06:11,101550600+02:00
nan
nan
nan
nan
nan
 
2019-05-10T12:06:12,237262477+02:00
nan
nan
nan
nan
nan
 
2019-05-10T12:06:13,074817300+02:00
nan
nan
nan
nan
nan
 
2019-05-10T12:06:14,075554741+02:00
nan
nan
nan
nan
nan
 
2019-05-10T12:06:15,062194612+02:00
nan
nan
nan
nan
nan
 
2019-05-10T12:06:16,054682685+02:00
nan
nan
nan
nan
nan
 
2019-05-10T12:06:17,059864305+02:00
nan
nan
nan
nan
nan
 
2019-05-10T12:06:18,212550113+02:00
nan
nan
nan
nan
nan
 
2019-05-10T12:06:19,066916100+02:00
nan
nan
nan
nan
nan
 
2019-05-10T12:06:20,050513368+02:00
nan
nan
nan
nan
nan
 
2019-05-10T12:06:21,056241506+02:00
nan
nan
nan
nan
nan
 
2019-05-10T12:06:22,044043303+02:00
nan
nan
nan
nan
nan
 
2019-05-10T12:06:23,057552525+02:00
nan
nan
nan
nan
nan
 
2019-05-10T12:06:24,197507588+02:00
nan
nan
nan
nan
nan
 
2019-05-10T12:06:25,038856963+02:00
nan
nan
nan
nan
nan
 
2019-05-10T12:06:26,046398415+02:00
nan
nan
nan
nan
nan
 
2019-05-10T12:06:27,040668493+02:00
nan
nan
nan
nan
nan
 
2019-05-10T12:06:28,050147156+02:00
nan
nan
nan
nan
nan
 
2019-05-10T12:06:29,044620413+02:00
nan
nan
nan
nan
nan
 
2019-05-10T12:06:30,183464111+02:00
nan
nan
nan
nan
nan
 
2019-05-10T12:06:31,034936961+02:00
nan
nan
nan
nan
nan
 
2019-05-10T12:06:32,047383580+02:00
nan
nan
nan
nan
nan
 
2019-05-10T12:06:33,041468634+02:00
nan
nan
nan
nan
nan
 
2019-05-10T12:06:34,040576641+02:00
nan
nan
nan
nan
nan
 
2019-05-10T12:06:35,052591447+02:00
nan
nan
nan
nan
nan
 
2019-05-10T12:06:36,213959349+02:00
nan
nan
nan
nan
nan
 
2019-05-10T12:06:37,054824481+02:00
nan
nan
nan
nan
nan
 
2019-05-10T12:06:38,047475402+02:00
nan
nan
nan
nan
nan
 
2019-05-10T12:06:39,054244438+02:00
nan
nan
nan
nan
nan
 
2019-05-10T12:06:40,054440578+02:00
nan
nan
nan
nan
nan
 
2019-05-10T12:06:41,064913597+02:00
nan
nan
nan
nan
nan
 
2019-05-10T12:06:42,209602159+02:00
nan
nan
nan
nan
nan
 
2019-05-10T12:06:43,046562913+02:00
nan
nan
nan
nan
nan
 
2019-05-10T12:06:44,053200718+02:00
nan
nan
nan
nan
nan
 
2019-05-10T12:06:45,067394556+02:00
nan
nan
nan
nan
nan
 
2019-05-10T12:06:46,055529991+02:00
nan
nan
nan
nan
nan
 
2019-05-10T12:06:47,067521499+02:00
nan
nan
nan
nan
nan
 
2019-05-10T12:06:48,211517539+02:00
nan
nan
nan
nan
nan
 
2019-05-10T12:06:49,054596924+02:00
nan
nan
nan
nan
nan
 
2019-05-10T12:06:50,054112865+02:00
nan
nan
nan
nan
nan
 
2019-05-10T12:06:51,055710992+02:00
nan
nan
nan
nan
nan
 
2019-05-10T12:06:52,054928509+02:00
nan
nan
nan
nan
nan
 
2019-05-10T12:06:53,062956969+02:00
nan
nan
nan
nan
nan
 
2019-05-10T12:06:54,225384606+02:00
nan
nan
nan
nan
nan
 
2019-05-10T12:06:55,064582901+02:00
nan
nan
nan
nan
nan
 
2019-05-10T12:06:56,055813672+02:00
nan
nan
nan
nan
nan
 
2019-05-10T12:06:57,056834445+02:00
nan
nan
nan
nan
nan
 
2019-05-10T12:06:58,069883008+02:00
nan
nan
nan
nan
nan
 
2019-05-10T12:06:59,070976918+02:00
nan
nan
nan
nan
nan
 
2019-05-10T12:07:00,233059012+02:00
nan
nan
nan
nan
nan
 
2019-05-10T12:07:01,078388924+02:00
nan
nan
nan
nan
nan
 
2019-05-10T12:09:01,313522786+02:00

 
