
2019-05-10T11:51:07,652612434+02:00
nan
nan
nan
nan
nan
 
2019-05-10T11:51:08,645612061+02:00
nan
nan
nan
nan
nan
 
2019-05-10T11:51:09,647352690+02:00
nan
nan
nan
nan
nan
 
2019-05-10T11:51:10,646205144+02:00
nan
nan
nan
nan
nan
 
2019-05-10T11:51:11,643756550+02:00
nan
nan
nan
nan
nan
 
2019-05-10T11:51:12,671501566+02:00
nan
nan
nan
nan
nan
 
2019-05-10T11:51:13,646809447+02:00
nan
nan
nan
nan
nan
 
2019-05-10T11:57:30,908382702+02:00
nan
nan
nan
nan
nan
 
2019-05-10T11:57:32,723914398+02:00
nan
nan
nan
nan
nan
 
2019-05-10T11:57:33,692251154+02:00
nan
nan
nan
nan
nan
 
2019-05-10T11:57:34,676134554+02:00
nan
nan
nan
nan
nan
 
2019-05-10T11:57:35,691925591+02:00
nan
nan
nan
nan
nan
 
2019-05-10T11:57:36,688336164+02:00
nan
nan
nan
nan
nan
 
2019-05-10T11:57:37,721476328+02:00
nan
nan
nan
nan
nan
 
2019-05-10T11:57:38,670648033+02:00
nan
nan
nan
nan
nan
 
2019-05-10T11:57:39,672924433+02:00
nan
nan
nan
nan
nan
 
2019-05-10T11:57:40,682855362+02:00
nan
nan
nan
nan
nan
 
2019-05-10T11:57:41,654883628+02:00
nan
nan
nan
nan
nan
 
2019-05-10T11:57:42,719988375+02:00
nan
nan
nan
nan
nan
 
2019-05-10T11:57:43,742403771+02:00
nan
nan
nan
nan
nan
 
2019-05-10T11:57:45,698288330+02:00
nan
nan
nan
nan
nan
 
2019-05-10T11:57:46,728605098+02:00
nan
nan
nan
nan
nan
 
2019-05-10T11:57:47,709314252+02:00
nan
nan
nan
nan
nan
 
2019-05-10T11:57:48,710466162+02:00
nan
nan
nan
nan
nan
 
2019-05-10T11:57:49,708091554+02:00
nan
nan
nan
nan
nan
 
2019-05-10T11:57:50,674147433+02:00
nan
nan
nan
nan
nan
 
2019-05-10T11:57:51,719704717+02:00
nan
nan
nan
nan
nan
 
2019-05-10T11:57:52,707367302+02:00
nan
nan
nan
nan
nan
 
2019-05-10T11:57:53,698910319+02:00
nan
nan
nan
nan
nan
 
2019-05-10T11:57:54,694092667+02:00
nan
nan
nan
nan
nan
 
2019-05-10T11:57:55,711946785+02:00
nan
nan
nan
nan
nan
 
2019-05-10T11:57:56,694753687+02:00
nan
nan
nan
nan
nan
 
2019-05-10T11:57:57,723200754+02:00
nan
nan
nan
nan
nan
 
2019-05-10T11:57:58,661497421+02:00
nan
nan
nan
nan
nan
 
