
2019-05-14T12:29:11,088218914+02:00
57.013848
9.9871615
1.1124
12.5
0.0
 
2019-05-14T12:29:12,092103227+02:00
57.013852
9.987149667
1.8036
12.6
0.0
 
2019-05-14T12:29:13,089799636+02:00
57.013856833
9.987149167
1.3932
12.6
0.0
 
2019-05-14T12:29:14,093994450+02:00
57.013858167
9.987148333
1.0224
12.5
0.0
 
2019-05-14T12:29:15,094796664+02:00
57.013854333
9.987154333
0.6048
12.6
0.0
 
2019-05-14T12:29:16,100618416+02:00
57.013848167
9.9871675
1.5516
12.7
0.0
 
2019-05-14T12:29:17,089174960+02:00
57.013842333
9.987191
2.5128
12.7
0.0
 
2019-05-14T12:29:18,091437235+02:00
57.01386
9.987200333
1.6956
16.9
0.0
 
2019-05-14T12:29:19,088303859+02:00
57.0138495
9.987184167
2.0484
16.9
0.0
 
2019-05-14T12:29:20,088805399+02:00
57.0138555
9.9872005
1.4976
17.1
0.0
 
2019-05-14T12:29:21,091150286+02:00
57.0138675
9.9872045
0.72
17.3
0.0
 
2019-05-14T12:29:22,084441934+02:00
57.013872167
9.987216
0.9576
17.6
0.0
 
2019-05-14T12:29:23,090337633+02:00
57.013873167
9.987216833
0.378
17.7
0.0
 
2019-05-14T12:29:24,088974787+02:00
57.013881667
9.987214167
0.702
17.9
0.0
 
2019-05-14T12:29:25,097461684+02:00
57.013894
9.9871965
1.7532
18.1
0.0
 
2019-05-14T12:29:26,085103399+02:00
57.013906667
9.987163167
3.0204
18.2
0.0
 
2019-05-14T12:29:27,086848783+02:00
57.013917
9.987125333
3.9852
18.3
0.0
 
2019-05-14T12:29:28,078493739+02:00
nan
nan
nan
nan
nan
 
2019-05-14T12:29:29,082796484+02:00
57.0139295
9.987121833
2.4804
18.0
0.0
 
2019-05-14T12:29:30,085858153+02:00
nan
nan
nan
nan
nan
 
2019-05-14T12:29:31,072043559+02:00
nan
nan
nan
nan
nan
 
2019-05-14T12:29:32,083922216+02:00
nan
nan
nan
nan
nan
 
2019-05-14T12:29:33,093879885+02:00
nan
nan
nan
nan
nan
 
2019-05-14T12:29:34,082225391+02:00
nan
nan
nan
nan
nan
 
2019-05-14T12:29:35,076751266+02:00
nan
nan
nan
nan
nan
 
2019-05-14T12:29:36,092849713+02:00
57.0139075
9.986983667
3.5712
18.1
0.0
 
