
2019-03-08T18:07:54,164945320+01:00
57.013991354
9.987198408
0.054
29.818
296.7428
 
2019-03-08T18:07:55,155381596+01:00
57.013992005
9.987198856
0.036
30.069
211.6222
 
2019-03-08T18:07:56,149857561+01:00
57.013992642
9.98719982
0.1044
30.309
71.7843
 
2019-03-08T18:07:57,140833376+01:00
57.013993255
9.987200812
0.0612
30.527
100.8087
 
2019-03-08T18:07:58,132514247+01:00
57.013993536
9.987201528
0.0396
30.757
154.8714
 
2019-03-08T18:07:59,128269816+01:00
57.013994126
9.987202196
0.0684
30.965
24.8681
 
2019-03-08T18:08:00,122829831+01:00
57.013994498
9.987203302
0.1368
31.069
78.448
 
2019-03-08T18:08:01,126061334+01:00
57.013994746
9.98720397
0.0252
31.218
104.4461
 
2019-03-08T18:08:02,116589063+01:00
57.013994934
9.987204857
0.0792
31.324
139.2202
 
2019-03-08T18:08:03,122034408+01:00
57.013994849
9.987205601
0.1188
31.473
157.3037
 
2019-03-08T18:08:04,112553783+01:00
57.013994961
9.987206402
0.0576
31.62
163.1605
 
2019-03-08T18:08:05,110588803+01:00
57.013995161
9.98720707
0.036
31.761
50.8017
 
2019-03-08T18:08:06,103173781+01:00
57.013995362
9.987207795
0.0684
31.865
73.9648
 
2019-03-08T18:08:07,105372032+01:00
57.013995392
9.987208549
0.036
31.923
138.0092
 
2019-03-08T18:08:08,101198150+01:00
57.013995625
9.987209674
0.1008
32.097
82.4058
 
2019-03-08T18:08:09,107655646+01:00
57.013995617
9.987210561
0.0576
32.169
163.1606
 
2019-03-08T18:08:10,102724562+01:00
57.013995474
9.987211582
0.1224
32.239
134.2369
 
2019-03-08T18:08:11,101860948+01:00
57.013995359
9.987211983
0.0828
32.283
220.0847
 
2019-03-08T18:08:12,100839289+01:00
57.013995448
9.98721246
0.0792
32.419
284.4868
 
2019-03-08T18:08:13,105129701+01:00
57.013995457
9.987212536
0.108
32.478
236.583
 
2019-03-08T18:08:14,096277893+01:00
57.013995267
9.987213261
0.126
32.516
175.1762
 
2019-03-08T18:08:15,097452306+01:00
57.0139952
9.987214015
0.0324
32.557
117.7623
 
2019-03-08T18:08:16,094113428+01:00
57.013995082
9.987214711
0.0108
32.625
211.6223
 
2019-03-08T18:08:17,098700185+01:00
57.01399519
9.987215197
0.0396
32.653
0.0
 
2019-03-08T18:08:18,108849729+01:00
57.013995136
9.987215789
0.0396
32.692
67.9471
 
2019-03-08T18:08:19,118159757+01:00
57.013994972
9.987216189
0.072
32.728
221.4718
 
2019-03-08T18:08:20,104572892+01:00
57.013995074
9.987216505
0.0432
32.864
305.0121
 
2019-03-08T18:08:21,105300725+01:00
57.013994857
9.987217144
0.0684
32.951
160.4602
 
2019-03-08T18:08:22,122396695+01:00
57.013994747
9.98721786
0.0504
33.114
153.0203
 
2019-03-08T18:08:23,117023540+01:00
57.013994481
9.987218499
0.0684
33.193
160.4602
 
2019-03-08T18:08:24,104100700+01:00
57.013994912
9.987218976
0.0432
33.388
289.4156
 
2019-03-08T18:08:25,122105334+01:00
57.013994719
9.987219587
0.0684
33.497
160.4602
 
2019-03-08T18:08:26,114342147+01:00
57.01399425
9.98722035
0.2592
33.674
156.3752
 
2019-03-08T18:08:27,108618158+01:00
57.013994035
9.987220694
0.0324
33.738
117.7624
 
2019-03-08T18:08:28,099277600+01:00
57.013994053
9.987220847
0.0432
33.855
263.2941
 
2019-03-08T18:08:29,108186206+01:00
57.013994284
9.987221563
0.0648
34.077
90.8984
 
2019-03-08T18:08:30,110187326+01:00
57.013994739
9.987222364
0.1116
34.283
22.059
 
2019-03-08T18:08:31,109094795+01:00
57.013995042
9.98722285
0.1872
34.344
5.7132
 
2019-03-08T18:08:32,109759402+01:00
57.013995063
9.987223118
0.1188
34.39
326.8512
 
2019-03-08T18:08:33,107584193+01:00
57.01399497
9.987223433
0.0288
34.493
81.774
 
2019-03-08T18:08:34,104832240+01:00
57.013995169
9.987223547
0.1692
34.454
6.3761
 
2019-03-08T18:08:35,110221735+01:00
57.013994978
9.987223862
0.0432
34.54
197.3863
 
2019-03-08T18:08:36,109782531+01:00
57.013994665
9.987224206
0.0108
34.586
211.6223
 
2019-03-08T18:08:37,112647405+01:00
57.013994415
9.987224387
0.0396
34.64
0.0
 
2019-03-08T18:08:38,115209711+01:00
57.013993904
9.987224616
0.0504
34.725
153.0203
 
2019-03-08T18:08:39,112818274+01:00
57.013993596
9.987225275
0.1368
34.89
140.1325
 
2019-03-08T18:08:40,111417892+01:00
57.013993095
9.987225638
0.1836
34.998
167.4819
 
2019-03-08T18:08:41,113332397+01:00
57.013992842
9.987226115
0.0684
35.076
107.681
 
2019-03-08T18:08:42,124285713+01:00
57.013993091
9.98722643
0.1188
35.236
6.0265
 
2019-03-08T18:08:43,117488576+01:00
57.013993221
9.987226831
0.1332
35.322
57.1077
 
2019-03-08T18:08:44,113781032+01:00
57.013992577
9.987227308
0.198
35.333
157.7855
 
2019-03-08T18:08:45,111925041+01:00
57.013992057
9.987227461
0.1584
35.359
148.8524
 
2019-03-08T18:08:46,105773976+01:00
57.013992761
9.987227318
0.252
35.57
349.4661
 
2019-03-08T18:08:47,118008432+01:00
57.013993124
9.987227176
0.252
35.723
349.4661
 
2019-03-08T18:08:48,119450280+01:00
57.013992762
9.987227109
0.0756
35.809
167.4058
 
2019-03-08T18:08:49,114846751+01:00
57.013992567
9.98722731
0.0792
35.966
139.2203
 
2019-03-08T18:08:50,110625244+01:00
57.013992706
9.987227435
0.0288
36.123
347.8744
 
2019-03-08T18:08:51,145685027+01:00
57.013992269
9.987227693
0.0648
36.202
117.7624
 
2019-03-08T18:08:52,115342184+01:00
57.013992583
9.98722755
0.108
36.346
3.3044
 
2019-03-08T18:08:53,114989378+01:00
57.013992488
9.987227808
0.036
36.484
138.0093
 
2019-03-08T18:08:54,113329679+01:00
57.013992257
9.987228199
0.036
36.62
138.0093
 
2019-03-08T18:08:58,133147491+01:00
57.013906
9.987237333
1.5444
45.8
0.0
 
2019-03-08T18:08:59,107373266+01:00
57.013806833
9.987237667
0.0576
23.5
0.0
 
2019-03-08T18:09:00,127908265+01:00
57.013766167
9.9872105
0.1548
14.3
0.0
 
2019-03-08T18:09:01,132234001+01:00
57.013786667
9.987218
0.0828
19.8
0.0
 
2019-03-08T18:09:02,138579030+01:00
57.013790833
9.987215667
0.0972
19.3
0.0
 
2019-03-08T18:09:03,123661147+01:00
57.013788833
9.987213667
0.144
18.7
0.0
 
2019-03-08T18:09:04,120547055+01:00
57.013791
9.9872115
0.2808
19.0
0.0
 
2019-03-08T18:09:05,126578549+01:00
57.013790667
9.987210167
0.2016
18.9
0.0
 
2019-03-08T18:09:06,128925876+01:00
57.013790833
9.987209667
0.1656
19.0
0.0
 
2019-03-08T18:09:07,146585231+01:00
57.013793167
9.987210167
0.1548
19.2
0.0
 
2019-03-08T18:09:08,120476501+01:00
57.013794667
9.987212
0.3348
19.8
0.0
 
2019-03-08T18:09:09,122487631+01:00
57.013794
9.9872135
0.1116
19.9
0.0
 
2019-03-08T18:09:10,126156373+01:00
57.013797167
9.987215167
0.018
20.4
0.0
 
2019-03-08T18:09:11,123079098+01:00
57.013797833
9.987215667
0.0252
20.9
0.0
 
2019-03-08T18:09:12,124190588+01:00
57.013798667
9.987216333
0.126
21.4
0.0
 
2019-03-08T18:09:13,121777935+01:00
57.0137995
9.987215167
0.2052
21.5
0.0
 
2019-03-08T18:09:14,123802979+01:00
57.013797167
9.987213333
0.198
21.5
0.0
 
2019-03-08T18:09:15,123278920+01:00
57.013795
9.987211167
0.0936
21.6
0.0
 
2019-03-08T18:09:16,117752076+01:00
57.013796
9.987210333
0.1656
21.7
0.0
 
2019-03-08T18:09:17,113247685+01:00
57.013795333
9.987209333
0.0504
21.8
0.0
 
2019-03-08T18:09:18,126769739+01:00
57.013796667
9.987208833
0.252
21.9
0.0
 
2019-03-08T18:09:19,123322745+01:00
57.013799
9.987206833
0.5184
22.1
0.0
 
2019-03-08T18:09:20,125640959+01:00
57.013800167
9.987206333
0.2556
22.3
0.0
 
2019-03-08T18:09:21,121143812+01:00
57.013801667
9.987205833
0.1728
22.5
0.0
 
2019-03-08T18:09:22,137495178+01:00
57.013802
9.987204167
0.0864
22.6
0.0
 
2019-03-08T18:09:23,132101121+01:00
57.013802667
9.987202667
0.054
22.7
0.0
 
2019-03-08T18:09:24,125559721+01:00
57.013804667
9.987201333
0.45
22.9
0.0
 
2019-03-08T18:09:25,117783459+01:00
57.013806167
9.987199667
0.2196
23.0
0.0
 
2019-03-08T18:09:26,124343254+01:00
57.0138065
9.987198
0.0396
23.2
0.0
 
2019-03-08T18:09:27,133340086+01:00
57.013807167
9.987196667
0.4788
23.2
0.0
 
2019-03-08T18:09:28,119964929+01:00
57.013807167
9.9871965
0.2304
23.4
0.0
 
2019-03-08T18:09:29,123190796+01:00
57.013807833
9.987195333
0.3492
23.5
0.0
 
2019-03-08T18:09:30,126456152+01:00
57.0138075
9.987194167
0.1404
23.7
0.0
 
2019-03-08T18:09:31,127599546+01:00
57.013807833
9.987193
0.2052
24.0
0.0
 
2019-03-08T18:09:32,128564397+01:00
57.013808167
9.987192667
0.0396
24.1
0.0
 
2019-03-08T18:09:33,121425635+01:00
57.013811833
9.987192833
0.6012
24.3
0.0
 
2019-03-08T18:09:34,117419330+01:00
57.013813667
9.987192833
0.2232
24.4
0.0
 
2019-03-08T18:09:35,115546839+01:00
57.013816
9.987193
0.3672
24.5
0.0
 
2019-03-08T18:09:36,116594220+01:00
57.0138195
9.987193
0.6012
24.7
0.0
 
2019-03-08T18:09:37,120486314+01:00
57.013823667
9.987193833
0.7056
25.0
0.0
 
2019-03-08T18:09:38,115729503+01:00
57.013827333
9.987193833
0.6444
25.1
0.0
 
2019-03-08T18:09:39,114229321+01:00
57.013829167
9.987193833
0.0756
25.2
0.0
 
2019-03-08T18:09:40,119060565+01:00
57.013831333
9.987193833
0.0396
25.3
0.0
 
2019-03-08T18:09:41,116094191+01:00
57.013834167
9.9871945
0.1008
25.5
0.0
 
2019-03-08T18:09:42,121683692+01:00
57.013835833
9.9871945
0.2196
25.6
0.0
 
2019-03-08T18:09:43,114038124+01:00
57.013838833
9.987194667
0.036
25.8
0.0
 
2019-03-08T18:09:44,115207749+01:00
57.013840167
9.987194333
0.0216
25.8
0.0
 
2019-03-08T18:09:45,114929066+01:00
57.013841833
9.987194
0.0288
25.9
0.0
 
2019-03-08T18:09:46,117987943+01:00
57.013843833
9.987193667
0.0324
26.0
0.0
 
2019-03-08T18:09:47,119855624+01:00
57.013846
9.9871935
0.0216
26.0
0.0
 
2019-03-08T18:09:48,121268918+01:00
57.013848167
9.987193167
0.018
26.0
0.0
 
2019-03-08T18:09:49,117006699+01:00
57.013850167
9.987193167
0.1152
26.1
0.0
 
2019-03-08T18:09:50,122821934+01:00
57.013852167
9.987193
0.1728
26.1
0.0
 
2019-03-08T18:09:51,118072493+01:00
57.013854333
9.987193
0.0504
26.2
0.0
 
2019-03-08T18:09:52,119111311+01:00
57.013856167
9.987192833
0.0576
26.3
0.0
 
2019-03-08T18:09:53,124622271+01:00
57.013858333
9.9871925
0.0612
26.4
0.0
 
2019-03-08T18:09:54,133246692+01:00
57.013859833
9.987192333
0.0504
26.6
0.0
 
2019-03-08T18:09:55,149161672+01:00
57.013862333
9.987192667
0.0864
26.7
0.0
 
2019-03-08T18:09:56,121075760+01:00
57.013864167
9.987192667
0.126
26.9
0.0
 
2019-03-08T18:09:57,109996601+01:00
57.0138665
9.987192667
0.1044
27.1
0.0
 
2019-03-08T18:09:58,123230787+01:00
57.013868333
9.987192667
0.0756
27.2
0.0
 
2019-03-08T18:09:59,119237805+01:00
57.013869833
9.9871925
0.1152
27.4
0.0
 
2019-03-08T18:10:03,121986405+01:00
57.013895333
9.987158667
0.0072
22.4
0.0
 
2019-03-08T18:10:04,114937724+01:00
57.013880833
9.987161333
0.09
22.2
0.0
 
2019-03-08T18:10:05,126469718+01:00
57.013884333
9.987163167
0.0756
22.9
0.0
 
2019-03-08T18:10:06,124506496+01:00
57.013884667
9.987164
0.0396
23.2
0.0
 
2019-03-08T18:10:07,130349148+01:00
57.013883667
9.987165833
0.0756
23.3
0.0
 
2019-03-08T18:10:08,125559593+01:00
57.013883833
9.987166833
0.0252
23.8
0.0
 
2019-03-08T18:10:09,126882547+01:00
57.0138845
9.987166667
0.1368
23.8
0.0
 
2019-03-08T18:10:10,119382693+01:00
57.013885833
9.987166833
0.18
24.1
0.0
 
2019-03-08T18:10:11,119238757+01:00
57.013883333
9.987168333
0.18
23.9
0.0
 
2019-03-08T18:10:12,121285124+01:00
57.013885333
9.987167667
0.144
24.1
0.0
 
2019-03-08T18:10:13,116913363+01:00
57.013886667
9.9871665
0.1476
24.2
0.0
 
2019-03-08T18:10:14,124403771+01:00
57.013886667
9.987166333
0.0144
24.2
0.0
 
2019-03-08T18:10:15,121365855+01:00
57.013885167
9.987168
0.0756
24.0
0.0
 
2019-03-08T18:10:16,121994605+01:00
57.013886
9.987168667
0.0648
23.9
0.0
 
2019-03-08T18:10:17,117536068+01:00
57.013887
9.987168833
0.0576
24.0
0.0
 
2019-03-08T18:10:18,125706110+01:00
57.013888
9.987169333
0.054
23.9
0.0
 
2019-03-08T18:10:19,126862941+01:00
57.0138885
9.98717
0.1188
23.8
0.0
 
2019-03-08T18:10:20,124566897+01:00
57.013888833
9.98717
0.0252
23.8
0.0
 
2019-03-08T18:10:21,129919306+01:00
57.013889333
9.9871705
0.1728
23.7
0.0
 
2019-03-08T18:10:22,115559845+01:00
57.013890167
9.987171333
0.1044
23.8
0.0
 
2019-03-08T18:10:23,132433770+01:00
57.013890833
9.987171167
0.0468
23.8
0.0
 
2019-03-08T18:10:24,119579196+01:00
57.013892333
9.987171667
0.018
23.8
0.0
 
2019-03-08T18:10:25,127132847+01:00
57.0138935
9.987171833
0.2016
23.9
0.0
 
2019-03-08T18:10:26,118139973+01:00
57.013894167
9.987173167
0.1584
23.8
0.0
 
2019-03-08T18:10:27,126653252+01:00
57.013895333
9.987173167
0.3276
23.7
0.0
 
2019-03-08T18:10:28,121650119+01:00
57.013895333
9.9871735
0.1224
23.5
0.0
 
2019-03-08T18:10:29,132799458+01:00
57.013895333
9.987172667
0.1548
23.1
0.0
 
2019-03-08T18:10:30,124423262+01:00
57.013895833
9.9871725
0.1044
22.9
0.0
 
2019-03-08T18:10:31,123603422+01:00
57.013896333
9.987172667
0.108
22.6
0.0
 
2019-03-08T18:10:32,126686595+01:00
57.013897833
9.987173
0.0468
22.5
0.0
 
2019-03-08T18:10:33,121876891+01:00
57.013897833
9.987173667
0.162
22.3
0.0
 
2019-03-08T18:10:34,120637225+01:00
57.013896167
9.987174833
0.162
22.2
0.0
 
2019-03-08T18:10:35,125545621+01:00
57.013894333
9.987175167
0.0936
22.0
0.0
 
2019-03-08T18:10:36,120855955+01:00
57.0138945
9.987176333
0.0504
21.9
0.0
 
2019-03-08T18:10:37,133217998+01:00
57.013895667
9.987176333
0.1692
21.8
0.0
 
2019-03-08T18:10:38,120977096+01:00
57.013896667
9.9871765
0.1188
22.0
0.0
 
2019-03-08T18:10:39,121066729+01:00
57.0138975
9.987176667
0.1188
22.1
0.0
 
2019-03-08T18:10:40,121311664+01:00
57.013898333
9.987176167
0.144
22.1
0.0
 
2019-03-08T18:10:41,131691141+01:00
57.013899167
9.9871775
0.1584
22.4
0.0
 
2019-03-08T18:10:42,121686571+01:00
57.013900167
9.9871775
0.0864
22.5
0.0
 
2019-03-08T18:10:43,129070964+01:00
57.013901167
9.987177667
0.1368
22.6
0.0
 
2019-03-08T18:10:44,121851450+01:00
57.013902
9.987177667
0.1008
22.7
0.0
 
2019-03-08T18:10:45,127432692+01:00
57.013903
9.987177833
0.126
22.8
0.0
 
2019-03-08T18:10:46,122030383+01:00
57.013903833
9.987177667
0.0612
22.9
0.0
 
2019-03-08T18:10:47,123772697+01:00
57.013904333
9.987177833
0.0684
23.0
0.0
 
2019-03-08T18:10:48,118872225+01:00
57.013905167
9.987178333
0.054
23.1
0.0
 
2019-03-08T18:10:49,122209649+01:00
57.013905833
9.987178833
0.0612
23.3
0.0
 
2019-03-08T18:10:50,120364946+01:00
57.013906833
9.987179
0.0684
23.5
0.0
 
2019-03-08T18:10:51,124402019+01:00
57.013907667
9.987178833
0.0756
23.6
0.0
 
2019-03-08T18:10:52,119869678+01:00
57.013908333
9.987179
0.036
23.6
0.0
 
2019-03-08T18:10:53,125803432+01:00
57.013909333
9.9871795
0.0972
23.8
0.0
 
2019-03-08T18:10:54,123926034+01:00
57.01391
9.987179667
0.0432
24.0
0.0
 
2019-03-08T18:10:55,130313445+01:00
57.013911
9.987179667
0.1296
24.1
0.0
 
2019-03-08T18:10:56,134622895+01:00
57.013911667
9.987179667
0.0684
24.2
0.0
 
2019-03-08T18:10:57,128512603+01:00
57.013912833
9.9871795
0.0504
24.3
0.0
 
2019-03-08T18:10:58,128068306+01:00
57.013913667
9.987179667
0.0576
24.3
0.0
 
2019-03-08T18:10:59,131831819+01:00
57.013914667
9.98718
0.0288
24.4
0.0
 
2019-03-08T18:11:00,155363003+01:00
57.013915833
9.987180167
0.1944
24.5
0.0
 
2019-03-08T18:11:01,131804051+01:00
57.013916833
9.987180333
0.0684
24.6
0.0
 
2019-03-08T18:11:02,124689192+01:00
57.013918667
9.987180667
0.2592
24.8
0.0
 
2019-03-08T18:11:03,138069956+01:00
57.013919167
9.987180833
0.054
24.9
0.0
 
2019-03-08T18:11:04,129646403+01:00
57.013919833
9.987181167
0.1224
25.0
0.0
 
2019-03-08T18:11:07,127852833+01:00
57.0139235
9.9871205
0.2808
11.5
0.0
 
2019-03-08T18:11:08,122817965+01:00
57.013896333
9.9871295
0.1692
8.8
0.0
 
2019-03-08T18:11:09,128740537+01:00
57.013902167
9.987144333
0.0612
9.9
0.0
 
2019-03-08T18:11:10,131329410+01:00
57.013918833
9.987136167
0.1656
13.0
0.0
 
2019-03-08T18:11:11,132735235+01:00
57.013926
9.987131167
0.0936
13.8
0.0
 
2019-03-08T18:11:12,133887746+01:00
57.013930333
9.987133
0.0576
14.8
0.0
 
2019-03-08T18:11:13,135009214+01:00
57.0139335
9.9871355
0.0108
16.1
0.0
 
2019-03-08T18:11:14,135519497+01:00
57.013936833
9.9871385
0.0972
17.1
0.0
 
2019-03-08T18:11:15,131875916+01:00
57.013937
9.987138833
0.27
17.6
0.0
 
2019-03-08T18:11:16,132273169+01:00
57.013937667
9.9871405
0.126
18.2
0.0
 
2019-03-08T18:11:17,137608454+01:00
57.013938167
9.987141667
0.144
18.6
0.0
 
2019-03-08T18:11:18,131616617+01:00
57.013936667
9.987143667
0.4896
18.6
0.0
 
2019-03-08T18:11:19,131682753+01:00
57.013936
9.9871445
0.0612
18.6
0.0
 
2019-03-08T18:11:20,137095464+01:00
57.013936333
9.987144333
0.054
18.7
0.0
 
2019-03-08T18:11:21,131328811+01:00
57.013936333
9.987144667
0.126
19.0
0.0
 
2019-03-08T18:11:22,130017159+01:00
57.013937
9.987146167
0.0972
19.6
0.0
 
2019-03-08T18:11:23,138217777+01:00
57.0139365
9.987146667
0.0288
19.8
0.0
 
2019-03-08T18:11:24,136279475+01:00
57.013935333
9.987146833
0.18
19.9
0.0
 
2019-03-08T18:11:25,128403272+01:00
57.013935333
9.987148167
0.1476
20.0
0.0
 
2019-03-08T18:11:26,130463766+01:00
57.013935
9.987149333
0.0288
20.2
0.0
 
2019-03-08T18:11:27,130400543+01:00
57.013934667
9.987149667
0.0648
20.3
0.0
 
2019-03-08T18:11:28,130801408+01:00
57.013934833
9.987150167
0.1512
20.6
0.0
 
2019-03-08T18:11:29,131156644+01:00
57.013934333
9.987151
0.0288
20.6
0.0
 
2019-03-08T18:11:30,129791362+01:00
57.013934667
9.987151667
0.1584
20.7
0.0
 
2019-03-08T18:11:31,138735037+01:00
57.013935333
9.9871515
0.0504
20.9
0.0
 
2019-03-08T18:11:32,134442617+01:00
57.0139345
9.987152833
0.0396
21.0
0.0
 
2019-03-08T18:11:33,135136191+01:00
57.013935333
9.987154167
0.3276
21.4
0.0
 
2019-03-08T18:11:34,134617524+01:00
57.013937667
9.987154167
0.0468
21.8
0.0
 
2019-03-08T18:11:35,135145103+01:00
57.013939333
9.987153667
0.0972
22.2
0.0
 
2019-03-08T18:11:36,134404928+01:00
57.0139405
9.987154
0.09
22.5
0.0
 
2019-03-08T18:11:37,139730964+01:00
57.013941667
9.987154333
0.0468
22.9
0.0
 
2019-03-08T18:11:38,133040905+01:00
57.013942833
9.9871545
0.0324
23.1
0.0
 
2019-03-08T18:11:39,135850811+01:00
57.013943667
9.987154833
0.0468
23.4
0.0
 
2019-03-08T18:11:40,138516197+01:00
57.013944833
9.987155
0.0972
23.6
0.0
 
2019-03-08T18:11:41,139472673+01:00
57.013946
9.987155333
0.1188
23.8
0.0
 
2019-03-08T18:11:42,137406416+01:00
57.013947333
9.987155667
0.0252
24.1
0.0
 
2019-03-08T18:11:43,141793770+01:00
57.013949333
9.987156167
0.1548
24.5
0.0
 
2019-03-08T18:11:44,137357093+01:00
57.013950667
9.9871565
0.0396
24.9
0.0
 
2019-03-08T18:11:45,136535033+01:00
57.0139515
9.987157167
0.0792
25.2
0.0
 
2019-03-08T18:11:46,140100116+01:00
57.0139525
9.9871575
0.018
25.4
0.0
 
2019-03-08T18:11:47,142087518+01:00
57.013953667
9.987158
0.0936
25.8
0.0
 
2019-03-08T18:11:48,139092420+01:00
57.013954333
9.987158833
0.0936
26.1
0.0
 
2019-03-08T18:11:49,147825599+01:00
57.013955167
9.987159833
0.054
26.4
0.0
 
2019-03-08T18:11:50,142829857+01:00
57.013955833
9.987160833
0.1116
26.7
0.0
 
2019-03-08T18:11:51,141852534+01:00
57.0139565
9.987161333
0.0432
27.0
0.0
 
2019-03-08T18:11:52,146814723+01:00
57.013957333
9.987162167
0.1188
27.3
0.0
 
2019-03-08T18:11:53,157088376+01:00
57.013958
9.987163
0.0288
27.6
0.0
 
2019-03-08T18:11:54,141681973+01:00
57.013958667
9.987164
0.1332
27.8
0.0
 
2019-03-08T18:11:55,145557846+01:00
57.01396
9.987165
0.1476
28.1
0.0
 
2019-03-08T18:11:56,140303045+01:00
57.013961167
9.987165833
0.0612
28.4
0.0
 
2019-03-08T18:11:57,145185344+01:00
57.013962167
9.9871665
0.0432
28.7
0.0
 
2019-03-08T18:11:58,141419692+01:00
57.013963333
9.987167167
0.0864
29.0
0.0
 
2019-03-08T18:11:59,148714907+01:00
57.013963667
9.987168
0.09
29.3
0.0
 
2019-03-08T18:12:00,143842266+01:00
57.013964
9.987169
0.0072
29.6
0.0
 
2019-03-08T18:12:01,155894950+01:00
57.0139645
9.98717
0.0468
29.8
0.0
 
2019-03-08T18:12:02,150620472+01:00
57.013965
9.987171
0.0828
30.1
0.0
 
2019-03-08T18:12:03,148298097+01:00
57.013965167
9.987171833
0.0792
30.4
0.0
 
2019-03-08T18:12:04,148376774+01:00
57.013965667
9.9871725
0.054
30.6
0.0
 
2019-03-08T18:12:05,168615577+01:00
57.013966167
9.9871735
0.072
30.8
0.0
 
2019-03-08T18:12:06,150426306+01:00
57.013966833
9.987174333
0.0252
31.2
0.0
 
2019-03-08T18:12:07,143942050+01:00
57.0139675
9.987174833
0.0432
31.4
0.0
 
2019-03-08T18:12:08,154051718+01:00
57.013968333
9.987175667
0.0756
31.7
0.0
 
2019-03-08T18:12:12,152310289+01:00
57.0138375
9.987196333
0.342
56.4
0.0
 
2019-03-08T18:12:13,148503735+01:00
57.013853167
9.987151833
0.054
48.2
0.0
 
2019-03-08T18:12:14,169914297+01:00
57.013896333
9.987152833
0.0864
43.0
0.0
 
2019-03-08T18:12:15,171060548+01:00
57.013901167
9.9871545
0.0288
42.4
0.0
 
2019-03-08T18:12:16,157475606+01:00
57.013915667
9.987153333
0.0504
41.5
0.0
 
2019-03-08T18:12:17,164355144+01:00
57.013921667
9.987154
0.054
40.6
0.0
 
2019-03-08T18:12:18,150164049+01:00
57.013917833
9.987152167
0.0252
40.7
0.0
 
2019-03-08T18:12:19,151682950+01:00
57.013916
9.987152
0.1872
40.7
0.0
 
2019-03-08T18:12:20,156234374+01:00
57.013914
9.987151167
0.1476
40.5
0.0
 
2019-03-08T18:12:21,151490477+01:00
57.013912833
9.987148833
0.1872
40.2
0.0
 
2019-03-08T18:12:22,153748890+01:00
57.013911
9.987147
0.0576
39.9
0.0
 
2019-03-08T18:12:23,161082930+01:00
57.0139095
9.987145667
0.0432
39.5
0.0
 
2019-03-08T18:12:24,155104282+01:00
57.013908
9.987144833
0.1116
39.2
0.0
 
2019-03-08T18:12:25,162415331+01:00
57.013907
9.987143667
0.0936
38.9
0.0
 
2019-03-08T18:12:26,166173433+01:00
57.013906333
9.987143333
0.2448
38.6
0.0
 
2019-03-08T18:12:27,150434922+01:00
57.013905167
9.987142
0.0108
38.4
0.0
 
2019-03-08T18:12:28,154895080+01:00
57.0139035
9.9871415
0.2772
38.2
0.0
 
2019-03-08T18:12:29,155470621+01:00
57.013900667
9.987142
0.09
37.9
0.0
 
2019-03-08T18:12:30,165747497+01:00
57.013900167
9.987141833
0.1224
37.7
0.0
 
2019-03-08T18:12:31,146525435+01:00
57.013898167
9.987142833
0.072
37.5
0.0
 
2019-03-08T18:12:32,156218989+01:00
57.0138945
9.9871435
0.108
37.5
0.0
 
2019-03-08T18:12:33,155209742+01:00
57.013891833
9.987144167
0.1476
37.7
0.0
 
2019-03-08T18:12:34,152555369+01:00
57.013889167
9.987143667
0.2628
37.8
0.0
 
2019-03-08T18:12:35,151283189+01:00
57.013886833
9.987143333
0.1476
37.9
0.0
 
2019-03-08T18:12:36,176555587+01:00
57.013885167
9.9871425
0.0468
37.8
0.0
 
2019-03-08T18:12:37,147757631+01:00
57.0138845
9.987142167
0.0576
37.8
0.0
 
2019-03-08T18:12:38,154407671+01:00
57.013883167
9.987141833
0.1152
37.8
0.0
 
2019-03-08T18:12:39,153392828+01:00
57.013880333
9.9871415
0.1332
37.8
0.0
 
2019-03-08T18:12:40,151578598+01:00
57.013878667
9.9871415
0.0648
37.8
0.0
 
2019-03-08T18:12:41,152174096+01:00
57.013876333
9.987141
0.0828
37.9
0.0
 
2019-03-08T18:12:42,151901899+01:00
57.013874667
9.987141
0.1656
38.0
0.0
 
2019-03-08T18:12:43,150623852+01:00
57.013872167
9.9871405
0.1548
37.9
0.0
 
2019-03-08T18:12:44,155228350+01:00
57.01387
9.9871405
0.0252
37.8
0.0
 
2019-03-08T18:12:45,158377376+01:00
57.013868333
9.987140167
0.162
37.7
0.0
 
2019-03-08T18:12:46,154965578+01:00
57.0138665
9.987139833
0.1908
37.6
0.0
 
2019-03-08T18:12:47,155580408+01:00
57.0138645
9.987139833
0.1404
37.6
0.0
 
2019-03-08T18:12:48,155512542+01:00
57.013863333
9.987140167
0.0432
37.6
0.0
 
2019-03-08T18:12:49,156660295+01:00
57.013861
9.987139833
0.27
37.6
0.0
 
2019-03-08T18:12:50,158387846+01:00
57.013856833
9.987139833
0.2736
37.5
0.0
 
2019-03-08T18:12:51,151679093+01:00
57.013851833
9.98714
0.7164
37.4
0.0
 
2019-03-08T18:12:52,155848183+01:00
57.013848833
9.98714
0.4968
37.3
0.0
 
2019-03-08T18:12:53,152993160+01:00
57.013845167
9.9871395
0.1116
37.3
0.0
 
2019-03-08T18:12:54,162815594+01:00
57.013841333
9.987139167
0.306
37.2
0.0
 
2019-03-08T18:12:55,168677001+01:00
57.013839333
9.987138833
0.0576
37.1
0.0
 
2019-03-08T18:12:56,162685279+01:00
57.013837
9.987139
0.2232
36.9
0.0
 
2019-03-08T18:12:57,166690275+01:00
57.013833333
9.987138833
0.2232
36.9
0.0
 
2019-03-08T18:12:58,153816029+01:00
57.013830667
9.987138667
0.09
36.9
0.0
 
2019-03-08T18:12:59,154545815+01:00
57.013827
9.987139167
0.4464
36.9
0.0
 
2019-03-08T18:13:00,160604339+01:00
57.013823333
9.9871395
0.3456
36.7
0.0
 
2019-03-08T18:13:01,161998287+01:00
57.01382
9.987139667
0.1044
36.6
0.0
 
2019-03-08T18:13:02,165062570+01:00
57.013816333
9.987139667
0.5832
36.5
0.0
 
2019-03-08T18:13:03,169397796+01:00
57.013810667
9.987139
0.2772
36.4
0.0
 
2019-03-08T18:13:04,162239465+01:00
57.013806833
9.987139333
0.3096
36.2
0.0
 
2019-03-08T18:13:05,163135155+01:00
57.0138035
9.9871395
0.0936
36.1
0.0
 
2019-03-08T18:13:06,168374383+01:00
57.013801
9.987139667
0.0972
36.0
0.0
 
2019-03-08T18:13:07,163304750+01:00
57.013796
9.98714
0.72
35.9
0.0
 
2019-03-08T18:13:08,168081709+01:00
57.013790167
9.987139833
0.6228
35.6
0.0
 
2019-03-08T18:13:09,182611232+01:00
57.013785333
9.987139667
0.2808
35.4
0.0
 
2019-03-08T18:13:10,185396186+01:00
57.013783
9.987140167
0.0576
35.2
0.0
 
2019-03-08T18:13:11,181483465+01:00
57.013782333
9.987141
0.2592
35.2
0.0
 
2019-03-08T18:13:12,172028611+01:00
57.013782
9.987142
0.126
35.1
0.0
 
2019-03-08T18:13:13,170087321+01:00
57.013782167
9.987143
0.2232
35.1
0.0
 
2019-03-08T18:13:17,165632564+01:00
57.0135735
9.987202833
0.162
26.4
0.0
 
2019-03-08T18:13:18,168633562+01:00
57.013611833
9.987205333
0.0864
25.1
0.0
 
2019-03-08T18:13:19,173736686+01:00
57.013630667
9.987199667
0.4932
24.6
0.0
 
2019-03-08T18:13:20,175568080+01:00
57.013677333
9.987195167
0.0792
25.4
0.0
 
2019-03-08T18:13:21,173584254+01:00
57.013712833
9.987197
0.342
25.9
0.0
 
2019-03-08T18:13:22,171820132+01:00
57.013745
9.987199
0.684
26.2
0.0
 
2019-03-08T18:13:23,172509726+01:00
57.0137565
9.987198167
0.2016
26.3
0.0
 
2019-03-08T18:13:24,172116960+01:00
57.013765
9.987198333
0.1404
26.4
0.0
 
2019-03-08T18:13:25,181232507+01:00
57.013772167
9.987197333
0.2376
26.7
0.0
 
2019-03-08T18:13:26,175103434+01:00
57.013781333
9.987195833
0.5184
27.1
0.0
 
2019-03-08T18:13:27,170962369+01:00
57.013788
9.987196
0.144
27.3
0.0
 
2019-03-08T18:13:28,171968108+01:00
57.013794
9.9871965
0.1512
27.5
0.0
 
2019-03-08T18:13:29,160216438+01:00
57.013799
9.987193333
0.702
28.2
0.0
 
2019-03-08T18:13:30,193283186+01:00
57.013801667
9.987193167
0.7596
28.6
0.0
 
2019-03-08T18:13:31,170390241+01:00
57.013806667
9.987192
0.234
28.7
0.0
 
2019-03-08T18:13:32,173923866+01:00
57.013813
9.987190333
0.1332
28.5
0.0
 
2019-03-08T18:13:33,167109061+01:00
57.013819
9.987189667
0.2988
28.7
0.0
 
2019-03-08T18:13:34,181942516+01:00
57.013824833
9.9871885
0.2772
28.8
0.0
 
2019-03-08T18:13:35,168649581+01:00
57.01383
9.987187333
0.09
28.9
0.0
 
2019-03-08T18:13:36,179402269+01:00
57.013833667
9.987186
0.2016
29.1
0.0
 
2019-03-08T18:13:37,173670293+01:00
57.01384
9.987184833
0.504
29.4
0.0
 
2019-03-08T18:13:38,170744583+01:00
57.013846167
9.987184
0.1044
29.7
0.0
 
2019-03-08T18:13:39,172327497+01:00
57.013848833
9.987184667
0.1116
29.4
0.0
 
2019-03-08T18:13:40,178201223+01:00
57.013856
9.987184
0.0972
29.5
0.0
 
2019-03-08T18:13:41,170999824+01:00
57.013862833
9.987182833
0.036
29.7
0.0
 
2019-03-08T18:13:42,185392327+01:00
57.0138665
9.987181667
0.0108
29.6
0.0
 
2019-03-08T18:13:43,177692155+01:00
57.013872167
9.987180667
0.0504
29.4
0.0
 
2019-03-08T18:13:44,176839811+01:00
57.013876667
9.987179833
0.1152
29.4
0.0
 
2019-03-08T18:13:45,194909322+01:00
57.013881833
9.987178833
0.2988
29.4
0.0
 
2019-03-08T18:13:46,180493982+01:00
57.013885
9.987178167
0.144
29.3
0.0
 
2019-03-08T18:13:47,171186550+01:00
57.013888833
9.987176833
0.0468
29.2
0.0
 
2019-03-08T18:13:48,176804846+01:00
57.013892333
9.9871755
0.0792
29.1
0.0
 
2019-03-08T18:13:49,181263956+01:00
57.013894667
9.987174
0.1404
28.9
0.0
 
2019-03-08T18:13:50,179307816+01:00
57.013898333
9.987173
0.1296
28.8
0.0
 
2019-03-08T18:13:51,176682547+01:00
57.013902
9.987172667
0.036
28.9
0.0
 
2019-03-08T18:13:52,178631303+01:00
57.013906333
9.987172333
0.0468
28.8
0.0
 
2019-03-08T18:13:53,178923072+01:00
57.013911
9.9871715
0.1044
28.8
0.0
 
2019-03-08T18:13:54,178600648+01:00
57.013915
9.987170667
0.108
28.8
0.0
 
2019-03-08T18:13:55,179639835+01:00
57.013918833
9.9871705
0.0432
28.8
0.0
 
2019-03-08T18:13:56,179579152+01:00
57.013922833
9.987169667
0.1548
28.8
0.0
 
2019-03-08T18:13:57,172494981+01:00
57.013926833
9.987168667
0.0576
28.8
0.0
 
2019-03-08T18:13:58,175213477+01:00
57.013930333
9.987167833
0.108
28.8
0.0
 
2019-03-08T18:13:59,174854248+01:00
57.013933167
9.987167
0.0864
28.8
0.0
 
2019-03-08T18:14:00,176679494+01:00
57.013936167
9.9871655
0.0648
28.8
0.0
 
2019-03-08T18:14:01,173677670+01:00
57.0139385
9.9871645
0.0504
28.7
0.0
 
2019-03-08T18:14:02,176379283+01:00
57.013941167
9.987163667
0.0504
28.7
0.0
 
2019-03-08T18:14:03,175076272+01:00
57.013945333
9.9871635
0.0864
28.7
0.0
 
2019-03-08T18:14:04,174913925+01:00
57.013949167
9.987163333
0.1656
28.6
0.0
 
2019-03-08T18:14:05,171176995+01:00
57.013953333
9.987163333
0.162
28.6
0.0
 
2019-03-08T18:14:06,180230658+01:00
57.0139575
9.987162667
0.0828
28.6
0.0
 
2019-03-08T18:14:07,175550511+01:00
57.013961333
9.9871615
0.072
28.6
0.0
 
2019-03-08T18:14:08,177866107+01:00
57.013965
9.9871605
0.0036
28.6
0.0
 
2019-03-08T18:14:09,177500859+01:00
57.013967833
9.9871595
0.0216
28.5
0.0
 
2019-03-08T18:14:10,176804076+01:00
57.013970833
9.987158333
0.0864
28.4
0.0
 
2019-03-08T18:14:11,175750868+01:00
57.013973333
9.987157667
0.0288
28.4
0.0
 
2019-03-08T18:14:12,179735235+01:00
57.013975833
9.987156833
0.0432
28.3
0.0
 
2019-03-08T18:14:13,173353060+01:00
57.013978667
9.987156
0.126
28.3
0.0
 
2019-03-08T18:14:14,195259008+01:00
57.013979833
9.987155667
0.072
28.3
0.0
 
2019-03-08T18:14:15,178199102+01:00
57.013982
9.987154167
0.0612
28.3
0.0
 
2019-03-08T18:14:16,177430671+01:00
57.013984333
9.987153
0.0396
28.3
0.0
 
2019-03-08T18:14:17,174431183+01:00
57.013986167
9.987152
0.1044
28.4
0.0
 
2019-03-08T18:14:18,185816945+01:00
57.013988167
9.9871505
0.0792
28.4
0.0
 
2019-03-08T18:14:22,184639560+01:00
57.013921
9.9871555
0.0612
16.4
0.0
 
2019-03-08T18:14:23,187907064+01:00
57.0139685
9.987132833
0.1224
20.6
0.0
 
2019-03-08T18:14:24,191432565+01:00
57.013991667
9.987126
9.4068
23.4
nan
 
2019-03-08T18:14:25,182869147+01:00
57.014003667
9.987122
0.054
24.3
0.0
 
2019-03-08T18:14:26,189288541+01:00
57.014012
9.987117167
0.2268
25.1
0.0
 
2019-03-08T18:14:27,193533439+01:00
57.014016167
9.987112167
0.1044
25.4
0.0
 
2019-03-08T18:14:28,187475700+01:00
57.014018667
9.98711
0.0576
25.9
0.0
 
2019-03-08T18:14:29,193782011+01:00
57.014020667
9.987109167
0.0612
26.3
0.0
 
2019-03-08T18:14:30,191558334+01:00
57.014021833
9.987107833
0.0936
26.1
0.0
 
2019-03-08T18:14:31,190916776+01:00
57.0140215
9.987108667
0.0504
26.2
0.0
 
2019-03-08T18:14:32,188208697+01:00
57.014021333
9.987107167
0.036
26.3
0.0
 
2019-03-08T18:14:33,194068753+01:00
57.014020333
9.987108
0.09
26.0
0.0
 
2019-03-08T18:14:34,184025655+01:00
57.014019167
9.987109833
0.1044
26.1
0.0
 
2019-03-08T18:14:35,180745494+01:00
57.01402
9.9871105
0.09
26.4
0.0
 
2019-03-08T18:14:36,194536012+01:00
57.0140195
9.987111
0.0396
26.4
0.0
 
2019-03-08T18:14:37,181584141+01:00
57.014019167
9.987112
0.09
26.5
0.0
 
2019-03-08T18:14:38,195718471+01:00
57.014019667
9.987113333
0.1764
26.6
0.0
 
2019-03-08T18:14:39,183199284+01:00
57.014019167
9.987114333
0.054
26.7
0.0
 
2019-03-08T18:14:40,183832735+01:00
57.0140185
9.987115667
0.0324
27.0
0.0
 
2019-03-08T18:14:41,184447914+01:00
57.014017333
9.987117
0.1512
27.1
0.0
 
2019-03-08T18:14:42,216785813+01:00
57.014016833
9.987117667
0.1368
27.1
0.0
 
2019-03-08T18:14:43,182692465+01:00
57.014017167
9.987118833
0.126
27.2
0.0
 
2019-03-08T18:14:44,186719169+01:00
57.014017167
9.9871195
0.108
27.3
0.0
 
2019-03-08T18:14:45,184344824+01:00
57.0140175
9.987120333
0.144
27.4
0.0
 
2019-03-08T18:14:46,200406959+01:00
57.014018667
9.987120333
0.0468
27.5
0.0
 
2019-03-08T18:14:47,185662251+01:00
57.014019
9.987120667
0.0648
27.6
0.0
 
2019-03-08T18:14:48,190696977+01:00
57.014017833
9.987120667
0.126
27.5
0.0
 
2019-03-08T18:14:49,180630819+01:00
57.014016333
9.987121333
0.0576
27.4
0.0
 
2019-03-08T18:14:50,189466406+01:00
57.014016
9.987121667
0.072
27.5
0.0
 
2019-03-08T18:14:51,179200028+01:00
57.0140145
9.987121833
0.0756
27.4
0.0
 
2019-03-08T18:14:52,204354729+01:00
57.014013833
9.987122167
0.0972
27.4
0.0
 
2019-03-08T18:14:53,192366494+01:00
57.014012667
9.987122
0.0324
27.3
0.0
 
2019-03-08T18:14:54,187855716+01:00
57.014012
9.987121667
0.0432
27.3
0.0
 
2019-03-08T18:14:55,186869434+01:00
57.014010667
9.987121667
0.1152
27.3
0.0
 
2019-03-08T18:14:56,197303547+01:00
57.014009167
9.9871225
0.216
27.4
0.0
 
2019-03-08T18:14:57,185250359+01:00
57.014008167
9.987123833
0.1008
27.6
0.0
 
2019-03-08T18:14:58,195239314+01:00
57.014006833
9.987124667
0.0324
27.8
0.0
 
2019-03-08T18:14:59,186484433+01:00
57.014005333
9.987124833
0.0432
27.8
0.0
 
2019-03-08T18:15:00,192657436+01:00
57.014004
9.987124167
0.0864
27.8
0.0
 
2019-03-08T18:15:01,188329632+01:00
57.014002
9.987124833
0.1188
27.8
0.0
 
2019-03-08T18:15:02,190640560+01:00
57.0140005
9.9871255
0.2484
27.9
0.0
 
2019-03-08T18:15:03,184814735+01:00
57.0139985
9.987126167
0.1728
27.8
0.0
 
2019-03-08T18:15:04,196769227+01:00
57.013997667
9.987126
0.0648
27.9
0.0
 
2019-03-08T18:15:05,190952888+01:00
57.013996833
9.9871265
0.1512
28.1
0.0
 
2019-03-08T18:15:06,195779138+01:00
57.0139965
9.987127
0.1188
28.3
0.0
 
2019-03-08T18:15:07,185114158+01:00
57.013996333
9.9871265
0.0612
28.5
0.0
 
2019-03-08T18:15:08,189720068+01:00
57.013995833
9.9871265
0.126
28.6
0.0
 
2019-03-08T18:15:09,189667735+01:00
57.013994833
9.987126667
0.0324
28.6
0.0
 
2019-03-08T18:15:10,190447923+01:00
57.013994333
9.987126833
0.0648
28.7
0.0
 
2019-03-08T18:15:11,191894447+01:00
57.013993167
9.987127333
0.0828
28.8
0.0
 
2019-03-08T18:15:12,193568222+01:00
57.013991833
9.987126667
0.0288
28.8
0.0
 
2019-03-08T18:15:13,190126013+01:00
57.013990667
9.9871265
0.036
28.8
0.0
 
2019-03-08T18:15:14,193118668+01:00
57.013989667
9.987126167
0.1152
28.7
0.0
 
2019-03-08T18:15:15,194635869+01:00
57.013988
9.9871255
0.0252
28.6
0.0
 
2019-03-08T18:15:16,192553287+01:00
57.013986667
9.987124667
0.0576
28.5
0.0
 
2019-03-08T18:15:17,199724491+01:00
57.013986167
9.987124333
0.1728
28.5
0.0
 
2019-03-08T18:15:18,192196985+01:00
57.013986
9.987125
0.0216
28.6
0.0
 
2019-03-08T18:15:19,206861249+01:00
57.0139855
9.9871255
0.0936
28.5
0.0
 
2019-03-08T18:15:20,192838574+01:00
57.013984833
9.987126333
0.1008
28.5
0.0
 
2019-03-08T18:15:21,191020990+01:00
57.0139835
9.987127333
0.1836
28.5
0.0
 
2019-03-08T18:15:22,195167312+01:00
57.013982333
9.987127667
0.1008
28.5
0.0
 
2019-03-08T18:15:23,194167666+01:00
57.0139815
9.987128
0.0468
28.4
0.0
 
2019-03-08T18:15:27,198438763+01:00
57.013796167
9.9872305
0.0216
11.6
0.0
 
2019-03-08T18:15:28,202492613+01:00
57.013834
9.987211833
0.324
15.5
0.0
 
2019-03-08T18:15:29,199586464+01:00
57.013860333
9.987193167
0.0684
18.3
0.0
 
2019-03-08T18:15:30,202924980+01:00
57.013883
9.9871795
0.1404
20.1
0.0
 
2019-03-08T18:15:31,203206224+01:00
57.0138925
9.987174167
0.0396
20.9
0.0
 
2019-03-08T18:15:32,203842621+01:00
57.013906333
9.9871635
0.198
22.0
0.0
 
2019-03-08T18:15:33,201658747+01:00
57.01392
9.987151
0.1044
23.0
0.0
 
2019-03-08T18:15:34,191513624+01:00
57.013928167
9.987144833
0.1368
24.1
0.0
 
2019-03-08T18:15:35,194012355+01:00
57.013938667
9.987137833
0.2844
25.3
0.0
 
2019-03-08T18:15:36,195299967+01:00
57.0139445
9.987133667
0.2088
26.0
0.0
 
2019-03-08T18:15:37,197880452+01:00
57.013948167
9.987131167
0.09
26.5
0.0
 
2019-03-08T18:15:38,199572682+01:00
57.013952167
9.987127333
0.1548
26.9
0.0
 
2019-03-08T18:15:39,193010367+01:00
57.013955333
9.987123333
0.054
27.3
0.0
 
2019-03-08T18:15:40,193424774+01:00
57.013960333
9.987119
0.288
27.7
0.0
 
2019-03-08T18:15:41,196165335+01:00
57.013965833
9.987113167
0.0972
28.2
0.0
 
2019-03-08T18:15:42,208338431+01:00
57.013965167
9.987111833
0.1044
28.0
0.0
 
2019-03-08T18:15:43,203525998+01:00
57.013966167
9.98711
0.1476
28.1
0.0
 
2019-03-08T18:15:44,197901447+01:00
57.013966333
9.987107667
0.252
28.3
0.0
 
2019-03-08T18:15:45,200749072+01:00
57.013967333
9.987106
0.018
28.4
0.0
 
2019-03-08T18:15:46,192269293+01:00
57.0139695
9.987104
0.2808
28.6
0.0
 
2019-03-08T18:15:47,191622495+01:00
57.013975833
9.9870995
0.9216
29.2
0.0
 
2019-03-08T18:15:48,195926551+01:00
57.013982
9.987095167
0.882
29.8
0.0
 
2019-03-08T18:15:49,188445177+01:00
57.013987
9.987091667
0.864
30.6
0.0
 
2019-03-08T18:15:50,190871698+01:00
57.013989667
9.98709
0.8388
30.9
0.0
 
2019-03-08T18:15:51,192461435+01:00
57.013992833
9.987087333
0.7848
31.3
0.0
 
2019-03-08T18:15:52,197319303+01:00
57.013997
9.987084667
0.774
31.8
0.0
 
2019-03-08T18:15:53,199550637+01:00
57.013999667
9.987082667
0.4104
32.1
0.0
 
2019-03-08T18:15:54,194833554+01:00
57.014000833
9.987082167
0.5868
32.3
0.0
 
2019-03-08T18:15:55,191720722+01:00
57.014003167
9.987080167
0.6372
32.6
0.0
 
2019-03-08T18:15:56,198594715+01:00
57.014005833
9.987078167
0.5184
32.9
0.0
 
2019-03-08T18:15:57,196272276+01:00
57.014008
9.987075667
0.594
33.2
0.0
 
2019-03-08T18:15:58,199722459+01:00
57.014003
9.9870775
0.0684
32.6
0.0
 
2019-03-08T18:15:59,202770209+01:00
57.0139975
9.987079833
0.2484
32.2
0.0
 
2019-03-08T18:16:00,199129658+01:00
57.0139915
9.987083167
0.2808
31.7
0.0
 
2019-03-08T18:16:01,196555090+01:00
57.013989833
9.987083
0.2484
31.7
0.0
 
2019-03-08T18:16:02,197758479+01:00
57.013987167
9.987084833
0.1152
31.6
0.0
 
2019-03-08T18:16:03,208157855+01:00
57.013991667
9.987081
0.72
32.0
0.0
 
2019-03-08T18:16:04,203536030+01:00
57.013994333
9.987076667
0.8136
32.3
0.0
 
2019-03-08T18:16:05,204438186+01:00
57.0139665
9.987096
0.0792
29.3
0.0
 
2019-03-08T18:16:06,199292338+01:00
57.0139575
9.987101833
0.2628
28.4
0.0
 
2019-03-08T18:16:07,212218378+01:00
57.013948333
9.987108667
0.0684
27.4
0.0
 
2019-03-08T18:16:08,197932539+01:00
57.013939667
9.987115
0.144
26.7
0.0
 
2019-03-08T18:16:09,208639227+01:00
57.013933833
9.9871185
0.1656
26.3
0.0
 
2019-03-08T18:16:10,201525761+01:00
57.013929167
9.987120167
0.0612
26.0
0.0
 
2019-03-08T18:16:11,198120854+01:00
57.013925167
9.987121167
0.108
25.7
0.0
 
2019-03-08T18:16:12,199471146+01:00
57.013921667
9.9871225
0.1584
25.5
0.0
 
2019-03-08T18:16:13,195990151+01:00
57.013918167
9.9871235
0.0288
25.5
0.0
 
2019-03-08T18:16:14,205909570+01:00
57.013914167
9.987125333
0.1944
25.3
0.0
 
2019-03-08T18:16:15,194653748+01:00
57.013910167
9.987126333
0.018
25.1
0.0
 
2019-03-08T18:16:16,204040248+01:00
57.013908333
9.987126
0.2736
25.3
0.0
 
2019-03-08T18:16:17,205797260+01:00
57.013906333
9.987126
0.0576
25.2
0.0
 
2019-03-08T18:16:18,204670424+01:00
57.013904833
9.987126167
0.2268
25.3
0.0
 
2019-03-08T18:16:19,214673477+01:00
57.013899833
9.987129
0.1404
25.0
0.0
 
2019-03-08T18:16:20,204964131+01:00
57.0138985
9.987128833
0.3492
25.2
0.0
 
2019-03-08T18:16:21,205491926+01:00
57.013898333
9.987128667
0.0936
25.4
0.0
 
2019-03-08T18:16:22,202169678+01:00
57.013897833
9.987128667
0.0792
25.6
0.0
 
2019-03-08T18:16:23,204662590+01:00
57.013897167
9.987128833
0.1116
25.8
0.0
 
2019-03-08T18:16:24,227209071+01:00
57.013897
9.987129
0.1296
25.9
0.0
 
2019-03-08T18:16:25,209217061+01:00
57.013896667
9.987129167
0.0756
26.0
0.0
 
2019-03-08T18:16:26,204876556+01:00
57.013895833
9.987129167
0.126
26.3
0.0
 
2019-03-08T18:16:27,204903898+01:00
57.013894
9.9871295
0.2412
26.5
0.0
 
2019-03-08T18:16:28,222280801+01:00
57.013893667
9.9871305
0.0324
26.5
0.0
 
2019-03-08T18:16:32,206960400+01:00
57.013922167
9.987149333
0.2052
17.0
0.0
 
2019-03-08T18:16:33,211287341+01:00
57.013908
9.987143167
5.8356
19.2
nan
 
2019-03-08T18:16:34,208680515+01:00
57.013903167
9.9871415
0.1368
21.0
0.0
 
2019-03-08T18:16:35,224185930+01:00
57.013887667
9.987138
0.0576
23.9
0.0
 
2019-03-08T18:16:36,218640082+01:00
57.013884167
9.987138167
0.2088
24.5
0.0
 
2019-03-08T18:16:37,209149974+01:00
57.013891333
9.987140167
0.63
23.9
0.0
 
2019-03-08T18:16:38,209911698+01:00
57.013893667
9.987143333
0.504
23.4
0.0
 
2019-03-08T18:16:39,212168595+01:00
57.013894833
9.987145333
0.1908
23.4
0.0
 
2019-03-08T18:16:40,207236278+01:00
57.013890667
9.987143
0.4536
24.5
0.0
 
2019-03-08T18:16:41,204550091+01:00
57.013888167
9.987142167
0.4176
25.4
0.0
 
2019-03-08T18:16:42,206004268+01:00
57.013887833
9.987141833
0.3672
25.5
0.0
 
2019-03-08T18:16:43,210451389+01:00
57.013888
9.987141667
0.1872
25.4
0.0
 
2019-03-08T18:16:44,204497846+01:00
57.013887333
9.987141167
0.1872
25.6
0.0
 
2019-03-08T18:16:45,217693062+01:00
57.013886667
9.987140333
0.036
26.0
0.0
 
2019-03-08T18:16:46,209125459+01:00
57.013883167
9.987139333
0.0684
26.5
0.0
 
2019-03-08T18:16:47,207706001+01:00
57.013883833
9.987140333
0.1404
26.2
0.0
 
2019-03-08T18:16:48,215127121+01:00
57.013882833
9.987141333
0.0828
26.2
0.0
 
2019-03-08T18:16:49,208964610+01:00
57.013881333
9.987142
0.2124
26.2
0.0
 
2019-03-08T18:16:50,210623234+01:00
57.013879667
9.9871425
0.0684
26.4
0.0
 
2019-03-08T18:16:51,210865412+01:00
57.013878333
9.987142667
0.0972
26.7
0.0
 
2019-03-08T18:16:52,211997212+01:00
57.013877833
9.987144167
0.2268
26.7
0.0
 
2019-03-08T18:16:53,206862550+01:00
57.013877333
9.987145333
0.0612
26.9
0.0
 
2019-03-08T18:16:54,211029443+01:00
57.013877333
9.987145667
0.0504
26.9
0.0
 
2019-03-08T18:16:55,213774788+01:00
57.013877333
9.987146667
0.0396
27.0
0.0
 
2019-03-08T18:16:56,232788234+01:00
57.013876667
9.987147
0.162
27.1
0.0
 
2019-03-08T18:16:57,209884268+01:00
57.013877167
9.987148
0.0936
27.1
0.0
 
2019-03-08T18:16:58,215862153+01:00
57.013878167
9.9871505
0.0216
27.0
0.0
 
2019-03-08T18:16:59,212923018+01:00
57.0138775
9.987151833
0.2016
26.9
0.0
 
2019-03-08T18:17:00,212758387+01:00
57.0138765
9.9871525
0.4032
26.9
0.0
 
2019-03-08T18:17:01,212884235+01:00
57.013875833
9.987152833
0.0108
27.0
0.0
 
2019-03-08T18:17:02,212598869+01:00
57.013875167
9.987153
0.0108
27.1
0.0
 
2019-03-08T18:17:03,212866702+01:00
57.013874167
9.9871535
0.0612
27.2
0.0
 
2019-03-08T18:17:04,211071589+01:00
57.013873167
9.987153667
0.162
27.3
0.0
 
2019-03-08T18:17:05,213505414+01:00
57.013873167
9.987153667
0.3816
27.4
0.0
 
2019-03-08T18:17:06,233111852+01:00
57.013872667
9.987154
0.1296
27.5
0.0
 
2019-03-08T18:17:07,223251250+01:00
57.013873333
9.987154
0.522
27.7
0.0
 
2019-03-08T18:17:08,236731625+01:00
57.013873
9.987153833
0.0324
27.6
0.0
 
2019-03-08T18:17:09,222117000+01:00
57.0138725
9.987153667
0.0144
27.5
0.0
 
2019-03-08T18:17:10,214568443+01:00
57.013871333
9.987152833
0.0792
27.6
0.0
 
2019-03-08T18:17:11,219037080+01:00
57.0138705
9.987152333
0.054
27.5
0.0
 
2019-03-08T18:17:12,248282062+01:00
57.013868667
9.987152
0.3636
27.4
0.0
 
2019-03-08T18:17:13,210994160+01:00
57.013866333
9.987151667
0.6012
27.2
0.0
 
2019-03-08T18:17:14,218193288+01:00
57.013864667
9.987150833
0.2196
27.0
0.0
 
2019-03-08T18:17:15,214039144+01:00
57.013862167
9.987149667
0.108
27.1
0.0
 
2019-03-08T18:17:16,220078801+01:00
57.013861
9.987149333
0.1944
27.0
0.0
 
2019-03-08T18:17:17,214493680+01:00
57.013859333
9.987149333
0.0216
26.7
0.0
 
2019-03-08T18:17:18,217310996+01:00
57.013857667
9.987148833
0.1656
26.4
0.0
 
2019-03-08T18:17:19,217106755+01:00
57.013856333
9.987148167
0.0396
26.3
0.0
 
2019-03-08T18:17:20,222671819+01:00
57.013856
9.987147667
0.0936
26.1
0.0
 
2019-03-08T18:17:21,216236742+01:00
57.013854667
9.9871475
0.054
25.9
0.0
 
2019-03-08T18:17:22,226211180+01:00
57.013854
9.987147833
0.0576
25.6
0.0
 
2019-03-08T18:17:23,221412136+01:00
57.013854333
9.987148167
0.072
25.3
0.0
 
2019-03-08T18:17:24,225598330+01:00
57.013854833
9.9871485
0.0972
24.9
0.0
 
2019-03-08T18:17:25,224066953+01:00
57.013855
9.987148167
0.0576
24.6
0.0
 
2019-03-08T18:17:26,219944883+01:00
57.013854333
9.987147667
0.0684
24.5
0.0
 
2019-03-08T18:17:27,217240264+01:00
57.013854667
9.987148667
0.0972
24.1
0.0
 
2019-03-08T18:17:28,218429745+01:00
57.013853
9.9871485
0.0216
23.8
0.0
 
2019-03-08T18:17:29,234239667+01:00
57.013851167
9.987147667
0.1476
23.5
0.0
 
2019-03-08T18:17:30,214441927+01:00
57.013849667
9.987147667
0.0972
23.3
0.0
 
2019-03-08T18:17:31,211512165+01:00
57.013848333
9.987147667
0.054
23.1
0.0
 
2019-03-08T18:17:32,224010353+01:00
57.013848333
9.987148
0.0972
22.8
0.0
 
2019-03-08T18:17:33,220450333+01:00
57.0138485
9.987149167
0.1404
22.5
0.0
 
2019-03-08T18:17:36,223033713+01:00
57.0138215
9.98713
2.214
21.8
0.0
 
2019-03-08T18:17:37,223902032+01:00
57.013862833
9.98713
0.1044
15.8
0.0
 
2019-03-08T18:17:38,229692214+01:00
57.013829167
9.987144
0.1188
17.8
0.0
 
2019-03-08T18:17:39,223805565+01:00
57.013831667
9.987154167
0.0756
18.4
0.0
 
2019-03-08T18:17:40,226768534+01:00
57.013833
9.987153
0.1764
17.3
0.0
 
2019-03-08T18:17:41,226090560+01:00
57.013832833
9.9871525
0.0756
17.1
0.0
 
2019-03-08T18:17:42,229334331+01:00
57.0138335
9.9871535
0.1548
17.0
0.0
 
2019-03-08T18:17:43,229503865+01:00
57.013835667
9.987153667
0.162
16.8
0.0
 
2019-03-08T18:17:44,223240877+01:00
57.013837667
9.987155333
0.108
16.5
0.0
 
2019-03-08T18:17:45,220774188+01:00
57.013835833
9.987158
0.162
15.9
0.0
 
2019-03-08T18:17:46,220537940+01:00
57.013837667
9.987158667
0.2412
15.5
0.0
 
2019-03-08T18:17:47,232102197+01:00
57.0138385
9.987159833
0.27
15.0
0.0
 
2019-03-08T18:17:48,227542847+01:00
57.0138375
9.987161167
0.0828
14.7
0.0
 
2019-03-08T18:17:49,218751845+01:00
57.013838
9.987162
0.0396
14.4
0.0
 
2019-03-08T18:17:50,222511717+01:00
57.013836833
9.987163833
0.1008
14.2
0.0
 
2019-03-08T18:17:51,226476389+01:00
57.013836167
9.987165333
0.0432
13.9
0.0
 
2019-03-08T18:17:52,224120916+01:00
57.013836667
9.987167
0.0864
13.8
0.0
 
2019-03-08T18:17:53,221985498+01:00
57.013837167
9.987166833
0.1476
13.8
0.0
 
2019-03-08T18:17:54,223462275+01:00
57.013835333
9.9871675
0.1584
13.6
0.0
 
2019-03-08T18:17:55,212380733+01:00
57.0138335
9.987168833
0.144
13.4
0.0
 
2019-03-08T18:17:56,208344189+01:00
57.0138345
9.9871705
0.2376
13.5
0.0
 
2019-03-08T18:17:57,207115033+01:00
57.013835667
9.987171667
0.0504
13.5
0.0
 
2019-03-08T18:17:58,216493570+01:00
57.0138345
9.9871735
0.1548
13.3
0.0
 
2019-03-08T18:17:59,208687485+01:00
57.013832833
9.987175333
0.0396
13.2
0.0
 
2019-03-08T18:18:00,202373030+01:00
57.013831667
9.987177167
0.0792
13.1
0.0
 
2019-03-08T18:18:01,210138264+01:00
57.013831
9.987179
0.1188
13.1
0.0
 
2019-03-08T18:18:02,201130620+01:00
57.013833
9.987181
0.0432
13.4
0.0
 
2019-03-08T18:18:03,196919906+01:00
57.013834833
9.987182
0.0864
13.7
0.0
 
2019-03-08T18:18:04,197559073+01:00
57.0138365
9.987183
0.09
13.9
0.0
 
2019-03-08T18:18:05,191104401+01:00
57.013838167
9.9871835
0.0576
14.1
0.0
 
2019-03-08T18:18:06,205444095+01:00
57.013839833
9.987183667
0.0288
14.3
0.0
 
2019-03-08T18:18:07,184279198+01:00
57.013840667
9.9871845
0.0288
14.5
0.0
 
2019-03-08T18:18:08,188997729+01:00
57.013842
9.9871845
0.0108
14.6
0.0
 
2019-03-08T18:18:09,187487089+01:00
57.0138435
9.987184667
0.0324
14.8
0.0
 
2019-03-08T18:18:10,188032062+01:00
57.013845
9.987185333
0.0684
15.0
0.0
 
2019-03-08T18:18:11,191862774+01:00
57.013846667
9.987185667
0.0612
15.3
0.0
 
2019-03-08T18:18:12,197925649+01:00
57.013847833
9.987186
0.0288
15.5
0.0
 
2019-03-08T18:18:13,180815714+01:00
57.013848833
9.987186
0.0396
15.6
0.0
 
2019-03-08T18:18:14,185681330+01:00
57.01385
9.987186167
0.1044
15.8
0.0
 
2019-03-08T18:18:15,181588142+01:00
57.013850667
9.987186
0.108
15.9
0.0
 
2019-03-08T18:18:16,183487746+01:00
57.0138515
9.987185667
0.0216
16.0
0.0
 
2019-03-08T18:18:17,176070566+01:00
57.013852
9.987185167
0.0072
16.1
0.0
 
2019-03-08T18:18:18,174532135+01:00
57.013853167
9.987184667
0.0252
16.3
0.0
 
2019-03-08T18:18:19,183646694+01:00
57.013855167
9.987183333
0.1188
16.6
0.0
 
2019-03-08T18:18:20,175632917+01:00
57.0138565
9.987181667
0.1044
16.8
0.0
 
2019-03-08T18:18:21,169891136+01:00
57.013857167
9.9871815
0.0288
16.9
0.0
 
2019-03-08T18:18:22,174445193+01:00
57.013858667
9.987181333
0.0936
17.1
0.0
 
2019-03-08T18:18:23,173932403+01:00
57.013859833
9.987180833
0.0504
17.4
0.0
 
2019-03-08T18:18:24,178788476+01:00
57.013861333
9.987180333
0.054
17.6
0.0
 
2019-03-08T18:18:25,167030715+01:00
57.013862667
9.987179333
0.0216
17.8
0.0
 
2019-03-08T18:18:26,170646438+01:00
57.013864833
9.987179167
0.1656
18.0
0.0
 
2019-03-08T18:18:27,166427103+01:00
57.013866833
9.987178667
0.0288
18.3
0.0
 
2019-03-08T18:18:28,171662557+01:00
57.013868833
9.987177833
0.072
18.5
0.0
 
2019-03-08T18:18:29,163508526+01:00
57.013870667
9.987176333
0.1008
18.7
0.0
 
2019-03-08T18:18:30,171453114+01:00
57.013871167
9.987175
0.1116
18.7
0.0
 
2019-03-08T18:18:31,174376272+01:00
57.013871833
9.987174
0.0432
18.9
0.0
 
2019-03-08T18:18:32,167050936+01:00
57.013872833
9.987172833
0.0576
19.0
0.0
 
2019-03-08T18:18:33,165228328+01:00
57.013874167
9.987171667
0.0108
19.1
0.0
 
2019-03-08T18:18:34,197991823+01:00
57.013876167
9.987170667
0.054
19.3
0.0
 
2019-03-08T18:18:35,161869682+01:00
57.013878333
9.987170333
0.0936
19.5
0.0
 
2019-03-08T18:18:36,161175733+01:00
57.0138805
9.987170667
0.0144
19.8
0.0
 
2019-03-08T18:18:37,158338695+01:00
57.013882333
9.987170667
0.0432
20.0
0.0
 
2019-03-08T18:18:41,209347794+01:00
57.013918333
9.987174167
0.0324
33.4
0.0
 
2019-03-08T18:18:42,164013791+01:00
57.013914333
9.987191333
0.0504
30.1
0.0
 
2019-03-08T18:18:43,171489948+01:00
57.013939167
9.987192667
0.09
29.1
0.0
 
2019-03-08T18:18:44,167703902+01:00
57.013948667
9.987193333
0.126
29.3
0.0
 
2019-03-08T18:18:45,161676075+01:00
57.013951667
9.987194167
0.0432
29.5
0.0
 
2019-03-08T18:18:46,162812093+01:00
57.013953167
9.9871955
0.1584
29.3
0.0
 
2019-03-08T18:18:47,157622965+01:00
57.0139515
9.987198
0.1656
30.0
0.0
 
2019-03-08T18:18:48,168438596+01:00
57.013950333
9.987202167
0.1764
30.2
0.0
 
2019-03-08T18:18:49,152243747+01:00
57.013952667
9.9872035
0.2232
30.3
0.0
 
2019-03-08T18:18:50,167078326+01:00
57.013952167
9.987203667
0.1512
30.3
0.0
 
2019-03-08T18:18:51,157717216+01:00
57.013951333
9.987203833
0.108
29.9
0.0
 
2019-03-08T18:18:52,161693870+01:00
57.013952833
9.987204167
0.108
29.7
0.0
 
2019-03-08T18:18:53,152935557+01:00
57.013955333
9.9872055
0.0216
29.9
0.0
 
2019-03-08T18:18:54,158742590+01:00
57.0139575
9.987207167
0.1008
29.9
0.0
 
2019-03-08T18:18:55,155165716+01:00
57.013959833
9.9872085
0.036
29.9
0.0
 
2019-03-08T18:18:56,155867373+01:00
57.013960667
9.98721
0.0432
29.8
0.0
 
2019-03-08T18:18:57,151204954+01:00
57.0139605
9.987211833
0.0468
29.8
0.0
 
2019-03-08T18:18:58,151234567+01:00
57.013962
9.987212167
0.1152
29.5
0.0
 
2019-03-08T18:18:59,155936238+01:00
57.013959833
9.987212167
0.1152
29.7
0.0
 
2019-03-08T18:19:00,157871334+01:00
57.013958
9.987213333
0.09
29.6
0.0
 
2019-03-08T18:19:01,150718329+01:00
57.013954333
9.987216167
0.054
29.4
0.0
 
2019-03-08T18:19:02,151557706+01:00
57.013952
9.9872185
0.0684
29.4
0.0
 
2019-03-08T18:19:03,162784863+01:00
57.013949833
9.987220333
0.0612
29.3
0.0
 
2019-03-08T18:19:04,159394922+01:00
57.013949167
9.987222
0.0504
29.2
0.0
 
2019-03-08T18:19:05,155346454+01:00
57.0139475
9.9872235
0.1368
29.2
0.0
 
2019-03-08T18:19:06,159364325+01:00
57.013946833
9.987224333
0.126
29.1
0.0
 
2019-03-08T18:19:07,146014005+01:00
57.013944833
9.987225167
0.0396
29.1
0.0
 
2019-03-08T18:19:08,149011482+01:00
57.0139435
9.987225667
0.198
29.0
0.0
 
2019-03-08T18:19:09,158105476+01:00
57.013942167
9.9872255
0.0504
29.0
0.0
 
2019-03-08T18:19:10,143831170+01:00
57.013941333
9.9872245
0.0432
28.9
0.0
 
2019-03-08T18:19:11,141186257+01:00
57.01394
9.987223833
0.054
28.7
0.0
 
2019-03-08T18:19:12,148929776+01:00
57.013939667
9.987224333
0.1332
28.7
0.0
 
2019-03-08T18:19:13,146602659+01:00
57.013939167
9.987225
0.1116
28.6
0.0
 
2019-03-08T18:19:14,153700142+01:00
57.013938833
9.987225667
0.0432
28.5
0.0
 
2019-03-08T18:19:15,160647420+01:00
57.013937333
9.987226167
0.0252
28.5
0.0
 
2019-03-08T18:19:16,144045507+01:00
57.013936167
9.987225167
0.0504
28.6
0.0
 
2019-03-08T18:19:17,144508472+01:00
57.0139355
9.9872245
0.0684
28.7
0.0
 
2019-03-08T18:19:18,161616808+01:00
57.0139355
9.9872225
0.0216
28.7
0.0
 
2019-03-08T18:19:19,144129940+01:00
57.013934833
9.987221
0.018
28.7
0.0
 
2019-03-08T18:19:20,146396188+01:00
57.013933167
9.987219833
0.1008
28.8
0.0
 
2019-03-08T18:19:21,153615514+01:00
57.013932
9.9872185
0.018
28.8
0.0
 
2019-03-08T18:19:22,144452511+01:00
57.013931667
9.987217167
0.1116
28.7
0.0
 
2019-03-08T18:19:23,145842534+01:00
57.0139305
9.987217167
0.0468
28.8
0.0
 
2019-03-08T18:19:24,145101748+01:00
57.013929
9.987216
0.1152
28.8
0.0
 
2019-03-08T18:19:25,145987191+01:00
57.013928167
9.987214
0.0576
28.8
0.0
 
2019-03-08T18:19:26,149141002+01:00
57.013926667
9.987211167
0.0504
28.9
0.0
 
2019-03-08T18:19:27,150133759+01:00
57.013926167
9.9872095
0.0144
28.9
0.0
 
2019-03-08T18:19:28,143979330+01:00
57.0139255
9.987207333
0.3096
29.0
0.0
 
2019-03-08T18:19:29,138373023+01:00
57.013925
9.987205167
0.0864
29.0
0.0
 
2019-03-08T18:19:30,151525665+01:00
57.013924167
9.9872035
0.1512
29.0
0.0
 
2019-03-08T18:19:31,138974292+01:00
57.013922833
9.9872015
0.1224
29.0
0.0
 
2019-03-08T18:19:32,142860894+01:00
57.013920333
9.987198833
0.1188
29.0
0.0
 
2019-03-08T18:19:33,140759344+01:00
57.013918667
9.987197
0.0216
28.9
0.0
 
2019-03-08T18:19:34,145256486+01:00
57.013917333
9.987195167
0.0504
28.8
0.0
 
2019-03-08T18:19:35,143525867+01:00
57.0139155
9.987193333
0.1296
28.7
0.0
 
2019-03-08T18:19:36,142996886+01:00
57.013914
9.987191833
0.0432
28.7
0.0
 
2019-03-08T18:19:37,144652971+01:00
57.013912833
9.98719
0.0432
28.6
0.0
 
2019-03-08T18:19:38,159847377+01:00
57.013912
9.987189
0.018
28.5
0.0
 
2019-03-08T18:19:39,136169773+01:00
57.013912167
9.987187833
0.0756
28.4
0.0
 
2019-03-08T18:19:40,138045633+01:00
57.013911667
9.987185833
0.1152
28.4
0.0
 
2019-03-08T18:19:41,165786741+01:00
57.013911667
9.9871845
0.09
28.4
0.0
 
2019-03-08T18:19:42,137977024+01:00
57.013911833
9.987183333
0.018
28.4
0.0
 
2019-03-08T18:19:46,148636194+01:00
57.013886333
9.9871505
0.1152
25.8
0.0
 
2019-03-08T18:19:47,149643974+01:00
57.013902167
9.987157167
0.0324
24.5
0.0
 
2019-03-08T18:19:48,140580101+01:00
57.013905833
9.987160167
0.018
25.3
0.0
 
2019-03-08T18:19:49,146344063+01:00
57.0139035
9.987161333
0.0468
25.8
0.0
 
2019-03-08T18:19:50,147567992+01:00
57.013901333
9.987162167
0.2448
26.3
0.0
 
2019-03-08T18:19:51,160503595+01:00
57.013901333
9.987162667
0.0432
26.2
0.0
 
2019-03-08T18:19:52,139450661+01:00
57.013901333
9.987164
0.0612
26.4
0.0
 
2019-03-08T18:19:53,138667950+01:00
57.0139015
9.987165667
0.2052
26.3
0.0
 
2019-03-08T18:19:54,140716400+01:00
57.013903333
9.987166667
0.0252
26.2
0.0
 
2019-03-08T18:19:55,155839577+01:00
57.013904667
9.987167
0.1116
26.4
0.0
 
2019-03-08T18:19:56,147414553+01:00
57.013904833
9.987167333
0.09
26.5
0.0
 
2019-03-08T18:19:57,138923277+01:00
57.013906
9.987168
0.0072
26.5
0.0
 
2019-03-08T18:19:58,132627027+01:00
57.013907
9.987169667
0.288
26.5
0.0
 
2019-03-08T18:19:59,135621130+01:00
57.013908167
9.987171
0.1476
26.4
0.0
 
2019-03-08T18:20:00,134667554+01:00
57.0139075
9.987171667
0.1404
26.5
0.0
 
2019-03-08T18:20:01,141218333+01:00
57.013906833
9.9871735
0.036
26.5
0.0
 
2019-03-08T18:20:02,132755702+01:00
57.0139065
9.987174167
0.0504
26.7
0.0
 
2019-03-08T18:20:03,138814979+01:00
57.0139085
9.987175833
0.1332
26.8
0.0
 
2019-03-08T18:20:04,143694536+01:00
57.01391
9.987176667
0.0756
27.0
0.0
 
2019-03-08T18:20:05,132224211+01:00
57.013911667
9.987177667
0.0576
27.2
0.0
 
2019-03-08T18:20:06,134593066+01:00
57.013912833
9.987179167
0.0072
27.3
0.0
 
2019-03-08T18:20:07,132683480+01:00
57.013913833
9.987179833
0.0288
27.4
0.0
 
2019-03-08T18:20:08,131466436+01:00
57.013912833
9.987181167
0.1548
27.5
0.0
 
2019-03-08T18:20:09,135363729+01:00
57.013911167
9.9871825
0.1152
27.6
0.0
 
2019-03-08T18:20:10,124053566+01:00
57.013908667
9.987184
0.1188
27.7
0.0
 
2019-03-08T18:20:11,133395729+01:00
57.013906667
9.987185833
0.1656
27.8
0.0
 
2019-03-08T18:20:12,140803771+01:00
57.013904667
9.987187333
0.1728
27.8
0.0
 
2019-03-08T18:20:13,133716804+01:00
57.0139035
9.9871885
0.1188
27.9
0.0
 
2019-03-08T18:20:14,132954572+01:00
57.013903333
9.987189667
0.234
27.9
0.0
 
2019-03-08T18:20:15,127416668+01:00
57.013902667
9.987190833
0.0324
27.9
0.0
 
2019-03-08T18:20:16,123484854+01:00
57.0139015
9.987192
0.1908
27.9
0.0
 
2019-03-08T18:20:17,124985202+01:00
57.013901667
9.987193667
0.0936
27.9
0.0
 
2019-03-08T18:20:18,128128754+01:00
57.013901167
9.987194667
0.252
28.1
0.0
 
2019-03-08T18:20:19,126487913+01:00
57.013900667
9.987195667
0.0864
28.2
0.0
 
2019-03-08T18:20:20,121644843+01:00
57.013899667
9.987196667
0.0036
28.5
0.0
 
2019-03-08T18:20:21,121069586+01:00
57.013898333
9.987197667
0.1368
28.5
0.0
 
2019-03-08T18:20:22,123290691+01:00
57.013898
9.987199
0.1044
28.7
0.0
 
2019-03-08T18:20:23,123406862+01:00
57.013898
9.9872005
0.1872
28.9
0.0
 
2019-03-08T18:20:24,119851694+01:00
57.013897667
9.987201833
0.0864
29.0
0.0
 
2019-03-08T18:20:25,123656366+01:00
57.013897
9.987203
0.108
29.2
0.0
 
2019-03-08T18:20:26,121667377+01:00
57.013896333
9.987204
0.018
29.3
0.0
 
2019-03-08T18:20:27,113321291+01:00
57.013896
9.987205
0.0792
29.4
0.0
 
2019-03-08T18:20:28,115536163+01:00
57.013894833
9.987206167
0.0432
29.5
0.0
 
2019-03-08T18:20:29,127942731+01:00
57.013894
9.987207
0.0864
29.5
0.0
 
2019-03-08T18:20:30,120191313+01:00
57.013893333
9.987207833
0.1116
29.5
0.0
 
2019-03-08T18:20:31,114956895+01:00
57.0138935
9.987208667
0.0324
29.6
0.0
 
2019-03-08T18:20:32,118459278+01:00
57.0138925
9.987209667
0.0432
29.5
0.0
 
2019-03-08T18:20:33,117505758+01:00
57.013891833
9.987210833
0.036
29.4
0.0
 
2019-03-08T18:20:34,120346688+01:00
57.013891
9.987211333
0.018
29.3
0.0
 
2019-03-08T18:20:35,125165905+01:00
57.013891
9.987212333
0.036
29.4
0.0
 
2019-03-08T18:20:36,117378475+01:00
57.01389
9.987213833
0.0504
29.4
0.0
 
2019-03-08T18:20:37,125082038+01:00
57.013889167
9.987215
0.0756
29.5
0.0
 
2019-03-08T18:20:38,110974554+01:00
57.013888833
9.987216667
0.1044
29.6
0.0
 
2019-03-08T18:20:39,112004389+01:00
57.013887167
9.9872175
0.072
29.3
0.0
 
2019-03-08T18:20:40,115573048+01:00
57.013886167
9.9872185
0.1008
29.0
0.0
 
2019-03-08T18:20:41,114846578+01:00
57.013886
9.987219333
0.2592
28.8
0.0
 
2019-03-08T18:20:42,120060138+01:00
57.013885667
9.987220167
0.0144
28.6
0.0
 
2019-03-08T18:20:43,130922909+01:00
57.013884833
9.987221
0.0396
28.4
0.0
 
2019-03-08T18:20:44,115776611+01:00
57.013884167
9.987221833
0.1044
28.2
0.0
 
2019-03-08T18:20:45,125584375+01:00
57.0138825
9.987222333
0.2088
28.1
0.0
 
2019-03-08T18:20:46,108236635+01:00
57.013880333
9.987222
0.0792
27.8
0.0
 
2019-03-08T18:20:47,115303903+01:00
57.013878667
9.987221833
0.0972
27.6
0.0
 
2019-03-08T18:20:52,115979096+01:00
57.013976
9.987225167
0.0576
31.7
0.0
 
2019-03-08T18:20:53,106325882+01:00
57.013982167
9.987207667
0.1224
31.3
0.0
 
2019-03-08T18:20:54,106148431+01:00
57.013986333
9.987189833
0.0432
31.4
0.0
 
2019-03-08T18:20:55,107416121+01:00
57.013986833
9.987169667
0.1368
30.5
0.0
 
2019-03-08T18:20:56,113674904+01:00
57.013946167
9.987204833
0.0576
27.6
0.0
 
2019-03-08T18:20:57,107690263+01:00
57.013934333
9.987214
0.0396
25.7
0.0
 
2019-03-08T18:20:58,104947336+01:00
57.0139265
9.987218667
0.0936
24.9
0.0
 
2019-03-08T18:20:59,100869042+01:00
57.013922333
9.987221167
0.0504
24.6
0.0
 
2019-03-08T18:21:00,111278435+01:00
57.0139205
9.987221667
0.1548
24.4
0.0
 
2019-03-08T18:21:01,110871036+01:00
57.013922
9.9872225
0.09
23.9
0.0
 
2019-03-08T18:21:02,110807944+01:00
57.013921167
9.987223333
0.0504
23.7
0.0
 
2019-03-08T18:21:03,097802623+01:00
57.013920833
9.987223833
0.1368
23.6
0.0
 
2019-03-08T18:21:04,099077946+01:00
57.013919167
9.987222667
0.1368
23.6
0.0
 
2019-03-08T18:21:05,100555639+01:00
57.013919
9.9872215
0.0684
23.4
0.0
 
2019-03-08T18:21:06,120007055+01:00
57.013918
9.987219833
0.0252
23.5
0.0
 
2019-03-08T18:21:07,097154728+01:00
57.013919167
9.987217667
0.0144
23.2
0.0
 
2019-03-08T18:21:08,099761709+01:00
57.013919333
9.987215833
0.0576
23.1
0.0
 
2019-03-08T18:21:09,102896199+01:00
57.0139215
9.987215
0.0324
22.7
0.0
 
2019-03-08T18:21:10,098805228+01:00
57.0139235
9.987213667
0.0576
22.3
0.0
 
2019-03-08T18:21:11,098804977+01:00
57.0139245
9.987212667
0.0468
22.1
0.0
 
2019-03-08T18:21:12,100664505+01:00
57.013925
9.987211667
0.0324
22.1
0.0
 
2019-03-08T18:21:13,103592392+01:00
57.013925667
9.987211167
0.0828
22.1
0.0
 
2019-03-08T18:21:14,108710906+01:00
57.013926
9.98721
0.054
21.8
0.0
 
2019-03-08T18:21:15,096952047+01:00
57.013926667
9.987209
0.0936
21.7
0.0
 
2019-03-08T18:21:16,094350204+01:00
57.013927667
9.987208
0.09
21.7
0.0
 
2019-03-08T18:21:17,096010894+01:00
57.013928
9.987207167
0.0144
21.7
0.0
 
2019-03-08T18:21:18,122113111+01:00
57.013928333
9.987206667
0.0252
21.7
0.0
 
2019-03-08T18:21:19,095676823+01:00
57.013928667
9.987205833
0.0324
21.7
0.0
 
2019-03-08T18:21:20,095835952+01:00
57.013929
9.987205333
0.0252
21.7
0.0
 
2019-03-08T18:21:21,091737747+01:00
57.013929
9.987204667
0.1008
21.8
0.0
 
2019-03-08T18:21:22,097360718+01:00
57.013928833
9.987204167
0.108
21.7
0.0
 
2019-03-08T18:21:23,091535496+01:00
57.013929167
9.987203667
0.0756
21.8
0.0
 
2019-03-08T18:21:24,098231802+01:00
57.013929167
9.9872035
0.0504
21.9
0.0
 
2019-03-08T18:21:25,091885551+01:00
57.013928833
9.987203667
0.036
21.9
0.0
 
2019-03-08T18:21:26,091170311+01:00
57.013929
9.987203833
0.0828
21.9
0.0
 
2019-03-08T18:21:27,097410573+01:00
57.013929167
9.987203833
0.0216
21.9
0.0
 
2019-03-08T18:21:28,087517733+01:00
57.013929167
9.987203667
0.0396
22.0
0.0
 
2019-03-08T18:21:29,088798517+01:00
57.013929
9.987203167
0.0324
22.0
0.0
 
2019-03-08T18:21:30,088546935+01:00
57.013929
9.987203
0.0396
22.0
0.0
 
2019-03-08T18:21:31,096219890+01:00
57.013929
9.987203
0.0504
22.0
0.0
 
2019-03-08T18:21:32,094015327+01:00
57.013928167
9.987203
0.0468
21.8
0.0
 
2019-03-08T18:21:33,091254969+01:00
57.013927333
9.987202833
0.0828
21.8
0.0
 
2019-03-08T18:21:34,090417391+01:00
57.013927
9.987202667
0.0144
21.8
0.0
 
2019-03-08T18:21:35,091247868+01:00
57.013927167
9.987202833
0.0864
21.9
0.0
 
2019-03-08T18:21:36,096733653+01:00
57.013927167
9.987202833
0.0144
22.0
0.0
 
2019-03-08T18:21:37,086955202+01:00
57.013927167
9.9872025
0.0612
22.2
0.0
 
2019-03-08T18:21:38,090811875+01:00
57.0139275
9.987202667
0.1548
22.2
0.0
 
2019-03-08T18:21:39,086648842+01:00
57.0139275
9.9872025
0.0828
22.3
0.0
 
2019-03-08T18:21:40,093369160+01:00
57.013927333
9.9872025
0.108
22.3
0.0
 
2019-03-08T18:21:41,087760445+01:00
57.0139275
9.9872025
0.036
22.4
0.0
 
2019-03-08T18:21:42,095725852+01:00
57.0139275
9.987202333
0.126
22.4
0.0
 
2019-03-08T18:21:43,104513926+01:00
57.013926833
9.987202
0.1332
22.3
0.0
 
2019-03-08T18:21:44,086033517+01:00
57.013926
9.987202167
0.0684
22.2
0.0
 
2019-03-08T18:21:45,090035466+01:00
57.013925
9.987202167
0.072
22.1
0.0
 
2019-03-08T18:21:46,087682364+01:00
57.0139245
9.987202167
0.108
21.9
0.0
 
2019-03-08T18:21:47,086833734+01:00
57.013923833
9.987202
0.0108
21.9
0.0
 
2019-03-08T18:21:48,113914809+01:00
57.013923
9.987202333
0.0828
21.8
0.0
 
2019-03-08T18:21:49,083978395+01:00
57.013922167
9.987202
0.1152
21.8
0.0
 
2019-03-08T18:21:50,090014291+01:00
57.013921667
9.9872005
0.0432
21.8
0.0
 
2019-03-08T18:21:51,100201678+01:00
57.0139215
9.987198833
0.0576
21.9
0.0
 
2019-03-08T18:21:52,100408912+01:00
57.013921167
9.987197667
0.0252
21.9
0.0
 
2019-03-08T18:21:53,090393378+01:00
57.013921
9.987195833
0.108
22.0
0.0
 
2019-03-08T18:21:57,088679035+01:00
57.013946833
9.987162833
0.054
20.6
0.0
 
2019-03-08T18:21:58,089776397+01:00
57.013933
9.987165
0.108
21.9
0.0
 
2019-03-08T18:21:59,091007492+01:00
57.013927
9.987165333
0.126
21.5
0.0
 
2019-03-08T18:22:00,085731690+01:00
57.013922833
9.987168
0.072
21.6
0.0
 
2019-03-08T18:22:01,105058110+01:00
57.013924833
9.987169
0.1692
21.7
0.0
 
2019-03-08T18:22:02,095212723+01:00
57.013923167
9.987168833
0.0576
21.5
0.0
 
2019-03-08T18:22:03,096748879+01:00
57.013922167
9.987166167
0.0288
21.4
0.0
 
2019-03-08T18:22:04,088121377+01:00
57.013920833
9.987166
0.144
21.7
0.0
 
2019-03-08T18:22:05,083441308+01:00
57.0139205
9.987164833
0.0792
22.0
0.0
 
2019-03-08T18:22:06,093120728+01:00
57.013919833
9.987165
0.1548
22.4
0.0
 
2019-03-08T18:22:07,096454679+01:00
57.013919833
9.987165667
0.072
22.9
0.0
 
2019-03-08T18:22:08,084470154+01:00
57.013919667
9.987165667
0.054
23.2
0.0
 
2019-03-08T18:22:09,094934823+01:00
57.0139195
9.987165833
0.144
23.5
0.0
 
2019-03-08T18:22:10,084556536+01:00
57.013918167
9.987165833
0.0288
23.4
0.0
 
2019-03-08T18:22:11,080304733+01:00
57.013918
9.987165333
0.2232
23.5
0.0
 
2019-03-08T18:22:12,083203921+01:00
57.013918333
9.9871645
0.0324
23.8
0.0
 
2019-03-08T18:22:13,087066268+01:00
57.013918333
9.987164
0.1656
24.0
0.0
 
2019-03-08T18:22:14,077374303+01:00
57.0139185
9.987163667
0.0828
24.0
0.0
 
2019-03-08T18:22:15,079731998+01:00
57.0139195
9.987163333
0.0252
24.1
0.0
 
2019-03-08T18:22:16,080024200+01:00
57.013919333
9.987162667
0.0684
24.0
0.0
 
2019-03-08T18:22:17,088652046+01:00
57.013918333
9.9871625
0.0684
23.9
0.0
 
2019-03-08T18:22:18,079760249+01:00
57.0139175
9.987162167
0.036
23.8
0.0
 
2019-03-08T18:22:19,081824616+01:00
57.013917667
9.987161667
0.0036
23.8
0.0
 
2019-03-08T18:22:20,082928793+01:00
57.013917667
9.987162167
0.036
23.7
0.0
 
2019-03-08T18:22:21,079874560+01:00
57.013917833
9.987163167
0.0792
23.7
0.0
 
2019-03-08T18:22:22,080691650+01:00
57.013918667
9.9871635
0.0072
23.6
0.0
 
2019-03-08T18:22:23,081079580+01:00
57.013918667
9.987163833
0.0468
23.5
0.0
 
2019-03-08T18:22:24,082770109+01:00
57.0139175
9.987165
0.0504
23.5
0.0
 
2019-03-08T18:22:25,080134604+01:00
57.0139175
9.987166
0.0576
23.5
0.0
 
2019-03-08T18:22:26,074667796+01:00
57.013917833
9.987167
0.0612
23.5
0.0
 
2019-03-08T18:22:27,080967739+01:00
57.013918333
9.9871685
0.0684
23.6
0.0
 
2019-03-08T18:22:28,072589774+01:00
57.013918333
9.9871695
0.0432
23.5
0.0
 
2019-03-08T18:22:29,078383754+01:00
57.013918167
9.987170833
0.0396
23.4
0.0
 
2019-03-08T18:22:30,072529696+01:00
57.013916833
9.9871725
0.1188
23.3
0.0
 
2019-03-08T18:22:31,080372203+01:00
57.013915333
9.987174167
0.0504
23.1
0.0
 
2019-03-08T18:22:32,078706703+01:00
57.0139135
9.987175833
0.0252
22.8
0.0
 
2019-03-08T18:22:33,075398443+01:00
57.0139115
9.987177667
0.0216
22.4
0.0
 
2019-03-08T18:22:34,074476422+01:00
57.0139095
9.987179833
0.1188
22.2
0.0
 
2019-03-08T18:22:35,080078242+01:00
57.0139085
9.987180833
0.0648
22.0
0.0
 
2019-03-08T18:22:36,073936687+01:00
57.013907333
9.987181833
0.054
21.8
0.0
 
2019-03-08T18:22:37,075076941+01:00
57.0139065
9.987182833
0.018
21.7
0.0
 
2019-03-08T18:22:38,080280567+01:00
57.013905333
9.987184167
0.054
21.7
0.0
 
2019-03-08T18:22:39,073893567+01:00
57.013903333
9.987185333
0.0684
21.5
0.0
 
2019-03-08T18:22:40,078040267+01:00
57.013901833
9.9871865
0.0504
21.2
0.0
 
2019-03-08T18:22:41,071660513+01:00
57.013899833
9.9871875
0.0936
20.9
0.0
 
2019-03-08T18:22:42,082564620+01:00
57.013899
9.987187833
0.036
20.8
0.0
 
2019-03-08T18:22:43,073114358+01:00
57.013898333
9.987188167
0.0396
20.7
0.0
 
2019-03-08T18:22:44,071166227+01:00
57.013897667
9.987188333
0.0972
20.6
0.0
 
2019-03-08T18:22:45,068279493+01:00
57.013896
9.987189333
0.018
20.5
0.0
 
2019-03-08T18:22:46,075590396+01:00
57.013895167
9.98719
0.0648
20.5
0.0
 
2019-03-08T18:22:47,073703454+01:00
57.013893833
9.987190667
0.0288
20.3
0.0
 
2019-03-08T18:22:48,078321291+01:00
57.013892833
9.987191333
0.0432
20.3
0.0
 
2019-03-08T18:22:49,072319422+01:00
57.013892167
9.987192333
0.0468
20.3
0.0
 
2019-03-08T18:22:50,090581254+01:00
57.01389
9.987194333
0.0684
20.2
0.0
 
2019-03-08T18:22:51,075699168+01:00
57.0138885
9.987195833
0.0864
20.1
0.0
 
2019-03-08T18:22:52,069270904+01:00
57.013887167
9.987196667
0.0504
20.0
0.0
 
2019-03-08T18:22:53,081460956+01:00
57.013885667
9.987197167
0.1332
19.9
0.0
 
2019-03-08T18:22:54,084807397+01:00
57.013882833
9.987197667
0.198
19.7
0.0
 
2019-03-08T18:22:55,071624438+01:00
57.0138815
9.987197167
0.1656
19.7
0.0
 
2019-03-08T18:22:56,066477076+01:00
57.013879833
9.987197833
0.0576
19.6
0.0
 
2019-03-08T18:22:57,072061250+01:00
57.013878333
9.987198333
0.108
19.5
0.0
 
2019-03-08T18:22:58,068204486+01:00
57.013876667
9.9871985
0.1152
19.4
0.0
 
2019-03-08T18:23:02,080359916+01:00
57.013788
9.987173
0.0576
32.0
0.0
 
2019-03-08T18:23:03,079603070+01:00
57.0137945
9.987172
0.1692
27.7
0.0
 
2019-03-08T18:23:04,075664637+01:00
57.013806667
9.987169333
0.0864
27.6
0.0
 
2019-03-08T18:23:05,074493377+01:00
57.013815667
9.98717
0.1836
27.0
0.0
 
2019-03-08T18:23:06,068558122+01:00
57.013820167
9.987171
0.1332
27.0
0.0
 
2019-03-08T18:23:07,084091580+01:00
57.013825833
9.987171167
0.2736
26.4
0.0
 
2019-03-08T18:23:08,078635843+01:00
57.013828
9.9871725
0.0756
26.0
0.0
 
2019-03-08T18:23:09,061813798+01:00
57.01383
9.987173667
0.1008
25.6
0.0
 
2019-03-08T18:23:10,061519257+01:00
57.013830833
9.987173333
0.0432
25.3
0.0
 
2019-03-08T18:23:11,064054754+01:00
57.013831667
9.987174
0.1224
25.2
0.0
 
2019-03-08T18:23:12,067002952+01:00
57.013833
9.987174833
0.0072
25.1
0.0
 
2019-03-08T18:23:13,069425539+01:00
57.013834167
9.987174667
0.0144
25.1
0.0
 
2019-03-08T18:23:14,056218294+01:00
57.013835833
9.987174
0.0468
25.1
0.0
 
2019-03-08T18:23:15,062930936+01:00
57.013837333
9.987173
0.2304
25.0
0.0
 
2019-03-08T18:23:16,057923242+01:00
57.013838
9.987172167
0.1368
24.9
0.0
 
2019-03-08T18:23:17,060216153+01:00
57.0138385
9.987170833
0.1152
24.7
0.0
 
2019-03-08T18:23:18,059453462+01:00
57.01384
9.987169833
0.054
24.6
0.0
 
2019-03-08T18:23:19,062220306+01:00
57.013842
9.98717
0.1044
24.8
0.0
 
2019-03-08T18:23:20,059109847+01:00
57.013843167
9.987170167
0.1008
24.8
0.0
 
2019-03-08T18:23:21,051526121+01:00
57.013843667
9.987170333
0.1116
24.7
0.0
 
2019-03-08T18:23:22,053110763+01:00
57.0138445
9.987170333
0.036
24.7
0.0
 
2019-03-08T18:23:23,065488593+01:00
57.0138455
9.987170167
0.0828
24.9
0.0
 
2019-03-08T18:23:24,064138836+01:00
57.013846667
9.987171333
0.0864
24.9
0.0
 
2019-03-08T18:23:25,057853822+01:00
57.013846833
9.9871715
0.018
24.9
0.0
 
2019-03-08T18:23:26,053544167+01:00
57.013847167
9.987171833
0.0396
24.9
0.0
 
2019-03-08T18:23:27,073729723+01:00
57.013847333
9.987172333
0.2412
25.0
0.0
 
2019-03-08T18:23:28,056730119+01:00
57.013847833
9.987173667
0.0468
25.0
0.0
 
2019-03-08T18:23:29,064056925+01:00
57.013848333
9.987175333
0.1044
24.9
0.0
 
2019-03-08T18:23:30,055175557+01:00
57.013848333
9.9871765
0.1836
24.9
0.0
 
2019-03-08T18:23:31,062937971+01:00
57.013848
9.987178
0.0792
24.9
0.0
 
2019-03-08T18:23:32,062675341+01:00
57.013848667
9.987179667
0.2916
25.0
0.0
 
2019-03-08T18:23:33,055474350+01:00
57.013848833
9.9871815
0.1188
25.1
0.0
 
2019-03-08T18:23:34,056601330+01:00
57.013848833
9.987183667
0.0936
25.1
0.0
 
2019-03-08T18:23:35,069945026+01:00
57.013849333
9.987184667
0.0504
25.2
0.0
 
2019-03-08T18:23:36,058355960+01:00
57.01385
9.987186167
0.1728
25.2
0.0
 
2019-03-08T18:23:37,067951451+01:00
57.013850333
9.987187833
0.0864
25.1
0.0
 
2019-03-08T18:23:38,059472096+01:00
57.013850333
9.9871885
0.1728
25.0
0.0
 
2019-03-08T18:23:39,057958172+01:00
57.01385
9.98719
0.09
24.7
0.0
 
2019-03-08T18:23:40,056410589+01:00
57.0138495
9.9871915
0.1908
24.6
0.0
 
2019-03-08T18:23:41,060823929+01:00
57.013848833
9.987192833
0.1404
24.5
0.0
 
2019-03-08T18:23:42,058155286+01:00
57.013848833
9.987193833
0.1548
24.4
0.0
 
2019-03-08T18:23:43,065916447+01:00
57.013849167
9.9871955
0.09
24.1
0.0
 
2019-03-08T18:23:44,059193717+01:00
57.013850167
9.987197333
0.0612
23.9
0.0
 
2019-03-08T18:23:45,064884115+01:00
57.013851667
9.987199333
0.2304
23.7
0.0
 
2019-03-08T18:23:46,065863442+01:00
57.013851833
9.987201333
0.1476
23.5
0.0
 
2019-03-08T18:23:47,063445361+01:00
57.013851667
9.987203167
0.1044
23.3
0.0
 
2019-03-08T18:23:48,054107294+01:00
57.013851667
9.987205167
0.1332
23.2
0.0
 
2019-03-08T18:23:49,064175555+01:00
57.013851667
9.987207
0.1044
23.1
0.0
 
2019-03-08T18:23:50,055437075+01:00
57.013850667
9.987208833
0.1512
23.0
0.0
 
2019-03-08T18:23:51,056024224+01:00
57.013851
9.987210667
0.0792
22.8
0.0
 
2019-03-08T18:23:52,058234603+01:00
57.01385
9.987212167
0.1656
22.7
0.0
 
2019-03-08T18:23:53,063092649+01:00
57.013850167
9.987213333
0.0756
22.4
0.0
 
2019-03-08T18:23:54,063882479+01:00
57.0138515
9.987214333
0.1116
21.9
0.0
 
2019-03-08T18:23:55,056260380+01:00
57.013850833
9.987215667
0.252
21.6
0.0
 
2019-03-08T18:23:56,056685985+01:00
57.013850667
9.987216833
0.1224
21.4
0.0
 
2019-03-08T18:23:57,058147620+01:00
57.013850667
9.9872175
0.0288
21.4
0.0
 
2019-03-08T18:23:58,056764562+01:00
57.013850667
9.9872185
0.3276
21.3
0.0
 
2019-03-08T18:23:59,088351880+01:00
57.013851833
9.987219
0.2268
21.0
0.0
 
2019-03-08T18:24:00,053802024+01:00
57.013851833
9.987219
0.1332
20.9
0.0
 
2019-03-08T18:24:01,057697727+01:00
57.013851833
9.9872195
0.1404
20.7
0.0
 
2019-03-08T18:24:02,064761658+01:00
57.013851833
9.987220167
0.126
20.5
0.0
 
2019-03-08T18:24:03,068220461+01:00
57.013851833
9.98722
0.1044
20.2
0.0
 
2019-03-08T18:24:07,057158085+01:00
57.013904667
9.987212167
0.0432
12.4
0.0
 
2019-03-08T18:24:08,058501505+01:00
57.013902167
9.987222667
0.0396
15.7
0.0
 
2019-03-08T18:24:09,057411706+01:00
57.013893167
9.987224333
0.1224
15.2
0.0
 
2019-03-08T18:24:10,071585839+01:00
57.0138805
9.9872285
0.2808
15.4
0.0
 
2019-03-08T18:24:11,056131731+01:00
57.0138735
9.9872295
0.054
15.6
0.0
 
2019-03-08T18:24:12,059232333+01:00
57.0138695
9.987229333
0.036
15.8
0.0
 
2019-03-08T18:24:13,059354819+01:00
57.013867
9.9872275
0.1728
16.1
0.0
 
2019-03-08T18:24:14,064154446+01:00
57.013865833
9.9872275
0.0756
16.2
0.0
 
2019-03-08T18:24:15,054588009+01:00
57.013865833
9.987226
0.0936
16.4
0.0
 
2019-03-08T18:24:16,066138630+01:00
57.013866
9.987225167
0.162
16.5
0.0
 
2019-03-08T18:24:17,048236633+01:00
57.013867333
9.987224833
0.1044
16.7
0.0
 
2019-03-08T18:24:18,059500716+01:00
57.013868
9.987223833
0.1476
16.8
0.0
 
2019-03-08T18:24:19,047287720+01:00
57.013869667
9.987222167
0.1764
17.1
0.0
 
2019-03-08T18:24:20,054766568+01:00
57.013871667
9.987220833
0.0144
17.3
0.0
 
2019-03-08T18:24:21,051560433+01:00
57.0138725
9.987218833
0.0864
17.2
0.0
 
2019-03-08T18:24:22,071469939+01:00
57.013873667
9.987216833
0.0684
17.3
0.0
 
2019-03-08T18:24:23,054655938+01:00
57.0138745
9.987215333
0.0612
17.5
0.0
 
2019-03-08T18:24:24,054114426+01:00
57.013876333
9.9872135
0.0576
17.6
0.0
 
2019-03-08T18:24:25,050549983+01:00
57.013878833
9.987212
0.0756
17.8
0.0
 
2019-03-08T18:24:26,051038544+01:00
57.013880833
9.9872115
0.0792
17.9
0.0
 
2019-03-08T18:24:27,050788358+01:00
57.013882333
9.987212
0.0504
18.0
0.0
 
2019-03-08T18:24:28,057635931+01:00
57.013883833
9.9872125
0.0468
18.3
0.0
 
2019-03-08T18:24:29,049478028+01:00
57.013885167
9.987212
0.0792
18.3
0.0
 
2019-03-08T18:24:30,052684605+01:00
57.0138865
9.9872115
0.018
18.5
0.0
 
2019-03-08T18:24:31,052845643+01:00
57.013887667
9.987211333
0.108
18.6
0.0
 
2019-03-08T18:24:32,048945751+01:00
57.013888667
9.9872115
0.0576
18.6
0.0
 
2019-03-08T18:24:33,057019758+01:00
57.013889167
9.987210667
0.0396
18.7
0.0
 
2019-03-08T18:24:34,049683300+01:00
57.0138895
9.987209333
0.036
18.6
0.0
 
2019-03-08T18:24:35,046209450+01:00
57.013890167
9.987208833
0.072
18.7
0.0
 
2019-03-08T18:24:36,047950378+01:00
57.013890167
9.987208667
0.054
18.6
0.0
 
2019-03-08T18:24:37,041517662+01:00
57.0138905
9.987208667
0.0972
18.6
0.0
 
2019-03-08T18:24:38,052888994+01:00
57.013890833
9.987208667
0.0468
18.7
0.0
 
2019-03-08T18:24:39,047922771+01:00
57.013890833
9.987208
0.072
18.8
0.0
 
2019-03-08T18:24:40,071056158+01:00
57.013890833
9.987207167
0.0324
18.9
0.0
 
2019-03-08T18:24:41,048000358+01:00
57.013891667
9.9872065
0.0396
19.1
0.0
 
2019-03-08T18:24:42,044743876+01:00
57.0138925
9.987206167
0.054
19.2
0.0
 
2019-03-08T18:24:43,043964164+01:00
57.013893667
9.987205167
0.0576
19.4
0.0
 
2019-03-08T18:24:44,045761848+01:00
57.013894333
9.987204333
0.0144
19.6
0.0
 
2019-03-08T18:24:45,046374889+01:00
57.013895167
9.987203667
0.0108
19.6
0.0
 
2019-03-08T18:24:46,052195849+01:00
57.013895833
9.987202833
0.054
19.7
0.0
 
2019-03-08T18:24:47,047519930+01:00
57.013896833
9.987201667
0.018
19.8
0.0
 
2019-03-08T18:24:48,044861431+01:00
57.013898167
9.987200667
0.108
19.8
0.0
 
2019-03-08T18:24:49,047956419+01:00
57.013900333
9.987199
0.0144
20.0
0.0
 
2019-03-08T18:24:50,047262974+01:00
57.013900667
9.9871985
0.0288
19.9
0.0
 
2019-03-08T18:24:51,045817814+01:00
57.0139025
9.987197667
0.0396
20.0
0.0
 
2019-03-08T18:24:52,051842215+01:00
57.013904333
9.987196333
0.0216
20.1
0.0
 
2019-03-08T18:24:53,050207663+01:00
57.013905833
9.987195333
0.0576
20.3
0.0
 
2019-03-08T18:24:54,049351935+01:00
57.013907
9.987194333
0.054
20.5
0.0
 
2019-03-08T18:24:55,056777804+01:00
57.013907833
9.987194333
0.09
20.5
0.0
 
2019-03-08T18:24:56,048932915+01:00
57.013908667
9.987194167
0.0576
20.7
0.0
 
2019-03-08T18:24:57,044873835+01:00
57.013909667
9.987193333
0.1224
20.8
0.0
 
2019-03-08T18:24:58,054205955+01:00
57.0139105
9.987192167
0.0468
20.9
0.0
 
2019-03-08T18:24:59,047348120+01:00
57.013911
9.987191
0.0288
21.0
0.0
 
2019-03-08T18:25:00,055347645+01:00
57.013911333
9.98719
0.0072
21.0
0.0
 
2019-03-08T18:25:01,045911136+01:00
57.013911833
9.987188833
0.018
21.2
0.0
 
2019-03-08T18:25:02,052252497+01:00
57.013912167
9.987187833
0.0612
21.3
0.0
 
2019-03-08T18:25:03,045932479+01:00
57.013913
9.987187167
0.0252
21.3
0.0
 
2019-03-08T18:25:04,069192142+01:00
57.013913667
9.987186
0.0684
21.4
0.0
 
2019-03-08T18:25:05,043944777+01:00
57.0139135
9.987183833
0.0288
21.5
0.0
 
2019-03-08T18:25:06,040648817+01:00
57.013913667
9.987182667
0.0324
21.5
0.0
 
