
2019-03-12T09:12:33,966238733+01:00
57.020285
9.9674205
11.772
nan
158.76
 
2019-03-12T09:12:34,168398990+01:00
57.020279833
9.967424167
11.3364
nan
159.22
 
2019-03-12T09:12:34,568126540+01:00
57.020269667
9.967432833
11.2716
nan
157.02
 
2019-03-12T09:12:34,766590059+01:00
57.020264333
9.967436667
11.3904
nan
157.89
 
2019-03-12T09:12:34,964933382+01:00
57.020258833
9.96744
11.5992
nan
159.54
 
2019-03-12T09:12:35,366372152+01:00
57.020249333
9.967446167
10.5192
nan
161.97
 
2019-03-12T09:12:35,566735099+01:00
57.020244667
9.967449833
10.26
nan
161.07
 
2019-03-12T09:12:35,767114522+01:00
57.020239167
9.967453833
11.1132
nan
160.04
 
2019-03-12T09:12:36,166370331+01:00
57.020228
9.967460667
11.4732
nan
160.42
 
2019-03-12T09:12:36,563588852+01:00
57.020217167
9.967468
11.4732
nan
160.36
 
2019-03-12T09:12:36,764635906+01:00
57.020211833
9.967473
11.8908
nan
157.21
 
2019-03-12T09:12:36,966801577+01:00
57.0202065
9.967477333
11.5092
nan
156.17
 
2019-03-12T09:12:37,366102064+01:00
57.020196
9.967488
12.096
nan
150.86
 
2019-03-12T09:12:37,568900039+01:00
57.020191167
9.967494667
12.0528
nan
147.29
 
2019-03-12T09:12:37,764380770+01:00
57.0201865
9.967502167
12.4128
nan
143.04
 
2019-03-12T09:12:37,964084750+01:00
57.020182333
9.967509833
12.2616
nan
138.42
 
2019-03-12T09:12:38,167061262+01:00
57.020178167
9.967518667
12.7116
nan
134.62
 
2019-03-12T09:12:38,368277911+01:00
57.020174167
9.967529333
13.3596
nan
128.89
 
2019-03-12T09:12:38,774339647+01:00
57.020166667
9.967550833
13.77
nan
121.46
 
2019-03-12T09:12:38,989646790+01:00
57.020163833
9.967562667
14.2452
nan
117.4
 
2019-03-12T09:12:39,379034775+01:00
57.020159167
9.967588833
14.598
nan
110.32
 
2019-03-12T09:12:39,573720805+01:00
57.020157333
9.967602333
15.0552
nan
106.27
 
2019-03-12T09:12:39,777380191+01:00
57.020156
9.967616
15.3972
nan
102.89
 
2019-03-12T09:12:40,178525637+01:00
57.020154167
9.9676445
15.7788
nan
97.24
 
2019-03-12T09:12:40,367783675+01:00
57.020154
9.967658667
15.5772
nan
94.09
 
2019-03-12T09:12:40,567432278+01:00
57.020153333
9.967673
15.894
nan
93.02
 
2019-03-12T09:12:40,964416897+01:00
57.020153167
9.9677025
15.5772
nan
91.21
 
2019-03-12T09:12:41,196046880+01:00
57.020153667
9.967717333
15.5556
nan
89.78
 
2019-03-12T09:12:41,369991362+01:00
57.020154
9.967731667
15.3432
nan
89.27
 
2019-03-12T09:12:41,767808881+01:00
57.0201545
9.96776
15.2928
nan
89.36
 
2019-03-12T09:12:42,170651998+01:00
57.0201545
9.967788
15.3576
nan
89.61
 
2019-03-12T09:12:42,369421029+01:00
57.020154333
9.967802667
15.66
nan
90.45
 
2019-03-12T09:12:42,563790574+01:00
57.020154333
9.967816667
15.4548
nan
90.68
 
2019-03-12T09:12:42,971509226+01:00
57.020152833
9.967845167
15.7464
nan
94.08
 
2019-03-12T09:12:43,167979009+01:00
57.0201515
9.9678595
15.588
nan
96.75
 
2019-03-12T09:12:43,391660910+01:00
57.020150167
9.967873667
15.6168
nan
99.32
 
2019-03-12T09:12:43,782286070+01:00
57.0201455
9.9679
15.138
nan
106.97
 
2019-03-12T09:12:43,968432681+01:00
57.0201425
9.967912667
15.0372
nan
110.22
 
2019-03-12T09:12:44,368627790+01:00
57.020135333
9.967936667
14.9364
nan
118.65
 
2019-03-12T09:12:44,568528710+01:00
57.020131333
9.9679475
14.7312
nan
122.01
 
2019-03-12T09:12:44,966475301+01:00
57.020121667
9.967967
14.5224
nan
131.49
 
2019-03-12T09:12:45,168632981+01:00
57.020116333
9.9679755
14.2704
nan
135.87
 
2019-03-12T09:12:45,373303552+01:00
57.0201105
9.967983
13.9536
nan
140.88
 
2019-03-12T09:12:45,770518746+01:00
57.020098333
9.967995833
14.2344
nan
150.18
 
2019-03-12T09:12:45,970348503+01:00
57.020092
9.968001167
14.2344
nan
153.81
 
2019-03-12T09:12:46,180672713+01:00
57.020085333
9.968006
14.3964
nan
156.71
 
2019-03-12T09:12:46,569226975+01:00
57.020071167
9.968013167
15.1308
nan
165.34
 
2019-03-12T09:12:46,790543243+01:00
57.020063333
9.9680155
15.7068
nan
169.25
 
2019-03-12T09:12:46,999594267+01:00
57.020055333
9.9680175
16.1784
nan
171.4
 
2019-03-12T09:12:47,367960319+01:00
57.020038667
9.9680195
17.4168
nan
176.26
 
2019-03-12T09:12:47,775659658+01:00
57.020020833
9.9680195
18.0468
nan
180.38
 
2019-03-12T09:12:47,969053165+01:00
57.020011167
9.968018833
18.6804
nan
182.22
 
2019-03-12T09:12:48,169697420+01:00
57.020001667
9.968017333
19.0908
nan
184.06
 
2019-03-12T09:12:48,572280975+01:00
57.019982
9.9680125
19.9548
nan
187.99
 
2019-03-12T09:12:48,792000585+01:00
57.019972167
9.9680095
20.4912
nan
189.89
 
2019-03-12T09:12:48,999121317+01:00
57.019962333
9.968005333
20.6208
nan
192.18
 
2019-03-12T09:12:49,372289858+01:00
57.019941833
9.967994833
21.5892
nan
196.77
 
2019-03-12T09:12:49,587972395+01:00
57.0199315
9.967988
21.726
nan
199.05
 
2019-03-12T09:12:49,969830006+01:00
57.019911833
9.9679725
21.5352
nan
203.5
 
2019-03-12T09:12:50,171863579+01:00
57.019902167
9.967964667
21.2724
nan
204.37
 
2019-03-12T09:12:50,567046572+01:00
57.019882833
9.967946833
21.96
nan
206.86
 
2019-03-12T09:12:50,806080140+01:00
57.019873
9.967937167
22.3884
nan
207.88
 
2019-03-12T09:12:50,986781736+01:00
57.019863
9.967926833
22.716
nan
208.63
 
2019-03-12T09:12:51,367520944+01:00
57.0198425
9.967906667
23.4864
nan
208.21
 
2019-03-12T09:12:51,570199163+01:00
57.019831833
9.967896833
23.9076
nan
207.62
 
2019-03-12T09:12:51,765720127+01:00
57.019820833
9.967887
24.2064
nan
206.91
 
2019-03-12T09:12:52,165276817+01:00
57.019798667
9.967866833
24.8328
nan
206.83
 
2019-03-12T09:12:52,368233627+01:00
57.019787333
9.967857
25.2216
nan
205.99
 
2019-03-12T09:12:52,570892045+01:00
57.0197755
9.967847833
25.722
nan
204.39
 
2019-03-12T09:12:52,969504327+01:00
57.019751167
9.967830333
26.352
nan
201.48
 
2019-03-12T09:12:53,367481153+01:00
57.019725333
9.967814667
27.3384
nan
197.92
 
2019-03-12T09:12:53,579191532+01:00
57.019711833
9.967808333
27.72
nan
195.34
 
2019-03-12T09:12:53,773142069+01:00
57.0196985
9.967802833
27.4716
nan
193.2
 
2019-03-12T09:12:54,167103945+01:00
57.019670833
9.967796
27.7632
nan
187.31
 
2019-03-12T09:12:54,369396738+01:00
57.019656667
9.967794833
28.1628
nan
183.77
 
2019-03-12T09:12:54,563749065+01:00
57.0196425
9.967795167
28.1916
nan
180.47
 
2019-03-12T09:12:54,966774807+01:00
57.019614833
9.967799667
28.0188
nan
173.58
 
2019-03-12T09:12:55,167891718+01:00
57.019601333
9.9678045
27.9864
nan
170.4
 
2019-03-12T09:12:55,570686618+01:00
57.019574333
9.9678185
27.7992
nan
162.88
 
2019-03-12T09:12:55,766458610+01:00
57.019561667
9.967828
27.9144
nan
158.87
 
2019-03-12T09:12:56,168797647+01:00
57.019536833
9.967851333
27.6588
nan
151.53
 
2019-03-12T09:12:56,375038050+01:00
57.019525167
9.967865167
28.044
nan
147.98
 
2019-03-12T09:12:56,592788723+01:00
57.019514167
9.96788
27.6912
nan
144.59
 
2019-03-12T09:12:56,967881985+01:00
57.019493333
9.967913333
27.8568
nan
138.12
 
2019-03-12T09:12:57,170423642+01:00
57.019483667
9.967931833
27.702
nan
134.08
 
2019-03-12T09:12:57,365464549+01:00
57.019474833
9.967951333
27.8856
nan
131.04
 
2019-03-12T09:12:57,768852954+01:00
57.019458833
9.967992333
27.8028
nan
125.05
 
2019-03-12T09:12:57,971152436+01:00
57.019451833
9.968014333
27.7632
nan
121.66
 
2019-03-12T09:12:58,185931499+01:00
57.019445667
9.968037
27.8532
nan
118.48
 
2019-03-12T09:12:58,566893360+01:00
57.019434833
9.968083667
27.7884
nan
112.71
 
2019-03-12T09:12:58,974644829+01:00
57.019426667
9.968131167
27.6156
nan
107.12
 
2019-03-12T09:12:59,177159890+01:00
57.019423333
9.968155667
27.8784
nan
105.0
 
2019-03-12T09:12:59,383345913+01:00
57.0194205
9.968180333
27.9144
nan
102.68
 
2019-03-12T09:12:59,771756595+01:00
57.019416
9.968231333
28.4436
nan
98.01
 
2019-03-12T09:12:59,971066865+01:00
57.019414833
9.9682575
28.62
nan
95.77
 
2019-03-12T09:13:00,166184807+01:00
57.019414
9.968283833
28.926
nan
92.85
 
2019-03-12T09:13:00,571503248+01:00
57.019414167
9.968337333
29.4372
nan
87.72
 
2019-03-12T09:13:00,772307187+01:00
57.0194155
9.9683645
29.8908
nan
84.95
 
2019-03-12T09:13:01,183114477+01:00
57.019420833
9.968418667
30.24
nan
78.89
 
2019-03-12T09:13:01,769348077+01:00
57.019434167
9.968499
30.906
nan
70.55
 
2019-03-12T09:13:01,971430574+01:00
57.01944
9.968525167
30.9564
nan
67.81
 
2019-03-12T09:13:02,167729971+01:00
57.0194465
9.968551167
31.1508
nan
65.52
 
2019-03-12T09:13:02,374555374+01:00
57.0194535
9.968576667
31.2084
nan
63.42
 
2019-03-12T09:13:02,768388861+01:00
57.019469167
9.9686265
31.4028
nan
59.81
 
2019-03-12T09:13:02,970366969+01:00
57.019477333
9.968651167
31.5504
nan
58.6
 
2019-03-12T09:13:03,366513141+01:00
57.019494167
9.968700667
31.8636
nan
58.16
 
2019-03-12T09:13:03,568626562+01:00
57.0195025
9.968725667
32.058
nan
58.25
 
2019-03-12T09:13:03,769281769+01:00
57.019510333
9.968751
31.986
nan
60.07
 
2019-03-12T09:13:04,179251498+01:00
57.019525
9.968804
32.5908
nan
64.03
 
2019-03-12T09:13:04,572508796+01:00
57.019537833
9.968859
32.904
nan
67.28
 
2019-03-12T09:13:04,770515605+01:00
57.019543333
9.9688875
33.084
nan
69.39
 
2019-03-12T09:13:04,970979250+01:00
57.0195485
9.968916667
33.3
nan
71.46
 
2019-03-12T09:13:05,172664472+01:00
57.019552667
9.9689465
33.6384
nan
74.44
 
2019-03-12T09:13:05,573009099+01:00
57.019558833
9.9690075
33.9948
nan
79.64
 
2019-03-12T09:13:05,767895259+01:00
57.019560833
9.969038833
34.4124
nan
82.33
 
2019-03-12T09:13:05,975673980+01:00
57.019562667
9.969070167
34.4808
nan
84.17
 
2019-03-12T09:13:06,369842525+01:00
57.019564
9.969133667
34.8336
nan
87.78
 
2019-03-12T09:13:06,582184018+01:00
57.019564167
9.969165667
34.83
nan
89.26
 
2019-03-12T09:13:06,766340014+01:00
57.019563667
9.969197833
35.19
nan
90.75
 
2019-03-12T09:13:06,969969312+01:00
57.019563
9.96923
35.2944
nan
91.33
 
2019-03-12T09:13:07,185344493+01:00
57.019562333
9.9692625
35.5428
nan
91.91
 
2019-03-12T09:13:07,569495424+01:00
57.019560667
9.9693285
36.36
nan
92.63
 
2019-03-12T09:13:07,771329454+01:00
57.019559833
9.969362167
36.9288
nan
92.71
 
2019-03-12T09:13:07,970877258+01:00
57.019558833
9.969396333
37.3428
nan
92.39
 
2019-03-12T09:13:08,371203290+01:00
57.019557
9.969466
38.3976
nan
92.55
 
2019-03-12T09:13:08,569640313+01:00
57.019556167
9.969501167
38.6244
nan
92.14
 
2019-03-12T09:13:08,987478441+01:00
57.019554333
9.969573333
39.6972
nan
92.96
 
2019-03-12T09:13:09,198296751+01:00
57.019553333
9.969609833
40.0464
nan
92.57
 
2019-03-12T09:13:09,393535420+01:00
57.019552333
9.969646833
40.4208
nan
92.81
 
2019-03-12T09:13:09,766536251+01:00
57.019549833
9.969722167
41.364
nan
92.68
 
2019-03-12T09:13:09,970358433+01:00
57.019548667
9.9697605
41.9004
nan
93.27
 
2019-03-12T09:13:10,368593591+01:00
57.019546167
9.969838167
42.7068
nan
93.34
 
2019-03-12T09:13:10,574361147+01:00
57.019545167
9.969877667
43.1892
nan
92.94
 
2019-03-12T09:13:10,772543414+01:00
57.019544167
9.9699175
43.596
nan
92.81
 
2019-03-12T09:13:11,164033399+01:00
57.019541667
9.969998667
44.586
nan
93.02
 
2019-03-12T09:13:11,366372763+01:00
57.0195405
9.970039833
44.8632
nan
92.91
 
2019-03-12T09:13:11,569912526+01:00
57.019539
9.9700815
45.4896
nan
93.23
 
2019-03-12T09:13:11,769401827+01:00
57.019537667
9.970123333
45.828
nan
93.28
 
2019-03-12T09:13:11,978325282+01:00
57.019536333
9.970165833
46.314
nan
93.22
 
2019-03-12T09:13:12,185051028+01:00
57.0195345
9.9702085
46.6812
nan
93.47
 
2019-03-12T09:13:12,369536683+01:00
57.019532833
9.9702515
47.0772
nan
93.81
 
2019-03-12T09:13:12,563963436+01:00
57.019531167
9.970295
47.3976
nan
93.83
 
2019-03-12T09:13:12,768265445+01:00
57.0195295
9.9703385
47.5524
nan
93.95
 
2019-03-12T09:13:13,176027952+01:00
57.0195265
9.9704255
47.7108
nan
93.64
 
2019-03-12T09:13:13,366620811+01:00
57.019524
9.970469333
47.7504
nan
94.54
 
2019-03-12T09:13:13,567933241+01:00
57.019521833
9.970513167
48.0204
nan
94.69
 
2019-03-12T09:13:13,969256660+01:00
57.019515667
9.970602333
49.0464
nan
96.41
 
2019-03-12T09:13:14,180887228+01:00
57.019513833
9.970646667
48.8304
nan
95.15
 
2019-03-12T09:13:14,578613609+01:00
57.019509667
9.970736333
49.14
nan
94.84
 
2019-03-12T09:13:14,768100453+01:00
57.019507833
9.970781333
49.2804
nan
94.73
 
2019-03-12T09:13:14,994473645+01:00
57.019505667
9.970826667
49.626
nan
94.87
 
2019-03-12T09:13:15,366569567+01:00
57.019501667
9.970917833
50.0544
nan
94.82
 
2019-03-12T09:13:15,572783171+01:00
57.019499333
9.970963833
50.3424
nan
94.94
 
2019-03-12T09:13:15,973751649+01:00
57.019495167
9.971056333
51.012
nan
94.72
 
2019-03-12T09:13:16,172759885+01:00
57.019493333
9.971103
51.0624
nan
94.41
 
2019-03-12T09:13:16,367927196+01:00
57.019491333
9.971149667
51.1596
nan
94.11
 
2019-03-12T09:13:16,768175167+01:00
57.019488
9.971243333
51.3432
nan
93.96
 
2019-03-12T09:13:16,963790330+01:00
57.019485667
9.9712905
51.6564
nan
94.58
 
2019-03-12T09:13:17,171901842+01:00
57.019484
9.9713375
51.7284
nan
94.05
 
2019-03-12T09:13:17,575744419+01:00
57.019480667
9.971432
51.8292
nan
93.89
 
2019-03-12T09:13:17,774193587+01:00
57.019478833
9.971479333
51.8832
nan
94.04
 
2019-03-12T09:13:17,969190092+01:00
57.019477667
9.9715265
51.8508
nan
93.09
 
2019-03-12T09:13:18,172772754+01:00
57.019476667
9.9715735
51.6816
nan
92.8
 
2019-03-12T09:13:18,388524372+01:00
57.019475167
9.971620833
51.8256
nan
93.05
 
2019-03-12T09:13:18,773177422+01:00
57.019472167
9.971715667
51.8184
nan
92.94
 
2019-03-12T09:13:19,008662510+01:00
57.019470833
9.971763
51.8904
nan
92.89
 
2019-03-12T09:13:19,172214637+01:00
57.019469333
9.971810333
51.7572
nan
92.68
 
2019-03-12T09:13:19,573333118+01:00
57.019467
9.971904833
51.6132
nan
92.33
 
2019-03-12T09:13:19,769489298+01:00
57.019465667
9.971952
51.6636
nan
92.53
 
2019-03-12T09:13:20,171421407+01:00
57.019463167
9.972046167
51.444
nan
92.55
 
2019-03-12T09:13:20,371786653+01:00
57.019461667
9.972093
51.1776
nan
92.61
 
2019-03-12T09:13:20,566782566+01:00
57.019459833
9.972139667
51.0264
nan
92.96
 
2019-03-12T09:13:20,970877341+01:00
57.019457167
9.972233333
51.1344
nan
93.19
 
2019-03-12T09:13:21,171759871+01:00
57.019456667
9.9722795
50.742
nan
91.84
 
2019-03-12T09:13:21,575087683+01:00
57.019454667
9.972372333
50.7492
nan
92.2
 
2019-03-12T09:13:21,787662528+01:00
57.0194535
9.972418833
50.8032
nan
92.32
 
2019-03-12T09:13:21,975789507+01:00
57.019452333
9.972465167
50.6412
nan
92.15
 
2019-03-12T09:13:22,369557695+01:00
57.0194505
9.972557833
50.6052
nan
91.86
 
2019-03-12T09:13:22,566732852+01:00
57.019449833
9.972604
50.5368
nan
91.83
 
2019-03-12T09:13:22,771139970+01:00
57.019448833
9.972650333
50.508
nan
91.87
 
2019-03-12T09:13:23,173042203+01:00
57.019447
9.972742833
50.5044
nan
92.02
 
2019-03-12T09:13:23,372678751+01:00
57.019445833
9.972789167
50.5692
nan
92.01
 
2019-03-12T09:13:23,569933363+01:00
57.019445
9.972835333
50.4864
nan
91.9
 
2019-03-12T09:13:23,768182511+01:00
57.019443833
9.972881667
50.508
nan
92.09
 
2019-03-12T09:13:23,979823979+01:00
57.0194425
9.972928167
50.6196
nan
92.29
 
2019-03-12T09:13:24,168882647+01:00
57.0194415
9.972974167
50.3496
nan
92.1
 
2019-03-12T09:13:24,370226367+01:00
57.019440667
9.9730205
50.5404
nan
92.13
 
2019-03-12T09:13:24,569503272+01:00
57.0194395
9.973066667
50.3352
nan
92.14
 
2019-03-12T09:13:24,773524609+01:00
57.0194385
9.973112833
50.4036
nan
92.17
 
2019-03-12T09:13:25,171690371+01:00
57.0194365
9.973204833
50.3748
nan
92.11
 
2019-03-12T09:13:25,370723478+01:00
57.019435333
9.973250833
50.2632
nan
92.21
 
2019-03-12T09:13:25,768680872+01:00
57.019433833
9.973342667
50.1588
nan
91.75
 
2019-03-12T09:13:25,982576904+01:00
57.019433
9.973388667
50.202
nan
91.77
 
2019-03-12T09:13:26,169767698+01:00
57.019432167
9.9734345
50.1012
nan
91.55
 
2019-03-12T09:13:26,570555368+01:00
57.019430833
9.973526167
50.2056
nan
91.32
 
2019-03-12T09:13:26,780589022+01:00
57.019430167
9.973571833
49.7772
nan
91.13
 
2019-03-12T09:13:27,173983809+01:00
57.019429333
9.973663
49.8168
nan
91.05
 
2019-03-12T09:13:27,370532040+01:00
57.019429333
9.9737085
49.662
nan
90.79
 
2019-03-12T09:13:27,573533899+01:00
57.019429
9.973753667
49.3848
nan
91.03
 
2019-03-12T09:13:27,971000683+01:00
57.019427833
9.973843667
48.9852
nan
90.95
 
2019-03-12T09:13:28,170162617+01:00
57.019427167
9.973888333
48.672
nan
91.2
 
2019-03-12T09:13:28,372097402+01:00
57.0194265
9.973932833
48.5784
nan
91.26
 
2019-03-12T09:13:28,771617924+01:00
57.019425833
9.974021
48.1284
nan
91.0
 
2019-03-12T09:13:28,967826813+01:00
57.019425167
9.974065
47.9376
nan
91.27
 
2019-03-12T09:13:29,172646215+01:00
57.0194245
9.974108667
47.7072
nan
91.37
 
2019-03-12T09:13:29,371026453+01:00
57.019423833
9.974152167
47.466
nan
91.72
 
2019-03-12T09:13:29,573748574+01:00
57.019423167
9.974195333
47.1924
nan
91.22
 
2019-03-12T09:13:29,984084321+01:00
57.019422333
9.974281
46.7532
nan
91.1
 
2019-03-12T09:13:30,182754442+01:00
57.019421667
9.9743235
46.4508
nan
91.51
 
2019-03-12T09:13:30,401136297+01:00
57.019421167
9.974366
46.4004
nan
91.51
 
2019-03-12T09:13:30,774950046+01:00
57.019421
9.974450167
46.0044
nan
91.32
 
2019-03-12T09:13:30,983551115+01:00
57.019420833
9.974491667
45.4716
nan
91.14
 
2019-03-12T09:13:31,381295173+01:00
57.019420333
9.9745735
44.6364
nan
91.03
 
2019-03-12T09:13:31,574160170+01:00
57.0194195
9.974613667
43.9704
nan
91.24
 
2019-03-12T09:13:31,769583364+01:00
57.019419167
9.9746535
43.5636
nan
91.14
 
2019-03-12T09:13:31,971289889+01:00
57.019418833
9.974692667
42.8652
nan
90.96
 
2019-03-12T09:13:32,169437456+01:00
57.019419
9.974731
42.0768
nan
90.71
 
2019-03-12T09:13:32,374700609+01:00
57.0194185
9.974769
41.5764
nan
91.28
 
2019-03-12T09:13:32,571789524+01:00
57.019417667
9.9748065
40.896
nan
91.69
 
2019-03-12T09:13:32,770509630+01:00
57.019419167
9.974842
39.4956
nan
90.61
 
2019-03-12T09:13:32,970146430+01:00
57.019418333
9.974878
39.3696
nan
92.34
 
2019-03-12T09:13:33,196117908+01:00
57.0194165
9.9749135
38.8908
nan
94.18
 
2019-03-12T09:13:33,578142174+01:00
57.019411
9.974983
37.998
nan
97.89
 
2019-03-12T09:13:33,801276689+01:00
57.019408167
9.975016667
37.3608
nan
99.29
 
2019-03-12T09:13:34,201345849+01:00
57.019399667
9.975082167
36.5364
nan
103.59
 
2019-03-12T09:13:34,576588527+01:00
57.019389333
9.975144667
36.0144
nan
108.72
 
2019-03-12T09:13:34,777967153+01:00
57.019382833
9.975175
35.586
nan
111.03
 
2019-03-12T09:13:34,969374267+01:00
57.019375833
9.975204167
35.1936
nan
113.75
 
2019-03-12T09:13:35,175964910+01:00
57.0193675
9.975232833
35.1324
nan
116.95
 
2019-03-12T09:13:35,375284325+01:00
57.019359333
9.975260167
34.5852
nan
119.32
 
2019-03-12T09:13:35,591429221+01:00
57.01935
9.975287167
34.8588
nan
121.83
 
2019-03-12T09:13:35,783071153+01:00
57.019340167
9.975312667
34.2792
nan
124.68
 
2019-03-12T09:13:35,978786629+01:00
57.019329
9.975337833
34.686
nan
127.54
 
2019-03-12T09:13:36,172884905+01:00
57.019318333
9.975362333
34.6104
nan
128.99
 
2019-03-12T09:13:36,375279830+01:00
57.0193075
9.975386333
34.6464
nan
130.32
 
2019-03-12T09:13:36,576385587+01:00
57.019296333
9.975410667
34.65
nan
129.98
 
2019-03-12T09:13:36,779981962+01:00
57.019285333
9.975435333
34.6968
nan
129.33
 
2019-03-12T09:13:36,979293056+01:00
57.019275167
9.975459667
34.164
nan
128.06
 
2019-03-12T09:13:37,180031864+01:00
57.019264833
9.975485167
34.4232
nan
126.65
 
2019-03-12T09:13:37,402419359+01:00
57.019255167
9.975510833
34.1712
nan
124.61
 
2019-03-12T09:13:37,574349956+01:00
57.019246
9.975537333
34.02
nan
122.22
 
2019-03-12T09:13:37,773976044+01:00
57.019237333
9.975564667
34.1784
nan
119.94
 
2019-03-12T09:13:37,975797170+01:00
57.01923
9.975592167
33.9156
nan
116.74
 
2019-03-12T09:13:38,174564707+01:00
57.019223667
9.975620167
33.6492
nan
113.87
 
2019-03-12T09:13:38,404611478+01:00
57.019217833
9.975648833
33.5412
nan
110.89
 
2019-03-12T09:13:38,572428818+01:00
57.019212667
9.975677667
33.228
nan
107.79
 
2019-03-12T09:13:38,768200506+01:00
57.019209
9.975707
33.318
nan
104.68
 
2019-03-12T09:13:38,977954962+01:00
57.019205833
9.975736333
32.9328
nan
101.91
 
2019-03-12T09:13:39,174165327+01:00
57.019203333
9.975766
32.7024
nan
98.74
 
2019-03-12T09:13:39,587342853+01:00
57.019200833
9.975824667
32.0544
nan
92.82
 
2019-03-12T09:13:39,818272141+01:00
57.019201
9.975854
32.0508
nan
89.88
 
2019-03-12T09:13:40,006894930+01:00
57.019201833
9.975883167
32.0364
nan
87.02
 
2019-03-12T09:13:40,172942398+01:00
57.019204167
9.975912333
32.1768
nan
83.64
 
2019-03-12T09:13:40,374072290+01:00
57.019206333
9.975941167
31.9788
nan
80.12
 
2019-03-12T09:13:40,570018256+01:00
57.01921
9.975969667
32.0652
nan
76.63
 
2019-03-12T09:13:40,775905798+01:00
57.019214667
9.975997833
32.0364
nan
73.83
 
2019-03-12T09:13:41,175500543+01:00
57.019226667
9.9760525
32.202
nan
66.83
 
2019-03-12T09:13:41,373303868+01:00
57.019233667
9.976078833
32.1876
nan
63.59
 
2019-03-12T09:13:41,571533632+01:00
57.019241333
9.976104333
32.1336
nan
61.6
 
2019-03-12T09:13:41,769369671+01:00
57.01925
9.976129333
32.0976
nan
58.21
 
2019-03-12T09:13:41,977925687+01:00
57.019259
9.9761535
32.1084
nan
55.94
 
2019-03-12T09:13:42,179280836+01:00
57.019268167
9.9761775
32.0436
nan
54.41
 
2019-03-12T09:13:42,371881920+01:00
57.0192775
9.976201167
32.04
nan
53.94
 
2019-03-12T09:13:42,571705909+01:00
57.019287
9.9762245
31.9644
nan
53.41
 
2019-03-12T09:13:42,780519292+01:00
57.0192965
9.976247833
32.076
nan
52.92
 
2019-03-12T09:13:43,182844368+01:00
57.019315333
9.976295667
32.1768
nan
55.14
 
2019-03-12T09:13:43,375426530+01:00
57.019323833
9.9763205
32.1624
nan
57.28
 
2019-03-12T09:13:43,775992377+01:00
57.019339333
9.976371667
32.1084
nan
61.37
 
2019-03-12T09:13:43,978369583+01:00
57.019346333
9.976398333
32.2956
nan
63.55
 
2019-03-12T09:13:44,183628558+01:00
57.019352667
9.976425333
32.3424
nan
66.13
 
2019-03-12T09:13:44,576229201+01:00
57.0193635
9.976481667
32.7492
nan
70.83
 
2019-03-12T09:13:44,788572112+01:00
57.019367833
9.976510833
33.2316
nan
73.67
 
2019-03-12T09:13:45,178266250+01:00
57.0193755
9.976570833
34.0056
nan
78.04
 
2019-03-12T09:13:45,579920975+01:00
57.019380833
9.976632667
34.3584
nan
81.9
 
2019-03-12T09:13:45,788652263+01:00
57.019382833
9.976664167
34.7328
nan
83.25
 
2019-03-12T09:13:46,175777696+01:00
57.019385167
9.976728
35.3448
nan
86.65
 
2019-03-12T09:13:46,780960081+01:00
57.019385667
9.976826833
36.324
nan
89.42
 
2019-03-12T09:13:46,988279823+01:00
57.019385667
9.976860333
36.6264
nan
90.11
 
2019-03-12T09:13:47,388497741+01:00
57.019385667
9.976928
37.2924
nan
90.53
 
2019-03-12T09:13:47,577869945+01:00
57.019385167
9.9769625
37.5372
nan
90.92
 
2019-03-12T09:13:47,975273772+01:00
57.0193845
9.977031833
38.0232
nan
90.77
 
2019-03-12T09:13:48,175568521+01:00
57.019384167
9.977067
38.304
nan
90.94
 
2019-03-12T09:13:48,371700370+01:00
57.019383667
9.9771025
38.5884
nan
90.88
 
2019-03-12T09:13:48,783333735+01:00
57.019382667
9.977172667
38.1564
nan
91.05
 
2019-03-12T09:13:48,972918056+01:00
57.019382167
9.9772075
38.088
nan
91.15
 
2019-03-12T09:13:49,383760933+01:00
57.019381333
9.977276667
37.9116
nan
91.72
 
2019-03-12T09:13:49,577939033+01:00
57.019381
9.977311333
37.962
nan
91.25
 
2019-03-12T09:13:49,770812625+01:00
57.019380667
9.977346167
38.0484
nan
91.12
 
2019-03-12T09:13:50,180239041+01:00
57.019379667
9.977415833
38.2176
nan
91.51
 
2019-03-12T09:13:50,387884651+01:00
57.019379167
9.977451
38.538
nan
91.76
 
2019-03-12T09:13:50,776097013+01:00
57.019377833
9.977521833
38.7396
nan
91.69
 
2019-03-12T09:13:50,983596626+01:00
57.019377333
9.9775575
38.8296
nan
91.6
 
2019-03-12T09:13:51,176114325+01:00
57.019376833
9.977593167
38.9592
nan
91.37
 
2019-03-12T09:13:51,396199875+01:00
57.019376333
9.977629
39.0888
nan
91.51
 
2019-03-12T09:13:51,577753902+01:00
57.019375833
9.977664833
39.2652
nan
91.43
 
2019-03-12T09:13:51,975376724+01:00
57.019375167
9.9777375
39.762
nan
91.33
 
2019-03-12T09:13:52,383326874+01:00
57.0193745
9.977810833
40.1868
nan
90.97
 
2019-03-12T09:13:52,574270139+01:00
57.019374
9.977847667
40.4568
nan
91.29
 
2019-03-12T09:13:52,779313688+01:00
57.019373667
9.977884833
40.5324
nan
90.67
 
2019-03-12T09:13:52,980968873+01:00
57.019373667
9.977922
40.8024
nan
90.69
 
2019-03-12T09:13:53,187303280+01:00
57.0193735
9.9779595
40.932
nan
90.78
 
2019-03-12T09:13:53,587255184+01:00
57.019372833
9.978035167
41.4396
nan
91.15
 
2019-03-12T09:13:53,783684798+01:00
57.0193725
9.978073167
41.616
nan
91.17
 
2019-03-12T09:13:53,988706272+01:00
57.019371833
9.978111333
41.8464
nan
91.3
 
2019-03-12T09:13:54,374896008+01:00
57.019371
9.978188333
42.0444
nan
91.17
 
2019-03-12T09:13:54,577541660+01:00
57.0193705
9.978227
42.1992
nan
91.34
 
2019-03-12T09:13:54,978138002+01:00
57.019369167
9.978304833
42.4908
nan
91.43
 
2019-03-12T09:13:55,177847905+01:00
57.019368167
9.978343833
42.5412
nan
91.5
 
2019-03-12T09:13:55,378168434+01:00
57.019367667
9.978383
42.6744
nan
91.41
 
2019-03-12T09:13:55,576462046+01:00
57.019367
9.978422333
42.8832
nan
91.45
 
2019-03-12T09:13:55,784128881+01:00
57.019366167
9.978461833
43.0452
nan
91.82
 
2019-03-12T09:13:55,980000789+01:00
57.0193655
9.978501167
43.0416
nan
91.79
 
2019-03-12T09:13:56,175961192+01:00
57.019365
9.978540667
43.0992
nan
91.61
 
2019-03-12T09:13:56,379333871+01:00
57.0193645
9.978580167
43.1352
nan
91.65
 
2019-03-12T09:13:56,575319603+01:00
57.019363833
9.978619667
43.1532
nan
91.63
 
2019-03-12T09:13:56,777240776+01:00
57.019363
9.978659
42.9408
nan
91.42
 
2019-03-12T09:13:56,984743931+01:00
57.019362333
9.978698
42.732
nan
91.43
 
2019-03-12T09:13:57,182138115+01:00
57.019361833
9.978736833
42.4116
nan
91.27
 
2019-03-12T09:13:57,579858808+01:00
57.019360667
9.978813333
41.724
nan
91.07
 
2019-03-12T09:13:57,979574842+01:00
57.019359667
9.978889167
41.346
nan
91.02
 
2019-03-12T09:13:58,180905943+01:00
57.019359
9.978927
41.31
nan
91.27
 
2019-03-12T09:13:58,578660097+01:00
57.019358167
9.979002333
41.1516
nan
91.18
 
2019-03-12T09:13:58,776434936+01:00
57.019357667
9.97904
41.2416
nan
91.32
 
2019-03-12T09:13:59,182156265+01:00
57.019357
9.979115333
41.2704
nan
91.47
 
2019-03-12T09:13:59,402814559+01:00
57.019356333
9.979153
41.256
nan
91.39
 
2019-03-12T09:13:59,578392406+01:00
57.019355667
9.979190833
41.2668
nan
91.41
 
2019-03-12T09:13:59,979262195+01:00
57.019354
9.979266833
41.4936
nan
91.64
 
2019-03-12T09:14:00,175228046+01:00
57.019353333
9.979304667
41.4072
nan
91.47
 
2019-03-12T09:14:00,576632769+01:00
57.019351667
9.979380833
41.5728
nan
91.72
 
2019-03-12T09:14:00,774580548+01:00
57.019351
9.979418833
41.6232
nan
91.56
 
2019-03-12T09:14:00,978497458+01:00
57.019350333
9.979457
41.7312
nan
91.94
 
2019-03-12T09:14:01,380729966+01:00
57.019349167
9.979533333
41.706
nan
91.67
 
2019-03-12T09:14:01,577941552+01:00
57.0193485
9.979571667
41.796
nan
91.7
 
2019-03-12T09:14:01,985332817+01:00
57.019347167
9.979648167
41.7816
nan
91.65
 
2019-03-12T09:14:02,177190023+01:00
57.0193465
9.9796865
41.8608
nan
91.82
 
2019-03-12T09:14:02,376958835+01:00
57.019345833
9.979724833
41.8068
nan
91.78
 
2019-03-12T09:14:02,579337065+01:00
57.019345167
9.979763333
41.9004
nan
91.79
 
2019-03-12T09:14:02,776494160+01:00
57.019344667
9.979801667
41.922
nan
91.81
 
2019-03-12T09:14:03,198179933+01:00
57.019343333
9.979878167
41.8464
nan
91.38
 
2019-03-12T09:14:03,573602257+01:00
57.019342333
9.979954833
41.9112
nan
91.35
 
2019-03-12T09:14:03,849229904+01:00
57.019341833
9.979993167
41.9076
nan
91.36
 
2019-03-12T09:14:04,176581369+01:00
57.019341167
9.980069667
41.8752
nan
91.17
 
2019-03-12T09:14:04,378449570+01:00
57.019340833
9.980107833
41.9256
nan
91.28
 
2019-03-12T09:14:04,797297018+01:00
57.019340167
9.980184333
41.85
nan
90.81
 
2019-03-12T09:14:05,185678752+01:00
57.0193395
9.9802605
41.6484
nan
91.09
 
2019-03-12T09:14:05,588943222+01:00
57.019338667
9.980336667
41.49
nan
91.03
 
2019-03-12T09:14:05,815015109+01:00
57.019338333
9.9803745
41.4324
nan
90.97
 
2019-03-12T09:14:06,178999618+01:00
57.0193375
9.98045
41.2704
nan
91.29
 
2019-03-12T09:14:06,397568097+01:00
57.019337333
9.980487833
41.2668
nan
90.79
 
2019-03-12T09:14:06,581621347+01:00
57.019337167
9.980525333
41.0976
nan
91.16
 
2019-03-12T09:14:06,801290172+01:00
57.019336833
9.980563167
41.382
nan
91.07
 
2019-03-12T09:14:06,999000261+01:00
57.019336333
9.980601333
41.5512
nan
91.06
 
2019-03-12T09:14:07,199054464+01:00
57.019336167
9.9806395
41.6556
nan
90.94
 
2019-03-12T09:14:07,374155851+01:00
57.019335667
9.980677833
41.8968
nan
91.14
 
2019-03-12T09:14:07,576147578+01:00
57.019335333
9.980716167
41.9652
nan
90.79
 
2019-03-12T09:14:07,780681855+01:00
57.019335
9.980754833
42.1668
nan
91.06
 
2019-03-12T09:14:07,991548440+01:00
57.019334667
9.9807935
42.3432
nan
91.16
 
2019-03-12T09:14:08,177582382+01:00
57.019334333
9.9808325
42.5592
nan
90.97
 
2019-03-12T09:14:08,381119651+01:00
57.019334167
9.980871667
42.8796
nan
90.89
 
2019-03-12T09:14:08,581430337+01:00
57.019333833
9.980910833
42.8256
nan
90.78
 
2019-03-12T09:14:08,778980258+01:00
57.0193335
9.980950167
43.0668
nan
90.94
 
2019-03-12T09:14:09,181007645+01:00
57.0193325
9.9810295
43.416
nan
91.15
 
2019-03-12T09:14:09,408392798+01:00
57.019332167
9.9810695
43.7184
nan
91.23
 
2019-03-12T09:14:09,776443088+01:00
57.019331
9.98115
43.992
nan
91.37
 
2019-03-12T09:14:09,991854083+01:00
57.019330333
9.9811905
44.2692
nan
91.65
 
2019-03-12T09:14:10,381106619+01:00
57.019329333
9.981271667
44.4024
nan
91.49
 
2019-03-12T09:14:10,574626147+01:00
57.019328667
9.9813125
44.7264
nan
91.68
 
2019-03-12T09:14:10,779934885+01:00
57.019327833
9.981353667
44.8992
nan
91.74
 
2019-03-12T09:14:11,176260965+01:00
57.019326833
9.981436167
45.2376
nan
91.54
 
2019-03-12T09:14:11,374398003+01:00
57.019326167
9.981477667
45.3924
nan
91.51
 
2019-03-12T09:14:11,776425775+01:00
57.019325167
9.981561
45.7164
nan
91.36
 
2019-03-12T09:14:11,975463559+01:00
57.019324333
9.981603
45.8568
nan
91.41
 
2019-03-12T09:14:12,177347029+01:00
57.019324
9.981644833
45.9396
nan
91.23
 
2019-03-12T09:14:12,391539920+01:00
57.019323167
9.981687167
46.2384
nan
91.61
 
2019-03-12T09:14:12,576737866+01:00
57.019322833
9.981729333
46.206
nan
91.12
 
2019-03-12T09:14:12,780778364+01:00
57.019322333
9.981771833
46.5264
nan
91.25
 
2019-03-12T09:14:12,975405093+01:00
57.019321833
9.981814333
46.584
nan
91.5
 
2019-03-12T09:14:13,180949201+01:00
57.019321167
9.981857167
46.7424
nan
91.3
 
2019-03-12T09:14:13,383314317+01:00
57.019320833
9.9819
46.8936
nan
91.01
 
2019-03-12T09:14:13,584149909+01:00
57.019320167
9.981943167
47.1456
nan
91.44
 
2019-03-12T09:14:13,778984588+01:00
57.0193195
9.981986333
47.1528
nan
91.27
 
2019-03-12T09:14:13,993345365+01:00
57.019319167
9.982029667
47.3472
nan
91.08
 
2019-03-12T09:14:14,208401079+01:00
57.019318333
9.982073333
47.6244
nan
91.54
 
2019-03-12T09:14:14,423366039+01:00
57.019317833
9.982116833
47.538
nan
91.36
 
2019-03-12T09:14:14,781157285+01:00
57.019316667
9.9822045
47.934
nan
91.19
 
2019-03-12T09:14:15,019221624+01:00
57.019316333
9.982248167
47.7216
nan
90.91
 
2019-03-12T09:14:15,376127801+01:00
57.019315167
9.982336667
48.2112
nan
91.37
 
2019-03-12T09:14:15,578502272+01:00
57.0193145
9.982380833
48.2976
nan
91.53
 
2019-03-12T09:14:15,982900716+01:00
57.019313333
9.982469833
48.5964
nan
91.36
 
2019-03-12T09:14:16,178753294+01:00
57.019312833
9.982514333
48.5388
nan
91.47
 
2019-03-12T09:14:16,385070212+01:00
57.0193125
9.982559
48.744
nan
90.99
 
2019-03-12T09:14:16,777641251+01:00
57.019311
9.982648333
48.9096
nan
91.38
 
2019-03-12T09:14:16,978187046+01:00
57.019310333
9.982693167
48.8592
nan
91.53
 
2019-03-12T09:14:17,374899841+01:00
57.019308833
9.982783
48.9996
nan
91.73
 
2019-03-12T09:14:17,577192549+01:00
57.019308333
9.982827833
49.014
nan
91.19
 
2019-03-12T09:14:17,784794063+01:00
57.0193075
9.982873
49.2372
nan
91.48
 
2019-03-12T09:14:18,177233121+01:00
57.0193065
9.982963
49.1904
nan
91.04
 
2019-03-12T09:14:18,400355533+01:00
57.019306167
9.983007833
49.0824
nan
91.18
 
2019-03-12T09:14:18,775905428+01:00
57.019305
9.983098167
49.356
nan
91.22
 
2019-03-12T09:14:18,975560883+01:00
57.019304333
9.983143333
49.2048
nan
91.37
 
2019-03-12T09:14:19,181928810+01:00
57.019303667
9.983188333
49.2156
nan
91.37
 
2019-03-12T09:14:19,375591339+01:00
57.019303
9.983233333
49.1904
nan
91.51
 
2019-03-12T09:14:19,578179583+01:00
57.0193025
9.983278167
49.0644
nan
91.19
 
2019-03-12T09:14:19,979899186+01:00
57.019301333
9.983368
49.122
nan
91.51
 
2019-03-12T09:14:20,383178528+01:00
57.019300333
9.983457333
48.8844
nan
91.41
 
2019-03-12T09:14:20,579136830+01:00
57.019299833
9.983502
48.8124
nan
91.17
 
2019-03-12T09:14:20,778701642+01:00
57.019299167
9.983546667
48.8196
nan
91.31
 
2019-03-12T09:14:20,977746557+01:00
57.019298833
9.983591167
48.6108
nan
91.28
 
2019-03-12T09:14:21,187775512+01:00
57.019298333
9.983635667
48.7044
nan
91.15
 
2019-03-12T09:14:21,579077886+01:00
57.019297333
9.9837245
48.5748
nan
91.13
 
2019-03-12T09:14:21,815136343+01:00
57.019296667
9.983769
48.4488
nan
91.29
 
2019-03-12T09:14:22,382897910+01:00
57.019295
9.983902
48.3696
nan
91.33
 
2019-03-12T09:14:22,578070091+01:00
57.0192945
9.983946333
48.2688
nan
91.16
 
2019-03-12T09:14:22,976007071+01:00
57.019293333
9.984034667
48.3084
nan
91.5
 
2019-03-12T09:14:23,182461049+01:00
57.019292667
9.984078833
48.2292
nan
91.3
 
2019-03-12T09:14:23,377236333+01:00
57.019292167
9.984122833
48.0924
nan
91.26
 
2019-03-12T09:14:23,780733958+01:00
57.019291
9.984211
47.934
nan
91.12
 
2019-03-12T09:14:23,980889517+01:00
57.019290333
9.984254833
47.9664
nan
91.57
 
2019-03-12T09:14:24,379869323+01:00
57.019289
9.984342667
47.8656
nan
91.49
 
2019-03-12T09:14:24,576874315+01:00
57.019288667
9.9843865
47.8656
nan
91.15
 
2019-03-12T09:14:24,790929739+01:00
57.019288
9.984430333
47.8512
nan
91.25
 
2019-03-12T09:14:24,977969534+01:00
57.019287333
9.984474
47.6172
nan
91.3
 
2019-03-12T09:14:25,183731972+01:00
57.019286667
9.984517667
47.7
nan
91.26
 
2019-03-12T09:14:25,580625365+01:00
57.019285333
9.984604667
47.5776
nan
91.35
 
2019-03-12T09:14:25,982533083+01:00
57.019284
9.984691333
47.394
nan
91.65
 
2019-03-12T09:14:26,176562286+01:00
57.019283333
9.984734667
47.3436
nan
91.66
 
2019-03-12T09:14:26,581025458+01:00
57.019281833
9.984821167
47.2356
nan
91.54
 
2019-03-12T09:14:26,805573008+01:00
57.019281167
9.984864167
47.0592
nan
91.77
 
2019-03-12T09:14:27,185506397+01:00
57.019279667
9.984950333
47.142
nan
91.84
 
2019-03-12T09:14:27,379809118+01:00
57.019279167
9.984993333
46.962
nan
91.37
 
2019-03-12T09:14:27,583063870+01:00
57.0192785
9.985036333
46.9836
nan
91.61
 
2019-03-12T09:14:27,983589086+01:00
57.0192775
9.985122167
46.8252
nan
91.52
 
2019-03-12T09:14:28,212523189+01:00
57.019277
9.985165167
46.872
nan
91.21
 
2019-03-12T09:14:28,582585281+01:00
57.019276
9.985250833
46.7244
nan
91.19
 
2019-03-12T09:14:28,786855005+01:00
57.019275333
9.985293667
46.6992
nan
91.43
 
2019-03-12T09:14:28,976843136+01:00
57.019274667
9.9853365
46.7424
nan
91.31
 
2019-03-12T09:14:29,388072334+01:00
57.0192735
9.985421833
46.6272
nan
91.5
 
2019-03-12T09:14:29,599908825+01:00
57.019273
9.985464333
46.4976
nan
91.23
 
2019-03-12T09:14:29,980261762+01:00
57.019272
9.985548833
45.936
nan
90.85
 
2019-03-12T09:14:30,177288279+01:00
57.019271333
9.985590833
45.7632
nan
91.48
 
2019-03-12T09:14:30,386413824+01:00
57.019270667
9.985632333
45.3204
nan
91.56
 
2019-03-12T09:14:30,605360035+01:00
57.01927
9.985673667
45.144
nan
91.42
 
2019-03-12T09:14:30,798218107+01:00
57.0192695
9.9857145
44.7228
nan
91.18
 
2019-03-12T09:14:31,184940979+01:00
57.019268167
9.985795667
44.2224
nan
91.35
 
2019-03-12T09:14:31,596807404+01:00
57.019266833
9.985875833
43.6644
nan
91.43
 
2019-03-12T09:14:31,814543110+01:00
57.019266167
9.985915667
43.6032
nan
91.32
 
2019-03-12T09:14:32,183897575+01:00
57.019265
9.985995167
43.416
nan
91.18
 
2019-03-12T09:14:32,383556591+01:00
57.019264333
9.986034833
43.4196
nan
91.57
 
2019-03-12T09:14:32,791998617+01:00
57.0192635
9.986114167
43.3908
nan
91.33
 
2019-03-12T09:14:32,982599442+01:00
57.019263
9.986153833
43.3224
nan
91.25
 
2019-03-12T09:14:33,182137615+01:00
57.019262167
9.986193667
43.4196
nan
91.76
 
2019-03-12T09:14:33,587978869+01:00
57.019261167
9.9862735
43.6068
nan
91.63
 
2019-03-12T09:14:33,790114551+01:00
57.019260667
9.986313167
43.5168
nan
91.39
 
2019-03-12T09:14:33,976627913+01:00
57.019260167
9.986353167
43.668
nan
91.36
 
2019-03-12T09:14:34,179603199+01:00
57.019259333
9.986393333
43.7796
nan
91.5
 
2019-03-12T09:14:34,394660462+01:00
57.019258667
9.986433333
43.6716
nan
91.48
 
2019-03-12T09:14:34,575743232+01:00
57.019258167
9.9864735
43.8228
nan
91.26
 
2019-03-12T09:14:34,780872960+01:00
57.019257667
9.9865135
43.7292
nan
91.7
 
2019-03-12T09:14:34,979501662+01:00
57.019257167
9.9865535
43.5852
nan
91.32
 
2019-03-12T09:14:35,199137616+01:00
57.0192565
9.986593333
43.5744
nan
91.59
 
2019-03-12T09:14:35,580133268+01:00
57.019255333
9.986673
43.4808
nan
91.48
 
2019-03-12T09:14:35,780278512+01:00
57.019254833
9.9867125
43.2756
nan
91.62
 
2019-03-12T09:14:35,982360208+01:00
57.019254167
9.986752
43.0272
nan
91.54
 
2019-03-12T09:14:36,175670405+01:00
57.0192535
9.986791
42.7068
nan
91.72
 
2019-03-12T09:14:36,380444464+01:00
57.019252833
9.98683
42.4332
nan
91.71
 
2019-03-12T09:14:36,579330139+01:00
57.019252167
9.9868685
42.1164
nan
91.81
 
2019-03-12T09:14:36,789732616+01:00
57.0192515
9.986906833
41.8464
nan
92.02
 
2019-03-12T09:14:37,185452843+01:00
57.019250167
9.9869825
41.2452
nan
91.83
 
2019-03-12T09:14:37,379948768+01:00
57.0192495
9.98702
41.058
nan
91.83
 
2019-03-12T09:14:37,782715830+01:00
57.019248333
9.987094333
40.5252
nan
91.46
 
2019-03-12T09:14:37,984266479+01:00
57.019247833
9.9871315
40.4784
nan
91.37
 
2019-03-12T09:14:38,381683149+01:00
57.019246833
9.987205333
40.2696
nan
91.36
 
2019-03-12T09:14:38,581560843+01:00
57.0192465
9.987242
40.086
nan
91.13
 
2019-03-12T09:14:38,783478833+01:00
57.019246
9.987278667
40.0536
nan
91.28
 
2019-03-12T09:14:39,182779628+01:00
57.019245167
9.987351833
39.888
nan
90.94
 
2019-03-12T09:14:39,387957044+01:00
57.019244833
9.987388167
39.7368
nan
90.91
 
2019-03-12T09:14:39,781982869+01:00
57.019244167
9.9874605
39.3696
nan
90.99
 
2019-03-12T09:14:40,180749054+01:00
57.019243167
9.987532167
39.0888
nan
91.23
 
2019-03-12T09:14:40,582020778+01:00
57.0192425
9.987603
38.6748
nan
90.93
 
2019-03-12T09:14:40,783106239+01:00
57.019242
9.987638167
38.3976
nan
91.07
 
2019-03-12T09:14:41,184389329+01:00
57.019241333
9.987707833
38.0304
nan
90.76
 
2019-03-12T09:14:41,382406206+01:00
57.019241
9.9877425
37.8648
nan
91.1
 
2019-03-12T09:14:41,581234673+01:00
57.019240667
9.987777
37.7028
nan
90.96
 
2019-03-12T09:14:41,779595322+01:00
57.019240333
9.987811167
37.4436
nan
90.86
 
2019-03-12T09:14:41,986084266+01:00
57.01924
9.987845
37.1412
nan
91.03
 
2019-03-12T09:14:42,392105349+01:00
57.019239333
9.987912167
36.7128
nan
91.0
 
2019-03-12T09:14:42,784126076+01:00
57.0192385
9.9879785
36.2448
nan
91.29
 
2019-03-12T09:14:42,994769142+01:00
57.019238
9.9880115
35.9316
nan
91.3
 
2019-03-12T09:14:43,404945444+01:00
57.019237167
9.9880765
35.4744
nan
91.56
 
2019-03-12T09:14:43,597019673+01:00
57.019236833
9.988108833
35.3484
nan
91.49
 
2019-03-12T09:14:43,984948753+01:00
57.019235833
9.988174
35.5968
nan
91.53
 
2019-03-12T09:14:44,180612205+01:00
57.019235333
9.988206667
35.6364
nan
91.48
 
2019-03-12T09:14:44,393074533+01:00
57.019235
9.988239333
35.766
nan
91.42
 
2019-03-12T09:14:44,792524682+01:00
57.019234167
9.988305667
36.2088
nan
91.38
 
2019-03-12T09:14:44,992433175+01:00
57.019233833
9.988339
36.5148
nan
91.38
 
2019-03-12T09:14:45,381105041+01:00
57.019232833
9.988406333
36.8712
nan
91.43
 
2019-03-12T09:14:45,583068106+01:00
57.0192325
9.988440333
37.1196
nan
91.31
 
2019-03-12T09:14:45,780051157+01:00
57.019232
9.9884745
37.3644
nan
91.51
 
2019-03-12T09:14:45,984073857+01:00
57.019231667
9.988508833
37.5336
nan
91.12
 
2019-03-12T09:14:46,180900175+01:00
57.019231167
9.9885435
37.746
nan
91.38
 
2019-03-12T09:14:46,384637086+01:00
57.019230667
9.988578167
37.9476
nan
91.32
 
2019-03-12T09:14:46,578438282+01:00
57.019230333
9.988613
38.1348
nan
91.38
 
2019-03-12T09:14:46,785565254+01:00
57.019229833
9.988648167
38.4588
nan
91.13
 
2019-03-12T09:14:46,980578742+01:00
57.019229333
9.988683333
38.5236
nan
91.42
 
2019-03-12T09:14:47,182453756+01:00
57.019229167
9.988718833
38.754
nan
90.96
 
2019-03-12T09:14:47,403409361+01:00
57.019228833
9.9887545
38.9844
nan
91.08
 
2019-03-12T09:14:47,619374926+01:00
57.019228333
9.988790167
39.0888
nan
91.1
 
2019-03-12T09:14:47,778915746+01:00
57.019228
9.988826167
39.384
nan
91.31
 
2019-03-12T09:14:47,990929351+01:00
57.019227667
9.988862167
39.4452
nan
90.84
 
2019-03-12T09:14:48,387252378+01:00
57.019226833
9.988934833
39.8664
nan
91.12
 
2019-03-12T09:14:48,581318542+01:00
57.0192265
9.988971333
39.9672
nan
91.22
 
2019-03-12T09:14:48,980295243+01:00
57.019225667
9.989045167
40.3416
nan
91.38
 
2019-03-12T09:14:49,182323120+01:00
57.0192255
9.989082333
40.6368
nan
90.94
 
2019-03-12T09:14:49,587072611+01:00
57.0192245
9.989157
40.95
nan
91.27
 
2019-03-12T09:14:49,781175644+01:00
57.019224
9.9891945
41.2092
nan
91.54
 
2019-03-12T09:14:50,000697811+01:00
57.019223667
9.989232333
41.2992
nan
91.32
 
2019-03-12T09:14:50,387709785+01:00
57.0192225
9.989308333
41.7564
nan
91.58
 
2019-03-12T09:14:50,578981919+01:00
57.019222167
9.989346667
41.8176
nan
91.13
 
2019-03-12T09:14:50,983553223+01:00
57.019221333
9.989423333
42.0228
nan
91.02
 
2019-03-12T09:14:51,200203739+01:00
57.019220833
9.989462167
42.4188
nan
91.29
 
2019-03-12T09:14:51,380700076+01:00
57.019220333
9.989501
42.4836
nan
91.14
 
2019-03-12T09:14:51,785990852+01:00
57.0192195
9.989579167
42.9264
nan
91.31
 
2019-03-12T09:14:51,983396452+01:00
57.019219167
9.9896185
42.9552
nan
91.26
 
2019-03-12T09:14:52,387672820+01:00
57.019218333
9.9896975
43.2108
nan
91.04
 
2019-03-12T09:14:52,581410445+01:00
57.019217833
9.989737333
43.5132
nan
91.39
 
2019-03-12T09:14:52,788177691+01:00
57.019217333
9.989777
43.5528
nan
91.54
 
2019-03-12T09:14:52,982785611+01:00
57.019216833
9.989817
43.722
nan
91.26
 
2019-03-12T09:14:53,185468088+01:00
57.019216333
9.989857333
44.0424
nan
91.59
 
2019-03-12T09:14:53,585505803+01:00
57.019215167
9.989937833
44.0712
nan
91.54
 
2019-03-12T09:14:53,986480742+01:00
57.019213833
9.990018833
44.406
nan
91.8
 
2019-03-12T09:14:54,194354661+01:00
57.019212833
9.990059667
44.6112
nan
91.98
 
2019-03-12T09:14:54,588371254+01:00
57.0192115
9.990141333
44.7012
nan
91.77
 
2019-03-12T09:14:54,782384473+01:00
57.019210833
9.990182333
44.9136
nan
91.82
 
2019-03-12T09:14:55,184491077+01:00
57.0192095
9.990264333
44.9352
nan
91.66
 
2019-03-12T09:14:55,387513706+01:00
57.019209
9.9903055
45.0288
nan
91.56
 
2019-03-12T09:14:55,990932771+01:00
57.019207333
9.990429167
45.1188
nan
91.47
 
2019-03-12T09:14:56,181757708+01:00
57.019206667
9.990470333
45.0396
nan
91.42
 
2019-03-12T09:14:56,584438032+01:00
57.019205667
9.990552833
45.0396
nan
91.31
 
2019-03-12T09:14:56,796581550+01:00
57.019205
9.990594167
45.1512
nan
91.36
 
2019-03-12T09:14:56,987968887+01:00
57.0192045
9.990635333
45.1296
nan
91.38
 
2019-03-12T09:14:57,386650185+01:00
57.019203667
9.990718
45.1764
nan
91.09
 
2019-03-12T09:14:57,596540129+01:00
57.019203
9.990759167
45.1728
nan
91.26
 
2019-03-12T09:14:57,985441657+01:00
57.019202333
9.990842
45.198
nan
90.86
 
2019-03-12T09:14:58,181969998+01:00
57.019201833
9.990883333
45.2304
nan
90.87
 
2019-03-12T09:14:58,384545540+01:00
57.019201333
9.990924667
45.2088
nan
91.03
 
2019-03-12T09:14:58,583478704+01:00
57.019201
9.990966167
45.3204
nan
90.87
 
2019-03-12T09:14:58,786514389+01:00
57.019200667
9.9910075
45.2412
nan
90.8
 
2019-03-12T09:14:59,189030274+01:00
57.019200167
9.991090333
45.3312
nan
90.72
 
2019-03-12T09:14:59,586946818+01:00
57.0191995
9.991173167
45.3852
nan
90.79
 
2019-03-12T09:14:59,781048525+01:00
57.019199333
9.991214667
45.3528
nan
90.55
 
2019-03-12T09:14:59,986814153+01:00
57.019199167
9.991256167
45.3744
nan
90.7
 
2019-03-12T09:15:00,181034618+01:00
57.019198667
9.9912975
45.3384
nan
90.73
 
2019-03-12T09:15:00,398370160+01:00
57.0191985
9.991339
45.2952
nan
90.72
 
2019-03-12T09:15:00,785082038+01:00
57.019197667
9.991421833
45.3528
nan
90.8
 
2019-03-12T09:15:00,986873366+01:00
57.019197167
9.991463333
45.3384
nan
91.35
 
2019-03-12T09:15:01,205653008+01:00
57.019196667
9.991504833
45.324
nan
91.07
 
2019-03-12T09:15:01,584539490+01:00
57.0191955
9.991587833
45.3384
nan
91.43
 
2019-03-12T09:15:01,794036770+01:00
57.019194833
9.991629333
45.3384
nan
91.64
 
2019-03-12T09:15:01,986012128+01:00
57.019194333
9.991670833
45.3924
nan
91.53
 
2019-03-12T09:15:02,185851732+01:00
57.019193833
9.991712333
45.2772
nan
91.39
 
2019-03-12T09:15:02,384835666+01:00
57.019193167
9.991753833
45.3636
nan
91.58
 
2019-03-12T09:15:02,583498454+01:00
57.019192667
9.991795167
45.2088
nan
91.54
 
2019-03-12T09:15:02,786531657+01:00
57.019192167
9.991836833
45.3924
nan
91.29
 
2019-03-12T09:15:02,978636674+01:00
57.019191667
9.991878167
45.1584
nan
91.35
 
2019-03-12T09:15:03,195255674+01:00
57.019191167
9.991919667
45.2736
nan
91.24
 
2019-03-12T09:15:03,586156026+01:00
57.019190333
9.992002167
45.1224
nan
91.19
 
2019-03-12T09:15:03,791705182+01:00
57.01919
9.9920435
45.162
nan
90.93
 
2019-03-12T09:15:03,994221525+01:00
57.019189833
9.992084667
45.0288
nan
90.79
 
2019-03-12T09:15:04,188588295+01:00
57.019189667
9.992125833
44.982
nan
90.81
 
2019-03-12T09:15:04,388829104+01:00
57.0191895
9.992167
45.0396
nan
90.69
 
2019-03-12T09:15:04,787156869+01:00
57.019189
9.992249167
44.82
nan
90.61
 
2019-03-12T09:15:05,184069314+01:00
57.019188667
9.992331
44.6436
nan
90.46
 
2019-03-12T09:15:05,383060291+01:00
57.0191885
9.992371667
44.5788
nan
90.69
 
2019-03-12T09:15:05,788657212+01:00
57.019188167
9.992452833
44.2728
nan
90.68
 
2019-03-12T09:15:05,988407914+01:00
57.019188
9.992493333
44.3376
nan
90.83
 
2019-03-12T09:15:06,386693851+01:00
57.019187667
9.992573833
44.0712
nan
91.0
 
2019-03-12T09:15:06,583192812+01:00
57.019187333
9.992613833
43.8516
nan
90.89
 
2019-03-12T09:15:06,783852425+01:00
57.019187
9.992653833
43.7292
nan
90.97
 
2019-03-12T09:15:07,188715659+01:00
57.0191865
9.9927335
43.5204
nan
91.0
 
2019-03-12T09:15:07,401204930+01:00
57.019186167
9.992773167
43.38
nan
90.94
 
2019-03-12T09:15:07,795743544+01:00
57.0191855
9.992852167
43.1136
nan
90.88
 
2019-03-12T09:15:08,023447424+01:00
57.019185
9.992891333
42.8076
nan
90.97
 
2019-03-12T09:15:08,218138420+01:00
57.019184667
9.992930167
42.6168
nan
90.97
 
2019-03-12T09:15:08,584433833+01:00
57.019184
9.993006833
41.5368
nan
90.92
 
2019-03-12T09:15:08,792454325+01:00
57.019183667
9.993045
41.688
nan
90.63
 
2019-03-12T09:15:09,196981872+01:00
57.019183333
9.993120167
40.9536
nan
90.29
 
2019-03-12T09:15:09,398302308+01:00
57.019183333
9.993157333
40.662
nan
90.23
 
2019-03-12T09:15:09,787094349+01:00
57.019183
9.993230833
40.0608
nan
90.12
 
2019-03-12T09:15:09,985158920+01:00
57.019182833
9.993267167
39.6828
nan
90.28
 
2019-03-12T09:15:10,386737484+01:00
57.019182333
9.993339167
39.2436
nan
90.8
 
2019-03-12T09:15:10,784890633+01:00
57.019181167
9.993409667
38.3832
nan
91.47
 
2019-03-12T09:15:10,985139298+01:00
57.0191805
9.9934445
38.106
nan
91.9
 
2019-03-12T09:15:11,385007994+01:00
57.019178167
9.993513167
37.3752
nan
94.08
 
2019-03-12T09:15:11,600420370+01:00
57.019176167
9.993546667
36.8316
nan
95.69
 
2019-03-12T09:15:11,988020816+01:00
57.019170667
9.9936125
36.0828
nan
99.47
 
2019-03-12T09:15:12,186289442+01:00
57.019167
9.993644667
35.8632
nan
101.21
 
2019-03-12T09:15:12,394811298+01:00
57.019162833
9.993676167
35.55
nan
103.72
 
2019-03-12T09:15:12,788956240+01:00
57.019152333
9.993737167
34.7796
nan
107.84
 
2019-03-12T09:15:12,990797216+01:00
57.019146667
9.993766667
34.3584
nan
109.73
 
2019-03-12T09:15:13,386397617+01:00
57.019133
9.993823833
33.8292
nan
113.82
 
2019-03-12T09:15:13,626110432+01:00
57.019125333
9.993851333
33.6996
nan
116.21
 
2019-03-12T09:15:14,192136640+01:00
57.019099833
9.993930667
33.2136
nan
122.6
 
2019-03-12T09:15:14,421924653+01:00
57.019090667
9.993955667
32.9076
nan
123.69
 
2019-03-12T09:15:14,784562084+01:00
57.019071667
9.994005
32.8572
nan
125.7
 
2019-03-12T09:15:14,982945685+01:00
57.019062333
9.994029333
32.7096
nan
125.71
 
2019-03-12T09:15:15,191746815+01:00
57.019052833
9.994053667
32.6196
nan
125.39
 
2019-03-12T09:15:15,381447413+01:00
57.019044
9.994078333
32.5188
nan
124.03
 
2019-03-12T09:15:15,593644919+01:00
57.019035333
9.994103167
32.1624
nan
122.4
 
2019-03-12T09:15:15,988659091+01:00
57.019019833
9.994155
32.4612
nan
117.63
 
2019-03-12T09:15:16,390479090+01:00
57.019006833
9.9942095
32.7744
nan
112.58
 
2019-03-12T09:15:16,583936813+01:00
57.019001333
9.994237833
32.8608
nan
109.71
 
2019-03-12T09:15:16,992351737+01:00
57.0189925
9.994296
33.1128
nan
104.35
 
2019-03-12T09:15:17,189005048+01:00
57.018989333
9.9943255
32.94
nan
101.21
 
2019-03-12T09:15:17,588855916+01:00
57.018986
9.994385333
33.2208
nan
95.25
 
2019-03-12T09:15:17,791021430+01:00
57.018985667
9.9944155
33.1776
nan
92.11
 
2019-03-12T09:15:17,984672316+01:00
57.018986333
9.994445833
33.228
nan
88.39
 
2019-03-12T09:15:18,389677623+01:00
57.0189905
9.994505667
32.9976
nan
81.57
 
2019-03-12T09:15:18,583380691+01:00
57.018994
9.994534833
32.85
nan
77.92
 
2019-03-12T09:15:18,794455828+01:00
57.0189985
9.994563667
32.742
nan
74.5
 
2019-03-12T09:15:18,988059840+01:00
57.019004
9.994591833
32.76
nan
71.15
 
2019-03-12T09:15:19,194943485+01:00
57.019010333
9.9946195
32.8464
nan
67.66
 
2019-03-12T09:15:19,389952215+01:00
57.019017333
9.9946465
32.7708
nan
64.77
 
2019-03-12T09:15:19,586541901+01:00
57.019025
9.994673
32.868
nan
62.15
 
2019-03-12T09:15:19,796758443+01:00
57.019033833
9.994698667
33.0156
nan
59.06
 
2019-03-12T09:15:19,991410762+01:00
57.019043167
9.994723667
33.0732
nan
56.15
 
2019-03-12T09:15:20,180994181+01:00
57.019053
9.994748167
33.2676
nan
54.04
 
2019-03-12T09:15:20,386736576+01:00
57.019063
9.994772333
33.3396
nan
52.87
 
2019-03-12T09:15:20,585684793+01:00
57.019073333
9.994796667
33.5124
nan
52.15
 
2019-03-12T09:15:20,790865613+01:00
57.0190835
9.994820833
33.5412
nan
52.38
 
2019-03-12T09:15:20,984353642+01:00
57.019093667
9.9948455
33.7464
nan
52.83
 
2019-03-12T09:15:21,186392203+01:00
57.0191035
9.994871
34.1856
nan
53.98
 
2019-03-12T09:15:21,385284591+01:00
57.019113167
9.994896833
34.38
nan
55.35
 
2019-03-12T09:15:21,585213824+01:00
57.019122333
9.9949235
34.5096
nan
56.89
 
2019-03-12T09:15:21,788726445+01:00
57.019131333
9.994950667
34.7184
nan
58.32
 
2019-03-12T09:15:21,990574431+01:00
57.019139833
9.994978667
35.172
nan
60.03
 
2019-03-12T09:15:22,181902257+01:00
57.019147833
9.995007333
35.4132
nan
62.02
 
2019-03-12T09:15:22,388671562+01:00
57.0191555
9.995036667
35.6616
nan
63.67
 
2019-03-12T09:15:22,587554442+01:00
57.0191625
9.9950665
35.7876
nan
65.89
 
2019-03-12T09:15:22,791141561+01:00
57.019168833
9.995097333
36.0504
nan
68.26
 
2019-03-12T09:15:22,994519953+01:00
57.019174667
9.995128833
36.3636
nan
70.26
 
2019-03-12T09:15:23,190767545+01:00
57.01918
9.995160333
36.27
nan
71.88
 
2019-03-12T09:15:23,389932044+01:00
57.019184667
9.9951925
36.4932
nan
74.34
 
2019-03-12T09:15:23,591754383+01:00
57.019188833
9.995224833
36.432
nan
76.24
 
2019-03-12T09:15:23,786199142+01:00
57.019192167
9.995258
36.8784
nan
78.5
 
2019-03-12T09:15:23,989998087+01:00
57.019195167
9.995290833
36.486
nan
80.22
 
2019-03-12T09:15:24,188513355+01:00
57.019198
9.995323833
36.8388
nan
80.79
 
2019-03-12T09:15:24,394462844+01:00
57.019200667
9.995357667
37.3356
nan
81.77
 
2019-03-12T09:15:24,584707311+01:00
57.019203
9.995391333
37.2708
nan
82.69
 
2019-03-12T09:15:24,786860234+01:00
57.019205
9.9954255
37.6128
nan
83.83
 
2019-03-12T09:15:24,985894974+01:00
57.019206833
9.995459833
37.7568
nan
84.29
 
2019-03-12T09:15:25,195754015+01:00
57.0192085
9.995494333
38.0124
nan
84.56
 
2019-03-12T09:15:25,389688682+01:00
57.0192105
9.995529
38.286
nan
84.41
 
2019-03-12T09:15:25,585187241+01:00
57.019212333
9.995564
38.4804
nan
84.72
 
2019-03-12T09:15:25,784227586+01:00
57.019214
9.995599333
38.79
nan
84.78
 
2019-03-12T09:15:25,987482438+01:00
57.019215667
9.995634833
39.096
nan
84.99
 
2019-03-12T09:15:26,185442548+01:00
57.019217667
9.995670667
39.3984
nan
84.96
 
2019-03-12T09:15:26,393972502+01:00
57.019219667
9.995706833
39.762
nan
84.92
 
2019-03-12T09:15:26,595570743+01:00
57.019221667
9.995743167
40.0716
nan
84.94
 
2019-03-12T09:15:26,787316114+01:00
57.0192235
9.995779833
40.4388
nan
84.96
 
2019-03-12T09:15:26,986316569+01:00
57.019225
9.995816833
40.5504
nan
85.13
 
2019-03-12T09:15:27,188520937+01:00
57.019226833
9.995854167
40.9788
nan
85.26
 
2019-03-12T09:15:27,388186849+01:00
57.0192285
9.995891833
41.3712
nan
85.32
 
2019-03-12T09:15:27,590245358+01:00
57.019230333
9.995929833
41.7672
nan
85.35
 
2019-03-12T09:15:27,782168216+01:00
57.019232
9.995968
41.8788
nan
85.69
 
2019-03-12T09:15:27,988721513+01:00
57.019233667
9.9960065
42.2748
nan
85.6
 
2019-03-12T09:15:28,202932145+01:00
57.019235333
9.996045333
42.5484
nan
85.61
 
2019-03-12T09:15:28,395305671+01:00
57.019237
9.996084333
42.8076
nan
85.35
 
2019-03-12T09:15:28,586599749+01:00
57.019238833
9.996123667
43.1244
nan
85.41
 
2019-03-12T09:15:28,792260748+01:00
57.019240667
9.996163167
43.3656
nan
85.44
 
2019-03-12T09:15:28,987746844+01:00
57.0192425
9.996202833
43.5564
nan
85.35
 
2019-03-12T09:15:29,185429052+01:00
57.0192445
9.996242833
43.902
nan
85.18
 
2019-03-12T09:15:29,385022151+01:00
57.019246333
9.996283
44.0244
nan
85.26
 
2019-03-12T09:15:29,587958361+01:00
57.019248333
9.996323333
44.2404
nan
85.15
 
2019-03-12T09:15:29,794512363+01:00
57.019250333
9.996363667
44.4096
nan
85.15
 
2019-03-12T09:15:29,989200872+01:00
57.019252333
9.996404333
44.6796
nan
85.09
 
2019-03-12T09:15:30,193560740+01:00
57.0192545
9.996445
44.8236
nan
85.02
 
2019-03-12T09:15:30,398836456+01:00
57.0192565
9.996486
44.9352
nan
85.08
 
2019-03-12T09:15:30,580984565+01:00
57.0192585
9.996527
45.0792
nan
84.87
 
2019-03-12T09:15:30,791374473+01:00
57.019260667
9.996568
45.2484
nan
84.66
 
2019-03-12T09:15:30,988590488+01:00
57.019263
9.996609167
45.3276
nan
84.38
 
2019-03-12T09:15:31,191520336+01:00
57.019265333
9.996650333
45.3708
nan
84.29
 
2019-03-12T09:15:31,391719400+01:00
57.0192675
9.996691667
45.5184
nan
84.4
 
2019-03-12T09:15:31,588074996+01:00
57.019269833
9.996733
45.4716
nan
84.28
 
2019-03-12T09:15:31,787472744+01:00
57.019272167
9.9967745
45.6516
nan
84.24
 
2019-03-12T09:15:31,986434339+01:00
57.0192745
9.996815833
45.5724
nan
84.3
 
2019-03-12T09:15:32,197051612+01:00
57.019276833
9.996857333
45.6012
nan
84.24
 
2019-03-12T09:15:32,389750763+01:00
57.019279167
9.996898833
45.7128
nan
84.24
 
2019-03-12T09:15:32,589386090+01:00
57.0192815
9.9969405
45.8244
nan
84.19
 
2019-03-12T09:15:32,788558974+01:00
57.019283833
9.996982
45.738
nan
84.34
 
2019-03-12T09:15:32,987172945+01:00
57.019286167
9.997023667
45.7668
nan
84.26
 
2019-03-12T09:15:33,191999498+01:00
57.019288667
9.997065167
45.7164
nan
83.97
 
2019-03-12T09:15:33,599779243+01:00
57.0192935
9.997148
45.54
nan
83.96
 
2019-03-12T09:15:33,793668053+01:00
57.019296167
9.997188833
45.1116
nan
83.52
 
2019-03-12T09:15:33,990716824+01:00
57.019298667
9.997229333
44.802
nan
83.62
 
2019-03-12T09:15:34,195953331+01:00
57.019301333
9.997269667
44.5212
nan
83.23
 
2019-03-12T09:15:34,389661828+01:00
57.019304167
9.99731
44.5428
nan
83.06
 
2019-03-12T09:15:34,594243103+01:00
57.019307
9.997350333
44.5176
nan
82.98
 
2019-03-12T09:15:34,788747979+01:00
57.019309667
9.997390667
44.5428
nan
82.89
 
2019-03-12T09:15:34,996012784+01:00
57.019312667
9.997431
44.4708
nan
82.66
 
2019-03-12T09:15:35,213877473+01:00
57.0193155
9.997471333
44.5392
nan
82.63
 
2019-03-12T09:15:35,617117276+01:00
57.0193215
9.997552333
44.712
nan
82.52
 
2019-03-12T09:15:35,987647392+01:00
57.0193275
9.997633667
44.9568
nan
82.1
 
2019-03-12T09:15:36,218117987+01:00
57.0193305
9.9976745
45.0108
nan
82.08
 
2019-03-12T09:15:36,399318172+01:00
57.019333667
9.997715333
45.162
nan
81.95
 
2019-03-12T09:15:36,591090240+01:00
57.019336833
9.997756333
45.36
nan
81.93
 
2019-03-12T09:15:36,816859058+01:00
57.01934
9.9977975
45.3348
nan
82.02
 
2019-03-12T09:15:37,000132208+01:00
57.019343
9.997838667
45.5076
nan
82.04
 
2019-03-12T09:15:37,391223945+01:00
57.019349333
9.997921333
45.6768
nan
81.96
 
2019-03-12T09:15:37,596827344+01:00
57.0193525
9.997962833
45.8136
nan
82.1
 
2019-03-12T09:15:37,991094181+01:00
57.019358833
9.998046167
45.9432
nan
82.12
 
2019-03-12T09:15:38,195126449+01:00
57.019361833
9.998088
46.1556
nan
82.27
 
2019-03-12T09:15:38,388353644+01:00
57.019365
9.998129833
46.1484
nan
82.19
 
2019-03-12T09:15:38,589494043+01:00
57.019368167
9.998171833
46.314
nan
82.25
 
2019-03-12T09:15:38,795644229+01:00
57.019371333
9.998213833
46.4112
nan
82.21
 
2019-03-12T09:15:38,986572219+01:00
57.0193745
9.998256
46.494
nan
82.23
 
2019-03-12T09:15:39,189344441+01:00
57.019377667
9.998298167
46.584
nan
82.05
 
2019-03-12T09:15:39,387962996+01:00
57.019381
9.998340333
46.6704
nan
81.9
 
2019-03-12T09:15:39,586676258+01:00
57.019384333
9.998382667
46.8288
nan
81.79
 
2019-03-12T09:15:39,787164102+01:00
57.019387667
9.998425167
46.818
nan
81.71
 
2019-03-12T09:15:39,995556550+01:00
57.019391
9.9984675
46.9296
nan
81.55
 
2019-03-12T09:15:40,191965957+01:00
57.019394667
9.998510167
47.0484
nan
81.29
 
2019-03-12T09:15:40,388113935+01:00
57.019398167
9.998552667
47.052
nan
81.24
 
2019-03-12T09:15:40,591402116+01:00
57.019401833
9.998595167
47.1564
nan
81.02
 
2019-03-12T09:15:40,794829244+01:00
57.0194055
9.998637833
47.2356
nan
80.94
 
2019-03-12T09:15:40,988766473+01:00
57.019409167
9.9986805
47.2284
nan
80.75
 
2019-03-12T09:15:41,199302390+01:00
57.019413
9.998723167
47.304
nan
80.84
 
2019-03-12T09:15:41,389616064+01:00
57.019416833
9.998766
47.286
nan
80.6
 
2019-03-12T09:15:41,589931971+01:00
57.019420667
9.998808667
47.3616
nan
80.38
 
2019-03-12T09:15:41,799009227+01:00
57.0194245
9.998851333
47.3364
nan
80.51
 
2019-03-12T09:15:41,992909655+01:00
57.019428333
9.998894
47.2572
nan
80.52
 
2019-03-12T09:15:42,207271770+01:00
57.019432
9.998936667
47.2932
nan
80.66
 
2019-03-12T09:15:42,416730695+01:00
57.019435833
9.998979333
47.2752
nan
80.69
 
2019-03-12T09:15:42,589194251+01:00
57.0194395
9.999021833
47.178
nan
80.59
 
2019-03-12T09:15:42,812840140+01:00
57.019443333
9.999064333
47.1384
nan
80.7
 
2019-03-12T09:15:43,197675329+01:00
57.019450667
9.999149333
47.0304
nan
80.74
 
2019-03-12T09:15:43,392561313+01:00
57.0194545
9.999191667
47.0772
nan
80.57
 
2019-03-12T09:15:43,596846529+01:00
57.019458
9.999234
46.9728
nan
80.68
 
2019-03-12T09:15:43,996920315+01:00
57.019465833
9.999318667
47.0448
nan
80.12
 
2019-03-12T09:15:44,392136124+01:00
57.019474167
9.999403167
47.1132
nan
79.63
 
2019-03-12T09:15:44,590669354+01:00
57.019478333
9.999445333
46.9764
nan
79.53
 
2019-03-12T09:15:44,794886727+01:00
57.0194825
9.999487667
47.1456
nan
79.37
 
2019-03-12T09:15:44,988692952+01:00
57.019487
9.99953
47.124
nan
79.1
 
2019-03-12T09:15:45,388492382+01:00
57.019495833
9.9996145
47.1852
nan
78.82
 
2019-03-12T09:15:45,593714898+01:00
57.019500333
9.999656833
47.2392
nan
78.87
 
2019-03-12T09:15:45,785987445+01:00
57.019505
9.999699333
47.4372
nan
78.67
 
2019-03-12T09:15:46,014151713+01:00
57.0195095
9.999741833
47.394
nan
78.57
 
2019-03-12T09:15:46,198769063+01:00
57.019514167
9.999784167
47.3508
nan
78.49
 
2019-03-12T09:15:46,395378217+01:00
57.019518833
9.999826667
47.4732
nan
78.6
 
2019-03-12T09:15:46,605264214+01:00
57.0195235
9.999869167
47.4444
nan
78.53
 
2019-03-12T09:15:46,791888936+01:00
57.019528167
9.999911667
47.5452
nan
78.51
 
2019-03-12T09:15:46,997054553+01:00
57.019532833
9.999954333
47.5524
nan
78.51
 
2019-03-12T09:15:47,190580400+01:00
57.019537667
9.999996833
47.574
nan
78.47
 
2019-03-12T09:15:47,388533470+01:00
57.0195425
10.000039333
47.5488
nan
78.14
 
2019-03-12T09:15:47,592923023+01:00
57.019547333
10.000082
47.6316
nan
78.2
 
2019-03-12T09:15:47,791418054+01:00
57.019552167
10.0001245
47.646
nan
78.01
 
2019-03-12T09:15:47,989447992+01:00
57.019557333
10.000167167
47.6244
nan
77.82
 
2019-03-12T09:15:48,198380562+01:00
57.019562167
10.000209667
47.61
nan
77.98
 
2019-03-12T09:15:48,391114782+01:00
57.019567167
10.000252167
47.61
nan
77.95
 
2019-03-12T09:15:48,589347758+01:00
57.019572
10.000294833
47.6604
nan
78.03
 
2019-03-12T09:15:48,790293417+01:00
57.019577
10.000337333
47.7036
nan
77.93
 
2019-03-12T09:15:48,986800965+01:00
57.019581833
10.00038
47.6964
nan
78.03
 
2019-03-12T09:15:49,192995076+01:00
57.019586667
10.000422667
47.7504
nan
78.05
 
2019-03-12T09:15:49,387695952+01:00
57.0195915
10.000465167
47.682
nan
78.17
 
2019-03-12T09:15:49,595695360+01:00
57.019596333
10.000507667
47.6424
nan
78.06
 
2019-03-12T09:15:49,803906019+01:00
57.019601333
10.000550167
47.6496
nan
77.95
 
2019-03-12T09:15:49,992552239+01:00
57.019606167
10.000592833
47.6892
nan
77.9
 
2019-03-12T09:15:50,187823041+01:00
57.019611333
10.000635167
47.646
nan
77.52
 
2019-03-12T09:15:50,391654693+01:00
57.019616333
10.0006775
47.5416
nan
77.38
 
2019-03-12T09:15:50,600771513+01:00
57.0196215
10.00072
47.5884
nan
77.24
 
2019-03-12T09:15:50,811154081+01:00
57.019626833
10.000762333
47.5668
nan
76.97
 
2019-03-12T09:15:51,020579098+01:00
57.019632167
10.0008045
47.4624
nan
76.96
 
2019-03-12T09:15:51,392791991+01:00
57.019642667
10.000889
47.4372
nan
77.08
 
2019-03-12T09:15:51,604549119+01:00
57.019647833
10.000931167
47.3976
nan
77.09
 
2019-03-12T09:15:51,800352099+01:00
57.019653167
10.000973333
47.4156
nan
77.0
 
2019-03-12T09:15:51,990595255+01:00
57.0196585
10.001015333
47.322
nan
76.99
 
2019-03-12T09:15:52,187937151+01:00
57.019663667
10.001057167
47.2968
nan
76.98
 
2019-03-12T09:15:52,391925732+01:00
57.019669
10.001099167
47.214
nan
76.74
 
2019-03-12T09:15:52,583902779+01:00
57.0196745
10.001141
47.178
nan
76.75
 
2019-03-12T09:15:52,802674242+01:00
57.019679833
10.001182833
47.1312
nan
76.55
 
2019-03-12T09:15:52,990584116+01:00
57.019685333
10.001224667
47.0088
nan
76.39
 
2019-03-12T09:15:53,194866366+01:00
57.019690833
10.001266333
46.908
nan
76.56
 
2019-03-12T09:15:53,409238670+01:00
57.019696167
10.001308
46.8972
nan
76.51
 
2019-03-12T09:15:53,613232300+01:00
57.0197015
10.001349667
46.7856
nan
76.76
 
2019-03-12T09:15:53,785286308+01:00
57.019706833
10.001391167
46.7136
nan
76.81
 
2019-03-12T09:15:53,992210786+01:00
57.019712
10.001432667
46.638
nan
77.01
 
2019-03-12T09:15:54,214752552+01:00
57.019717
10.001474167
46.5984
nan
77.08
 
2019-03-12T09:15:54,388967593+01:00
57.019722167
10.0015155
46.4436
nan
77.12
 
2019-03-12T09:15:54,586226895+01:00
57.019727167
10.001556833
46.3536
nan
77.09
 
2019-03-12T09:15:54,826777210+01:00
57.019732333
10.001598
46.3572
nan
77.11
 
2019-03-12T09:15:54,990564337+01:00
57.019737333
10.001639333
46.3644
1.5
77.29
 
2019-03-12T09:15:55,196239410+01:00
57.019742333
10.0016805
46.17
nan
77.22
 
2019-03-12T09:15:55,397455184+01:00
57.0197475
10.0017215
46.0692
nan
77.24
 
2019-03-12T09:15:55,595722646+01:00
57.019752667
10.0017625
46.008
nan
76.95
 
2019-03-12T09:15:55,788022457+01:00
57.019757667
10.0018035
45.9828
nan
76.88
 
2019-03-12T09:15:55,994529550+01:00
57.019763
10.0018445
45.9504
nan
76.62
 
2019-03-12T09:15:56,191921479+01:00
57.019768333
10.001885167
45.7848
nan
76.6
 
2019-03-12T09:15:56,396107802+01:00
57.019773667
10.001925833
45.684
nan
76.41
 
2019-03-12T09:15:56,587452812+01:00
57.019779167
10.0019665
45.648
nan
76.14
 
2019-03-12T09:15:56,796695188+01:00
57.0197845
10.002007
45.4644
nan
76.36
 
2019-03-12T09:15:56,987327887+01:00
57.01979
10.002047333
45.3312
nan
76.08
 
2019-03-12T09:15:57,194827484+01:00
57.0197955
10.002087667
45.3456
nan
76.0
 
2019-03-12T09:15:57,391321215+01:00
57.019801
10.002127833
45.3024
nan
75.97
 
2019-03-12T09:15:57,591384736+01:00
57.0198065
10.002168
45.0468
nan
75.99
 
2019-03-12T09:15:57,790979038+01:00
57.019811833
10.002207833
44.9316
nan
75.95
 
2019-03-12T09:15:58,002464478+01:00
57.019817333
10.002247833
44.9208
nan
75.95
 
2019-03-12T09:15:58,186418152+01:00
57.019822667
10.0022875
44.6652
nan
76.1
 
2019-03-12T09:15:58,392174519+01:00
57.019828167
10.002327167
44.6292
nan
76.03
 
2019-03-12T09:15:58,592800015+01:00
57.0198335
10.002366667
44.4996
nan
76.18
 
2019-03-12T09:15:58,793072738+01:00
57.019838833
10.002406167
44.3484
nan
76.24
 
2019-03-12T09:15:59,000672517+01:00
57.019844
10.0024455
44.3232
nan
76.25
 
2019-03-12T09:15:59,191597110+01:00
57.019849333
10.002484833
44.1828
nan
76.15
 
2019-03-12T09:15:59,396314182+01:00
57.0198545
10.002524
43.9848
nan
76.36
 
2019-03-12T09:15:59,598010876+01:00
57.019859667
10.002563167
43.9524
nan
76.23
 
2019-03-12T09:15:59,788228334+01:00
57.019864667
10.002602167
43.7976
nan
76.37
 
2019-03-12T09:15:59,993709382+01:00
57.019869833
10.002641
43.7436
nan
76.3
 
2019-03-12T09:16:00,189242314+01:00
57.019875
10.002679833
43.5816
nan
76.41
 
2019-03-12T09:16:00,414494564+01:00
57.01988
10.0027185
43.4448
nan
76.32
 
2019-03-12T09:16:00,593593013+01:00
57.019885
10.002757167
43.4556
nan
76.46
 
2019-03-12T09:16:00,795442985+01:00
57.019890167
10.002795833
43.4772
nan
76.39
 
2019-03-12T09:16:00,989116555+01:00
57.019895
10.002834333
43.29
nan
76.53
 
2019-03-12T09:16:01,195675156+01:00
57.019900167
10.002872833
43.4412
nan
76.48
 
2019-03-12T09:16:01,392609608+01:00
57.019905
10.002911333
43.2504
nan
76.62
 
2019-03-12T09:16:01,598253548+01:00
57.01991
10.002949833
43.308
nan
76.52
 
2019-03-12T09:16:01,803496248+01:00
57.019915
10.002988
43.0596
nan
76.55
 
2019-03-12T09:16:01,994710565+01:00
57.01992
10.003026333
43.1208
nan
76.31
 
2019-03-12T09:16:02,194298958+01:00
57.019925167
10.0030645
42.9012
nan
76.32
 
2019-03-12T09:16:02,394892495+01:00
57.019930167
10.0031025
42.8472
nan
76.46
 
2019-03-12T09:16:02,594967322+01:00
57.019935167
10.0031405
42.8076
nan
76.29
 
2019-03-12T09:16:02,798881569+01:00
57.019940167
10.003178333
42.5556
nan
76.35
 
2019-03-12T09:16:03,017757951+01:00
57.019945167
10.003216
42.6132
nan
76.29
 
2019-03-12T09:16:03,196365868+01:00
57.019950333
10.0032535
42.336
nan
76.3
 
2019-03-12T09:16:03,396961205+01:00
57.019955333
10.003291
42.2676
nan
76.21
 
2019-03-12T09:16:03,593304805+01:00
57.019960333
10.003328333
42.1128
nan
76.17
 
2019-03-12T09:16:03,796401660+01:00
57.019965167
10.003365667
42.1092
nan
76.23
 
2019-03-12T09:16:03,998020478+01:00
57.019970167
10.0034025
41.5584
nan
75.99
 
2019-03-12T09:16:04,199616145+01:00
57.019975167
10.003439
41.3208
nan
75.9
 
2019-03-12T09:16:04,397224843+01:00
57.019980167
10.003475167
40.9104
nan
75.81
 
2019-03-12T09:16:04,606550630+01:00
57.019985167
10.003511333
40.7448
nan
75.7
 
2019-03-12T09:16:04,997940868+01:00
57.019995
10.003582167
39.9636
nan
75.44
 
2019-03-12T09:16:05,198667201+01:00
57.02
10.0036175
39.7656
nan
75.6
 
2019-03-12T09:16:05,397687019+01:00
57.020004833
10.003652
39.2364
nan
75.36
 
2019-03-12T09:16:05,597888067+01:00
57.020009833
10.003686667
39.114
nan
75.33
 
2019-03-12T09:16:05,824232127+01:00
57.020014667
10.003720833
38.736
nan
75.22
 
2019-03-12T09:16:06,019305193+01:00
57.020019667
10.003755
38.6496
nan
75.1
 
2019-03-12T09:16:06,192644194+01:00
57.020024333
10.0037885
37.998
nan
75.23
 
2019-03-12T09:16:06,395066584+01:00
57.020029167
10.003821667
37.6776
nan
75.04
 
2019-03-12T09:16:06,598753596+01:00
57.020034
10.003854667
37.3212
nan
75.22
 
2019-03-12T09:16:06,800529718+01:00
57.0200385
10.003887333
36.9828
nan
75.31
 
2019-03-12T09:16:06,995596373+01:00
57.020043167
10.003919667
36.612
nan
75.66
 
2019-03-12T09:16:07,200588824+01:00
57.020047333
10.003951833
36.1872
nan
76.24
 
2019-03-12T09:16:07,397169732+01:00
57.020051167
10.003983667
35.784
nan
77.3
 
2019-03-12T09:16:07,620472644+01:00
57.020054833
10.0040155
35.6724
nan
77.85
 
2019-03-12T09:16:07,790815818+01:00
57.020058
10.004047
34.992
nan
79.15
 
2019-03-12T09:16:07,998115024+01:00
57.020060667
10.004078333
34.7688
nan
80.86
 
2019-03-12T09:16:08,211854528+01:00
57.020062833
10.00411
34.8048
nan
82.46
 
2019-03-12T09:16:08,397360351+01:00
57.0200645
10.0041415
34.524
nan
84.45
 
2019-03-12T09:16:08,600013194+01:00
57.0200655
10.004173
34.4268
nan
86.18
 
2019-03-12T09:16:08,800108489+01:00
57.020066
10.004204333
34.2216
nan
88.04
 
2019-03-12T09:16:09,001970241+01:00
57.020066
10.004235833
34.3152
nan
90.21
 
2019-03-12T09:16:09,204520851+01:00
57.020065
10.004266833
34.002
nan
92.68
 
2019-03-12T09:16:09,412630025+01:00
57.0200635
10.004297833
33.9552
nan
95.17
 
2019-03-12T09:16:09,606726065+01:00
57.020061
10.004328667
33.8076
nan
97.76
 
2019-03-12T09:16:09,801867826+01:00
57.020058167
10.004359
33.4944
nan
100.13
 
2019-03-12T09:16:09,995593279+01:00
57.020054333
10.004388667
33.2352
nan
102.77
 
2019-03-12T09:16:10,195989669+01:00
57.020049833
10.004418333
33.39
nan
105.2
 
2019-03-12T09:16:10,397419954+01:00
57.0200445
10.004447333
33.1956
nan
108.15
 
2019-03-12T09:16:10,598127878+01:00
57.020038667
10.004476
33.2208
nan
110.38
 
2019-03-12T09:16:10,802980820+01:00
57.020032333
10.004504167
33.1704
nan
112.49
 
2019-03-12T09:16:10,995784260+01:00
57.020025667
10.004531833
33.156
nan
114.04
 
2019-03-12T09:16:11,208376192+01:00
57.020018667
10.004559333
33.1524
nan
115.44
 
2019-03-12T09:16:11,597732821+01:00
57.020003667
10.004614
33.3
nan
116.89
 
2019-03-12T09:16:11,994615497+01:00
57.019989
10.004668833
33.4944
nan
116.24
 
2019-03-12T09:16:12,201722846+01:00
57.019982
10.004696667
33.5592
nan
115.04
 
2019-03-12T09:16:12,414993212+01:00
57.019975333
10.004724667
33.5448
nan
113.49
 
2019-03-12T09:16:12,799508214+01:00
57.019964333
10.0047825
33.4692
nan
108.87
 
2019-03-12T09:16:13,196367514+01:00
57.019956167
10.004841333
33.048
nan
103.8
 
2019-03-12T09:16:13,390816194+01:00
57.0199535
10.004871
32.814
nan
100.53
 
2019-03-12T09:16:13,600871217+01:00
57.0199515
10.004900833
32.9148
nan
98.04
 
2019-03-12T09:16:13,798326276+01:00
57.019950333
10.004930833
32.7132
nan
94.76
 
2019-03-12T09:16:14,011534450+01:00
57.01995
10.004960833
32.7708
nan
92.14
 
2019-03-12T09:16:14,194332418+01:00
57.0199505
10.0049905
32.5188
nan
88.58
 
2019-03-12T09:16:14,397529877+01:00
57.019951833
10.005020333
32.7528
nan
85.81
 
2019-03-12T09:16:14,595946676+01:00
57.019954167
10.005050167
32.9328
nan
82.21
 
2019-03-12T09:16:14,797145601+01:00
57.019957333
10.005079833
32.9544
nan
79.56
 
2019-03-12T09:16:14,997593562+01:00
57.019961167
10.005109
32.9364
nan
76.47
 
2019-03-12T09:16:15,199022189+01:00
57.019966
10.005137833
33.0552
nan
73.32
 
2019-03-12T09:16:15,395973502+01:00
57.019971667
10.0051665
33.1992
nan
70.72
 
2019-03-12T09:16:15,597506636+01:00
57.019978
10.005194667
33.3036
nan
67.9
 
2019-03-12T09:16:15,805393813+01:00
57.019984833
10.005222333
33.2928
nan
65.51
 
2019-03-12T09:16:16,000574318+01:00
57.019992667
10.005249167
33.21
nan
62.45
 
2019-03-12T09:16:16,198157710+01:00
57.020001167
10.005275167
33.1524
nan
59.69
 
2019-03-12T09:16:16,400053757+01:00
57.0200105
10.005300333
33.1668
nan
56.2
 
2019-03-12T09:16:16,594126812+01:00
57.020020333
10.005324333
32.886
nan
53.26
 
2019-03-12T09:16:16,795901000+01:00
57.020031
10.005347333
32.8788
nan
50.31
 
2019-03-12T09:16:16,993484293+01:00
57.020042167
10.005369333
32.67
nan
47.68
 
2019-03-12T09:16:17,206270018+01:00
57.020053833
10.0053905
32.7672
nan
45.16
 
2019-03-12T09:16:17,402954517+01:00
57.020066
10.005410667
32.6808
nan
42.44
 
2019-03-12T09:16:17,598391331+01:00
57.020078667
10.005429833
32.7636
nan
40.11
 
2019-03-12T09:16:17,799399722+01:00
57.020091667
10.005448333
32.7348
nan
38.2
 
2019-03-12T09:16:18,003317010+01:00
57.020104833
10.005466
32.634
nan
36.0
 
2019-03-12T09:16:18,199875788+01:00
57.020118167
10.005482667
32.4756
nan
34.28
 
2019-03-12T09:16:18,398794038+01:00
57.020131833
10.005498833
32.4468
nan
33.33
 
2019-03-12T09:16:18,603011334+01:00
57.0201455
10.005515167
32.5116
nan
33.19
 
2019-03-12T09:16:19,006453688+01:00
57.020172333
10.005548167
32.1984
nan
34.39
 
2019-03-12T09:16:19,198510398+01:00
57.020185333
10.0055655
32.094
nan
36.35
 
2019-03-12T09:16:19,397174268+01:00
57.020198
10.005583667
32.1084
nan
38.11
 
2019-03-12T09:16:19,796787226+01:00
57.020221833
10.005623167
32.0148
nan
42.88
 
2019-03-12T09:16:19,998524491+01:00
57.020233
10.0056445
32.4072
nan
45.93
 
2019-03-12T09:16:20,400349961+01:00
57.020253167
10.005689833
31.878
nan
51.59
 
2019-03-12T09:16:20,603191701+01:00
57.0202625
10.005714333
32.5836
nan
54.86
 
2019-03-12T09:16:20,800350544+01:00
57.020271
10.005739833
32.67
nan
58.11
 
2019-03-12T09:16:21,198867978+01:00
57.020286333
10.005793333
33.0696
nan
62.91
 
2019-03-12T09:16:21,407026553+01:00
57.020293167
10.0058215
33.5988
nan
65.34
 
2019-03-12T09:16:21,596248747+01:00
57.020299167
10.0058505
33.8904
nan
68.13
 
2019-03-12T09:16:21,798096695+01:00
57.020305167
10.005879833
33.9408
nan
69.36
 
2019-03-12T09:16:22,011089985+01:00
57.0203105
10.005909833
34.5744
nan
71.41
 
2019-03-12T09:16:22,194563806+01:00
57.0203155
10.005940167
34.8192
nan
72.73
 
2019-03-12T09:16:22,402377175+01:00
57.0203205
10.005971167
35.208
nan
73.4
 
2019-03-12T09:16:22,602709288+01:00
57.020325167
10.006002333
35.4816
nan
73.78
 
2019-03-12T09:16:22,995899744+01:00
57.020335
10.006066
36.0828
nan
74.26
 
2019-03-12T09:16:23,397988629+01:00
57.0203445
10.0061305
36.6444
nan
74.26
 
2019-03-12T09:16:23,611225629+01:00
57.0203495
10.006162833
36.9504
nan
74.39
 
2019-03-12T09:16:24,003435581+01:00
57.020359333
10.006228833
37.5228
nan
74.47
 
2019-03-12T09:16:24,199399185+01:00
57.020364333
10.006262333
37.764
nan
74.67
 
2019-03-12T09:16:24,597924003+01:00
57.020374333
10.006329833
38.232
nan
74.5
 
2019-03-12T09:16:24,803699722+01:00
57.020379333
10.006363833
38.5884
nan
74.72
 
2019-03-12T09:16:25,003633221+01:00
57.0203845
10.006398
38.6316
nan
74.6
 
2019-03-12T09:16:25,396889469+01:00
57.020394667
10.006467167
39.2292
nan
74.72
 
2019-03-12T09:16:25,599657559+01:00
57.020399833
10.006502167
39.474
nan
74.57
 
2019-03-12T09:16:26,003560629+01:00
57.020410333
10.006572333
40.0176
nan
74.63
 
2019-03-12T09:16:26,209368663+01:00
57.020415667
10.006607833
40.1904
nan
74.79
 
2019-03-12T09:16:26,401697521+01:00
57.020420833
10.006643833
40.4748
nan
74.95
 
2019-03-12T09:16:26,801546541+01:00
57.020431333
10.006715833
40.8276
nan
74.9
 
2019-03-12T09:16:27,004206811+01:00
57.020436667
10.006752167
41.1804
nan
74.9
 
2019-03-12T09:16:27,208831640+01:00
57.020442
10.006788667
41.3424
nan
74.91
 
2019-03-12T09:16:27,398558597+01:00
57.0204475
10.0068255
41.6628
nan
74.98
 
2019-03-12T09:16:27,599378805+01:00
57.020453
10.006862333
41.7672
nan
75.03
 
2019-03-12T09:16:27,796208168+01:00
57.020458167
10.0068995
42.0876
nan
75.26
 
2019-03-12T09:16:28,002923013+01:00
57.0204635
10.006936667
42.0948
nan
75.01
 
2019-03-12T09:16:28,225138696+01:00
57.020469
10.006974
42.174
nan
74.84
 
2019-03-12T09:16:28,400995838+01:00
57.0204745
10.007011333
42.3432
nan
74.88
 
2019-03-12T09:16:28,596675935+01:00
57.020479667
10.007048833
42.4548
nan
75.27
 
2019-03-12T09:16:29,000737928+01:00
57.0204905
10.007124
42.7068
nan
75.05
 
2019-03-12T09:16:29,230780111+01:00
57.020495833
10.0071615
42.5808
nan
74.97
 
2019-03-12T09:16:29,612593367+01:00
57.020506667
10.007237
42.8508
nan
75.28
 
2019-03-12T09:16:30,226212601+01:00
57.020522833
10.0073505
42.8328
nan
75.1
 
2019-03-12T09:16:30,410771848+01:00
57.020528333
10.0073885
42.9516
nan
75.08
 
2019-03-12T09:16:30,628409415+01:00
57.020533833
10.0074265
43.0704
nan
74.72
 
2019-03-12T09:16:30,802247647+01:00
57.020539333
10.0074645
43.0668
nan
74.98
 
2019-03-12T09:16:30,999385060+01:00
57.020544833
10.0075025
43.0092
nan
74.93
 
2019-03-12T09:16:31,198731736+01:00
57.020550333
10.0075405
43.1604
nan
74.93
 
2019-03-12T09:16:31,402936153+01:00
57.020556
10.0075785
43.1316
nan
74.52
 
2019-03-12T09:16:31,605579890+01:00
57.020561667
10.007616667
43.1892
nan
74.62
 
2019-03-12T09:16:31,798467040+01:00
57.0205675
10.0076545
43.1424
nan
74.43
 
2019-03-12T09:16:31,999427325+01:00
57.020573
10.007693
43.4016
nan
74.77
 
2019-03-12T09:16:32,203697584+01:00
57.020578667
10.007731
43.2432
nan
74.39
 
2019-03-12T09:16:32,404604266+01:00
57.020584333
10.007769333
43.3944
nan
74.56
 
2019-03-12T09:16:32,614626041+01:00
57.02059
10.0078075
43.344
nan
74.5
 
2019-03-12T09:16:32,831369722+01:00
57.020595833
10.007845667
43.3368
nan
74.43
 
2019-03-12T09:16:32,996316351+01:00
57.020602
10.007883833
43.3944
nan
73.93
 
2019-03-12T09:16:33,224175986+01:00
57.020607667
10.007922
43.4376
nan
74.44
 
2019-03-12T09:16:33,401495067+01:00
57.020613333
10.007960333
43.4628
nan
74.44
 
2019-03-12T09:16:33,606429596+01:00
57.020619167
10.0079985
43.4268
nan
74.5
 
2019-03-12T09:16:33,803239650+01:00
57.020624667
10.008036833
43.4016
nan
74.89
 
2019-03-12T09:16:33,993889110+01:00
57.020630333
10.008075
43.3296
nan
74.96
 
2019-03-12T09:16:34,200374883+01:00
57.020635833
10.008113333
43.3836
nan
75.18
 
2019-03-12T09:16:34,401509680+01:00
57.020641167
10.008151667
43.2648
nan
75.37
 
2019-03-12T09:16:34,601075320+01:00
57.020646667
10.008189667
43.1244
nan
75.31
 
2019-03-12T09:16:34,815005535+01:00
57.020652
10.008227833
43.074
nan
75.46
 
2019-03-12T09:16:34,999036784+01:00
57.020657333
10.008266
43.0668
nan
75.74
 
2019-03-12T09:16:35,206890642+01:00
57.020663
10.008304
43.0488
nan
75.5
 
2019-03-12T09:16:35,406068798+01:00
57.0206685
10.008342
42.9084
nan
75.67
 
2019-03-12T09:16:35,607284943+01:00
57.020673833
10.00838
43.02
nan
75.6
 
2019-03-12T09:16:35,801283322+01:00
57.020679333
10.008418
43.038
nan
75.57
 
2019-03-12T09:16:36,009108903+01:00
57.020684833
10.008456167
43.164
nan
75.49
 
2019-03-12T09:16:36,403805429+01:00
57.020696
10.008532833
43.3836
nan
75.31
 
2019-03-12T09:16:36,607650327+01:00
57.020701667
10.008571333
43.5384
nan
75.05
 
2019-03-12T09:16:36,814902120+01:00
57.020707167
10.008609667
43.5168
nan
75.06
 
2019-03-12T09:16:37,016872753+01:00
57.020712833
10.008648167
43.6068
nan
75.12
 
2019-03-12T09:16:37,214691542+01:00
57.0207185
10.008687
43.7976
nan
74.94
 
2019-03-12T09:16:37,398541257+01:00
57.020724167
10.008725667
43.8984
nan
74.77
 
2019-03-12T09:16:37,610447428+01:00
57.020729833
10.0087645
43.9452
nan
74.8
 
2019-03-12T09:16:38,001157558+01:00
57.020741333
10.008842167
44.0748
nan
74.79
 
2019-03-12T09:16:38,201149270+01:00
57.020747
10.008881167
44.1612
nan
74.63
 
2019-03-12T09:16:38,403130254+01:00
57.020752667
10.008920333
44.2368
nan
74.52
 
2019-03-12T09:16:38,604729712+01:00
57.0207585
10.0089595
44.334
nan
74.51
 
2019-03-12T09:16:38,803397433+01:00
57.020764167
10.008998667
44.3052
nan
74.67
 
2019-03-12T09:16:39,000902213+01:00
57.02077
10.009037833
44.3412
nan
74.39
 
2019-03-12T09:16:39,204772251+01:00
57.020775833
10.009076833
44.334
nan
74.57
 
2019-03-12T09:16:39,595551986+01:00
57.020787667
10.009155
44.3196
nan
74.67
 
2019-03-12T09:16:39,803812809+01:00
57.0207935
10.009194333
44.3772
nan
74.8
 
2019-03-12T09:16:40,012831771+01:00
57.020799167
10.0092335
44.3376
nan
75.03
 
2019-03-12T09:16:40,205461220+01:00
57.020805
10.009272667
44.3268
nan
75.04
 
2019-03-12T09:16:40,402891308+01:00
57.020810667
10.009312
44.4096
nan
75.2
 
2019-03-12T09:16:40,599612685+01:00
57.020816333
10.009351167
44.4024
nan
75.15
 
2019-03-12T09:16:40,801681187+01:00
57.020822
10.0093905
44.4456
nan
75.31
 
2019-03-12T09:16:41,000199098+01:00
57.0208275
10.009429833
44.4816
nan
75.41
 
2019-03-12T09:16:41,201524800+01:00
57.020833167
10.009469333
44.532
nan
75.56
 
2019-03-12T09:16:41,401439419+01:00
57.0208385
10.009508667
44.4348
nan
75.68
 
2019-03-12T09:16:41,600512918+01:00
57.020844
10.009548
44.4384
nan
75.82
 
2019-03-12T09:16:41,798197836+01:00
57.020849333
10.0095875
44.4024
nan
75.9
 
2019-03-12T09:16:42,000141355+01:00
57.020854667
10.009626667
44.2764
nan
75.97
 
2019-03-12T09:16:42,204426013+01:00
57.020859833
10.009666
44.1792
nan
76.0
 
2019-03-12T09:16:42,407556517+01:00
57.020865
10.009704833
43.794
nan
76.09
 
2019-03-12T09:16:42,611746069+01:00
57.020870167
10.0097435
43.5636
nan
76.11
 
2019-03-12T09:16:42,804213923+01:00
57.020875333
10.009781833
43.2828
nan
76.16
 
2019-03-12T09:16:43,002272308+01:00
57.020880333
10.009820333
43.3152
nan
76.16
 
2019-03-12T09:16:43,219665795+01:00
57.020885333
10.009858833
43.2972
nan
76.29
 
2019-03-12T09:16:43,418823905+01:00
57.0208905
10.009897167
43.3656
nan
76.14
 
2019-03-12T09:16:43,615428628+01:00
57.020895667
10.009935667
43.2828
nan
76.18
 
2019-03-12T09:16:43,815914953+01:00
57.020900667
10.009974333
43.5564
nan
76.19
 
2019-03-12T09:16:44,016530699+01:00
57.020905833
10.010012667
43.3548
nan
76.16
 
2019-03-12T09:16:44,198347741+01:00
57.020911
10.010051333
43.4484
nan
76.22
 
2019-03-12T09:16:44,402532005+01:00
57.020916167
10.010089833
43.452
nan
76.13
 
2019-03-12T09:16:44,602471117+01:00
57.020921167
10.0101285
43.6032
nan
76.2
 
2019-03-12T09:16:44,802196015+01:00
57.020926333
10.010167333
43.7184
nan
76.3
 
2019-03-12T09:16:45,000580947+01:00
57.0209315
10.010206167
43.578
nan
76.27
 
2019-03-12T09:16:45,200857620+01:00
57.0209365
10.010245
43.6284
nan
76.53
 
2019-03-12T09:16:45,401904471+01:00
57.0209415
10.010283833
43.7796
nan
76.67
 
2019-03-12T09:16:45,603781928+01:00
57.020946333
10.010322833
43.668
nan
77.0
 
2019-03-12T09:16:45,803438458+01:00
57.020951
10.010362
43.8696
nan
77.4
 
2019-03-12T09:16:46,005156567+01:00
57.020955667
10.010401167
43.8408
nan
77.57
 
2019-03-12T09:16:46,202972135+01:00
57.020960333
10.0104405
43.9668
nan
77.65
 
2019-03-12T09:16:46,403395056+01:00
57.020964833
10.010479833
43.9128
nan
77.86
 
2019-03-12T09:16:46,604305097+01:00
57.020969667
10.010519333
44.1
nan
77.63
 
2019-03-12T09:16:46,802929470+01:00
57.020974333
10.010558667
44.0172
nan
77.57
 
2019-03-12T09:16:47,003034181+01:00
57.020979167
10.010598167
44.154
nan
77.29
 
2019-03-12T09:16:47,203503392+01:00
57.020984
10.010637333
44.1216
nan
77.03
 
2019-03-12T09:16:47,407093341+01:00
57.020988833
10.010676833
44.1972
nan
76.88
 
2019-03-12T09:16:47,603190617+01:00
57.020993833
10.010716167
44.226
nan
76.96
 
2019-03-12T09:16:47,798000443+01:00
57.020998833
10.010755667
44.2584
nan
76.62
 
2019-03-12T09:16:48,009223898+01:00
57.021004
10.010795
44.2908
nan
76.3
 
2019-03-12T09:16:48,222268365+01:00
57.021009167
10.010834333
44.3232
nan
76.25
 
2019-03-12T09:16:48,412818213+01:00
57.0210145
10.010873667
44.3772
nan
75.96
 
2019-03-12T09:16:48,605127532+01:00
57.021019833
10.010913
44.316
nan
75.77
 
2019-03-12T09:16:48,801933556+01:00
57.021025167
10.010952333
44.4024
nan
75.64
 
2019-03-12T09:16:49,004366351+01:00
57.021030833
10.0109915
44.3196
nan
75.32
 
2019-03-12T09:16:49,202738537+01:00
57.021036333
10.011030667
44.3232
nan
75.17
 
2019-03-12T09:16:49,431328768+01:00
57.021042
10.01107
44.4312
nan
75.0
 
2019-03-12T09:16:49,620670126+01:00
57.021047833
10.011109
44.2764
nan
74.59
 
2019-03-12T09:16:49,822292770+01:00
57.021053667
10.011148
44.3016
nan
74.44
 
2019-03-12T09:16:50,199856147+01:00
57.021065667
10.011226
44.3484
nan
74.23
 
2019-03-12T09:16:50,400750705+01:00
57.021071667
10.011265
44.3952
nan
74.27
 
2019-03-12T09:16:50,619620436+01:00
57.0210775
10.011304
44.244
nan
74.1
 
2019-03-12T09:16:50,801047167+01:00
57.0210835
10.011343
44.388
nan
74.32
 
2019-03-12T09:16:51,007678778+01:00
57.021089333
10.011381833
44.0676
nan
74.3
 
2019-03-12T09:16:51,203118351+01:00
57.021095333
10.011420833
44.3844
nan
74.18
 
2019-03-12T09:16:51,401005204+01:00
57.021101333
10.01146
44.4168
nan
74.2
 
2019-03-12T09:16:51,603031788+01:00
57.021107333
10.011499
44.352
nan
74.33
 
2019-03-12T09:16:51,824585427+01:00
57.021113167
10.011538167
44.424
nan
74.53
 
2019-03-12T09:16:52,025002102+01:00
57.021118833
10.011577167
44.244
nan
74.7
 
2019-03-12T09:16:52,408806367+01:00
57.021130333
10.011655667
44.334
nan
74.9
 
2019-03-12T09:16:52,616019892+01:00
57.021136167
10.011695
44.4456
nan
74.92
 
2019-03-12T09:16:52,805872322+01:00
57.021141667
10.011734333
44.532
nan
75.39
 
2019-03-12T09:16:53,001271318+01:00
57.021147167
10.011773833
44.4744
nan
75.39
 
2019-03-12T09:16:53,201460214+01:00
57.021152667
10.011813167
44.55
nan
75.55
 
2019-03-12T09:16:53,602485264+01:00
57.021163667
10.011892167
44.5248
nan
75.61
 
2019-03-12T09:16:53,797083055+01:00
57.021169167
10.011931833
44.7264
nan
75.75
 
2019-03-12T09:16:54,005407744+01:00
57.021174667
10.0119715
44.6544
nan
75.57
 
2019-03-12T09:16:54,197744968+01:00
57.021180167
10.012011167
44.7732
nan
75.86
 
2019-03-12T09:16:54,401019650+01:00
57.0211855
10.012051
44.9352
nan
76.07
 
2019-03-12T09:16:54,596234820+01:00
57.021191
10.012090833
45.0252
nan
75.97
 
2019-03-12T09:16:54,798471594+01:00
57.021196333
10.012130833
45.0576
nan
76.13
 
2019-03-12T09:16:55,000473814+01:00
57.021201833
10.012170833
45.1512
nan
75.98
 
2019-03-12T09:16:55,201242201+01:00
57.021207167
10.012211
45.252
nan
76.01
 
2019-03-12T09:16:55,396606269+01:00
57.021212667
10.012251167
45.3384
nan
76.05
 
2019-03-12T09:16:55,606242571+01:00
57.021218167
10.012291333
45.4608
nan
76.03
 
2019-03-12T09:16:55,801046951+01:00
57.0212235
10.012331833
45.648
nan
76.28
 
2019-03-12T09:16:56,006155283+01:00
57.021228833
10.012372333
45.6264
nan
76.41
 
2019-03-12T09:16:56,194518824+01:00
57.021234333
10.012413
45.8064
nan
76.27
 
2019-03-12T09:16:56,407591249+01:00
57.021239833
10.012453833
45.8676
nan
76.44
 
2019-03-12T09:16:56,602518149+01:00
57.021245167
10.012494667
46.026
nan
76.52
 
2019-03-12T09:16:56,801491051+01:00
57.0212505
10.012535667
46.1268
nan
76.56
 
2019-03-12T09:16:57,005878534+01:00
57.021255833
10.012576667
46.0476
nan
76.48
 
2019-03-12T09:16:57,399786696+01:00
57.021267
10.012658833
46.206
nan
76.04
 
2019-03-12T09:16:57,804388549+01:00
57.021278333
10.0127415
46.5732
nan
75.97
 
2019-03-12T09:16:58,004686670+01:00
57.021284
10.012782833
46.5768
nan
75.83
 
2019-03-12T09:16:58,208168496+01:00
57.021289833
10.012824333
46.7316
nan
75.75
 
2019-03-12T09:16:58,400426632+01:00
57.0212955
10.012865833
46.854
nan
75.77
 
2019-03-12T09:16:58,603558159+01:00
57.021301333
10.012907333
46.8576
nan
75.77
 
2019-03-12T09:16:58,801212525+01:00
57.021307
10.012949
46.9044
nan
75.88
 
2019-03-12T09:16:59,006775455+01:00
57.021312833
10.012990667
47.0196
nan
75.78
 
2019-03-12T09:16:59,206583243+01:00
57.021318667
10.013032333
47.0016
nan
75.89
 
2019-03-12T09:16:59,409485705+01:00
57.021324333
10.013074
47.0232
nan
75.95
 
2019-03-12T09:16:59,609505069+01:00
57.02133
10.013115667
46.9512
nan
76.07
 
2019-03-12T09:16:59,802760886+01:00
57.0213355
10.0131575
47.0016
nan
76.22
 
2019-03-12T09:17:00,004626089+01:00
57.021341333
10.013199167
47.0556
nan
76.08
 
2019-03-12T09:17:00,197882255+01:00
57.021346833
10.013241167
47.2032
nan
76.42
 
2019-03-12T09:17:00,423755808+01:00
57.021352333
10.013282833
46.9044
nan
76.56
 
2019-03-12T09:17:00,609425982+01:00
57.021357667
10.013324667
47.07
nan
76.58
 
2019-03-12T09:17:00,811697825+01:00
57.021363167
10.013366333
46.9404
nan
76.59
 
2019-03-12T09:17:01,001977701+01:00
57.0213685
10.013408
46.8
nan
76.51
 
2019-03-12T09:17:01,225730584+01:00
57.021374
10.0134495
46.7748
nan
76.39
 
2019-03-12T09:17:01,419309685+01:00
57.0213795
10.013490667
46.3788
nan
76.3
 
2019-03-12T09:17:01,610636332+01:00
57.021385
10.013531667
46.1952
nan
76.3
 
2019-03-12T09:17:01,802713643+01:00
57.021390333
10.013572333
45.8208
nan
76.31
 
2019-03-12T09:17:02,005347173+01:00
57.021395833
10.013613
45.7272
nan
76.27
 
2019-03-12T09:17:02,206257861+01:00
57.021401333
10.0136535
45.6372
nan
76.03
 
2019-03-12T09:17:02,406647801+01:00
57.021407
10.013694167
45.6948
nan
76.03
 
2019-03-12T09:17:02,599582208+01:00
57.0214125
10.013734667
45.6192
nan
75.94
 
2019-03-12T09:17:02,806042912+01:00
57.021418
10.013775167
45.6228
nan
76.03
 
2019-03-12T09:17:02,997743835+01:00
57.021423667
10.013815667
45.7164
nan
75.87
 
2019-03-12T09:17:03,203237860+01:00
57.021429333
10.013856167
45.648
nan
75.88
 
2019-03-12T09:17:03,404928939+01:00
57.021434833
10.013896833
45.72
nan
75.97
 
2019-03-12T09:17:03,607611098+01:00
57.021440333
10.0139375
45.7956
nan
75.98
 
2019-03-12T09:17:03,798803536+01:00
57.021446
10.013978167
45.81
nan
75.95
 
2019-03-12T09:17:04,007433013+01:00
57.021451667
10.014019
45.9144
nan
76.05
 
2019-03-12T09:17:04,206210106+01:00
57.021457333
10.014059833
45.9792
nan
75.98
 
2019-03-12T09:17:04,399432445+01:00
57.021462833
10.014100667
45.972
nan
75.93
 
2019-03-12T09:17:04,609301619+01:00
57.0214685
10.0141415
46.0116
nan
75.92
 
2019-03-12T09:17:04,806196783+01:00
57.021474167
10.014182667
46.1664
nan
75.97
 
2019-03-12T09:17:05,002746299+01:00
57.02148
10.014223667
46.2312
nan
75.85
 
2019-03-12T09:17:05,206159775+01:00
57.021485667
10.014264667
46.1916
nan
75.91
 
2019-03-12T09:17:05,404004596+01:00
57.021491333
10.014305667
46.2744
nan
76.04
 
2019-03-12T09:17:05,603177796+01:00
57.021497
10.014346833
46.2744
nan
76.1
 
2019-03-12T09:17:05,804288915+01:00
57.021502667
10.014388
46.3824
nan
76.02
 
2019-03-12T09:17:06,007143840+01:00
57.021508167
10.014429167
46.3392
nan
76.07
 
2019-03-12T09:17:06,206901042+01:00
57.021514
10.0144705
46.4868
nan
75.97
 
2019-03-12T09:17:06,404650681+01:00
57.0215195
10.014511833
46.4508
nan
76.09
 
2019-03-12T09:17:06,604207094+01:00
57.021525167
10.014553
46.4184
nan
75.94
 
2019-03-12T09:17:06,809241444+01:00
57.021530833
10.014594333
46.4472
nan
76.13
 
2019-03-12T09:17:07,008064944+01:00
57.0215365
10.0146355
46.3284
nan
76.02
 
2019-03-12T09:17:07,199090024+01:00
57.021542
10.014676833
46.4868
nan
76.07
 
2019-03-12T09:17:07,405659829+01:00
57.0215475
10.014718167
46.4004
nan
76.41
 
2019-03-12T09:17:07,606039510+01:00
57.021553
10.014759333
46.242
nan
76.48
 
2019-03-12T09:17:07,808508522+01:00
57.0215585
10.0148005
46.3752
nan
76.29
 
2019-03-12T09:17:08,008998699+01:00
57.021563833
10.0148415
46.1088
nan
76.52
 
2019-03-12T09:17:08,205580133+01:00
57.021569167
10.014882833
46.206
nan
76.55
 
2019-03-12T09:17:08,410414732+01:00
57.0215745
10.014923833
46.1556
nan
76.61
 
2019-03-12T09:17:08,604695884+01:00
57.021579833
10.014964833
45.9936
nan
76.62
 
2019-03-12T09:17:08,814778491+01:00
57.021585167
10.015005667
45.882
nan
76.87
 
2019-03-12T09:17:09,041710973+01:00
57.0215905
10.015046333
45.8676
nan
76.39
 
2019-03-12T09:17:09,406320368+01:00
57.021601167
10.015128
45.8352
nan
76.49
 
2019-03-12T09:17:09,612846319+01:00
57.0216065
10.015168667
45.8028
nan
76.54
 
2019-03-12T09:17:09,807643770+01:00
57.021612
10.015209333
45.7596
nan
76.39
 
2019-03-12T09:17:10,008520173+01:00
57.021617333
10.01525
45.7416
nan
76.35
 
2019-03-12T09:17:10,207950452+01:00
57.021622833
10.015290667
45.6588
nan
76.23
 
2019-03-12T09:17:10,412353621+01:00
57.021628167
10.015331333
45.774
nan
76.21
 
2019-03-12T09:17:10,610135425+01:00
57.021633667
10.015371833
45.6192
nan
76.31
 
2019-03-12T09:17:10,811994870+01:00
57.021639167
10.015412333
45.738
nan
76.02
 
2019-03-12T09:17:11,008611070+01:00
57.0216445
10.015452833
45.5508
nan
76.17
 
2019-03-12T09:17:11,203674276+01:00
57.02165
10.015493333
45.6048
nan
76.04
 
2019-03-12T09:17:11,418381073+01:00
57.0216555
10.015533833
45.5436
nan
76.15
 
2019-03-12T09:17:11,623361994+01:00
57.021661
10.015574167
45.432
nan
76.04
 
2019-03-12T09:17:12,004671529+01:00
57.021671833
10.015654667
45.252
nan
76.13
 
2019-03-12T09:17:12,412273160+01:00
57.0216825
10.015734167
44.6508
nan
76.09
 
2019-03-12T09:17:12,603959210+01:00
57.021688
10.015773667
44.4528
nan
76.05
 
2019-03-12T09:17:12,815680579+01:00
57.021693167
10.015812667
44.0352
nan
76.07
 
2019-03-12T09:17:13,003575146+01:00
57.0216985
10.015851333
43.7508
nan
75.96
 
2019-03-12T09:17:13,219190499+01:00
57.021703667
10.015889833
43.4376
nan
75.92
 
2019-03-12T09:17:13,415387837+01:00
57.021708833
10.015928167
43.11
nan
76.32
 
2019-03-12T09:17:13,623392294+01:00
57.021713833
10.015966167
42.7464
nan
76.39
 
2019-03-12T09:17:13,807399336+01:00
57.021718833
10.016003833
42.4548
nan
76.39
 
2019-03-12T09:17:14,006435781+01:00
57.0217235
10.016041333
42.1308
nan
76.96
 
2019-03-12T09:17:14,209033281+01:00
57.021728333
10.0160785
41.8608
nan
76.81
 
2019-03-12T09:17:14,403924530+01:00
57.021733
10.016115333
41.4828
nan
76.91
 
2019-03-12T09:17:14,605734326+01:00
57.021737667
10.016152
41.2884
nan
76.68
 
2019-03-12T09:17:15,004241920+01:00
57.021747
10.016224833
40.9716
nan
76.54
 
2019-03-12T09:17:15,209744144+01:00
57.021751667
10.016260833
40.5504
nan
76.52
 
2019-03-12T09:17:15,606080952+01:00
57.021761333
10.016333
40.5252
nan
76.32
 
2019-03-12T09:17:15,812039257+01:00
57.021766
10.016369333
40.86
nan
76.42
 
2019-03-12T09:17:16,005174811+01:00
57.021770667
10.016405167
40.3056
nan
76.76
 
2019-03-12T09:17:16,208966405+01:00
57.021775167
10.016441333
40.5036
nan
76.86
 
2019-03-12T09:17:16,406151060+01:00
57.021779667
10.016477333
40.482
nan
77.2
 
2019-03-12T09:17:16,610340895+01:00
57.021784
10.0165135
40.5252
nan
77.28
 
2019-03-12T09:17:16,805982220+01:00
57.0217885
10.016549833
40.77
nan
77.19
 
2019-03-12T09:17:17,001865861+01:00
57.021792833
10.016586
40.5684
nan
77.29
 
2019-03-12T09:17:17,207474980+01:00
57.021797333
10.016622167
40.626
nan
77.19
 
2019-03-12T09:17:17,411359681+01:00
57.021801833
10.0166585
40.7052
nan
77.18
 
2019-03-12T09:17:17,614440802+01:00
57.021806333
10.016695
40.9968
nan
76.99
 
2019-03-12T09:17:17,804474106+01:00
57.021811
10.0167315
40.7952
nan
77.09
 
2019-03-12T09:17:18,003653860+01:00
57.0218155
10.016768
40.9896
nan
77.08
 
2019-03-12T09:17:18,202362532+01:00
57.02182
10.016804667
41.1516
nan
77.18
 
2019-03-12T09:17:18,412589879+01:00
57.0218245
10.016841167
41.0976
nan
77.05
 
2019-03-12T09:17:18,603518919+01:00
57.021829
10.016878
41.1696
nan
77.21
 
2019-03-12T09:17:18,807769708+01:00
57.0218335
10.016914833
41.2812
nan
77.15
 
2019-03-12T09:17:19,006336445+01:00
57.021838167
10.016951667
41.292
nan
77.22
 
2019-03-12T09:17:19,204243162+01:00
57.021842667
10.0169885
41.3928
nan
77.38
 
2019-03-12T09:17:19,403498922+01:00
57.021847
10.0170255
41.4288
nan
77.51
 
2019-03-12T09:17:19,602211832+01:00
57.021851333
10.017062667
41.544
nan
77.7
 
2019-03-12T09:17:19,812035176+01:00
57.021855667
10.017099833
41.616
nan
78.01
 
2019-03-12T09:17:20,012702820+01:00
57.021859667
10.017137167
41.6088
nan
78.3
 
2019-03-12T09:17:20,203507989+01:00
57.021863833
10.0171745
41.7528
nan
78.55
 
2019-03-12T09:17:20,407059155+01:00
57.021867667
10.017211833
41.6736
nan
78.98
 
2019-03-12T09:17:20,603910212+01:00
57.021871667
10.0172495
41.8248
nan
78.85
 
2019-03-12T09:17:20,809327980+01:00
57.021875667
10.017287
41.8968
nan
79.08
 
2019-03-12T09:17:21,001665979+01:00
57.0218795
10.0173245
41.688
nan
79.17
 
2019-03-12T09:17:21,210710371+01:00
57.021883333
10.017362167
41.9112
nan
79.09
 
2019-03-12T09:17:21,406989414+01:00
57.021887333
10.017399667
41.7636
nan
79.11
 
2019-03-12T09:17:21,603649483+01:00
57.021891167
10.017437167
41.7168
nan
79.24
 
2019-03-12T09:17:21,809426664+01:00
57.021895
10.0174745
41.6772
nan
79.25
 
2019-03-12T09:17:22,057341375+01:00
57.021898667
10.017512
41.634
nan
79.46
 
2019-03-12T09:17:22,448682329+01:00
57.021906167
10.0175865
41.4756
nan
79.37
 
2019-03-12T09:17:22,810195581+01:00
57.0219135
10.017660833
41.3568
nan
79.65
 
2019-03-12T09:17:23,010431421+01:00
57.021917167
10.017698
41.2488
nan
79.72
 
2019-03-12T09:17:23,243601731+01:00
57.021920833
10.017735
41.2236
nan
79.49
 
2019-03-12T09:17:23,437298690+01:00
57.0219245
10.017772
41.076
nan
79.5
 
2019-03-12T09:17:23,611179529+01:00
57.021928167
10.017808833
41.0652
nan
79.29
 
2019-03-12T09:17:23,803381623+01:00
57.021932
10.017845667
41.0796
nan
79.23
 
2019-03-12T09:17:24,008722291+01:00
57.021935667
10.0178825
40.8744
nan
79.39
 
2019-03-12T09:17:24,204763198+01:00
57.021939333
10.017919167
40.824
nan
79.1
 
2019-03-12T09:17:24,405206668+01:00
57.021943167
10.017955667
40.7484
nan
78.94
 
2019-03-12T09:17:24,605909356+01:00
57.021947
10.017992167
40.5756
nan
79.12
 
2019-03-12T09:17:24,811442562+01:00
57.021950833
10.018028667
40.5252
nan
79.14
 
2019-03-12T09:17:25,015941648+01:00
57.0219545
10.018065
40.3776
nan
79.08
 
2019-03-12T09:17:25,212479263+01:00
57.021958167
10.018101167
40.2192
nan
79.19
 
2019-03-12T09:17:25,406734760+01:00
57.021961833
10.018137167
40.0896
nan
79.51
 
2019-03-12T09:17:25,605101401+01:00
57.021965333
10.018173167
40.0752
nan
79.56
 
2019-03-12T09:17:25,802274260+01:00
57.021968833
10.018209167
39.9456
nan
79.79
 
2019-03-12T09:17:26,025767133+01:00
57.021972167
10.018245167
39.9456
nan
80.13
 
2019-03-12T09:17:26,210769184+01:00
57.021975667
10.018281
39.7296
nan
80.22
 
2019-03-12T09:17:26,406655505+01:00
57.021978833
10.018316667
39.6216
nan
80.54
 
2019-03-12T09:17:26,630409021+01:00
57.021981833
10.0183525
39.5424
nan
81.04
 
2019-03-12T09:17:26,810816295+01:00
57.021984667
10.018388167
39.3912
nan
81.54
 
2019-03-12T09:17:27,206329955+01:00
57.021989667
10.018459333
39.1536
nan
82.75
 
2019-03-12T09:17:27,406867832+01:00
57.021991833
10.018495
39.2004
nan
83.51
 
2019-03-12T09:17:27,609566757+01:00
57.021993833
10.018530667
39.0996
nan
84.21
 
2019-03-12T09:17:27,821069559+01:00
57.021995667
10.018566333
38.9556
nan
84.41
 
2019-03-12T09:17:28,021817588+01:00
57.021997167
10.018602
39.0492
nan
85.16
 
2019-03-12T09:17:28,206112490+01:00
57.021998667
10.0186375
38.826
nan
85.43
 
2019-03-12T09:17:28,412248200+01:00
57.022000333
10.018673
38.8224
nan
85.26
 
2019-03-12T09:17:28,809037148+01:00
57.022003167
10.0187435
38.5812
nan
85.74
 
2019-03-12T09:17:29,006862802+01:00
57.0220045
10.018778667
38.3292
nan
86.09
 
2019-03-12T09:17:29,204192534+01:00
57.022005833
10.0188135
38.1924
nan
85.99
 
2019-03-12T09:17:29,415703887+01:00
57.022007167
10.018848333
38.0556
nan
86.09
 
2019-03-12T09:17:29,642446257+01:00
57.022008333
10.018883
37.9044
nan
86.25
 
2019-03-12T09:17:30,007327134+01:00
57.022010667
10.018951333
37.0332
nan
86.57
 
2019-03-12T09:17:30,206984925+01:00
57.022011667
10.018984333
36.234
nan
86.73
 
2019-03-12T09:17:30,410946661+01:00
57.022012667
10.019016667
35.298
nan
86.84
 
2019-03-12T09:17:30,602538826+01:00
57.0220135
10.019048167
34.3584
nan
87.21
 
2019-03-12T09:17:30,814187926+01:00
57.0220145
10.019078833
33.354
nan
87.02
 
2019-03-12T09:17:31,006493802+01:00
57.022015333
10.019108333
32.31
nan
86.98
 
2019-03-12T09:17:31,209400728+01:00
57.022016167
10.019137167
31.356
nan
87.13
 
2019-03-12T09:17:31,405628185+01:00
57.022017
10.019164833
30.294
nan
87.33
 
2019-03-12T09:17:31,606685735+01:00
57.022017667
10.019191833
29.4696
nan
87.42
 
2019-03-12T09:17:31,805594238+01:00
57.022018333
10.019217833
28.368
nan
87.41
 
2019-03-12T09:17:32,208677879+01:00
57.0220195
10.019267333
26.6508
nan
87.63
 
2019-03-12T09:17:32,409917641+01:00
57.022020167
10.019290833
25.5996
nan
87.41
 
2019-03-12T09:17:32,814641157+01:00
57.022021667
10.0193355
24.0156
nan
87.0
 
2019-03-12T09:17:33,004522642+01:00
57.022022333
10.0193565
23.076
nan
86.53
 
2019-03-12T09:17:33,205876317+01:00
57.022023
10.019376833
22.2372
nan
86.36
 
2019-03-12T09:17:33,608399817+01:00
57.0220245
10.019415167
20.5596
nan
86.16
 
2019-03-12T09:17:33,812152331+01:00
57.022025167
10.019433333
19.8072
nan
86.18
 
2019-03-12T09:17:34,020716488+01:00
57.022025833
10.0194505
18.9
nan
86.34
 
2019-03-12T09:17:34,212495807+01:00
57.022026333
10.019467
18.1224
nan
86.52
