
2019-05-14T12:21:32,096599611+02:00
57.013886671
9.987491326
2.25
4.707
44.9301
 
2019-05-14T12:21:33,094734311+02:00
57.01389256
9.987511558
3.276
4.866
58.0742
 
2019-05-14T12:21:34,092671701+02:00
57.013892378
9.987512158
2.6532
4.772
59.4302
 
2019-05-14T12:21:35,091015534+02:00
57.013889333
9.987521076
2.79
4.742
77.3834
 
2019-05-14T12:21:36,092803051+02:00
57.013894214
9.987518899
2.4732
4.734
57.8593
 
2019-05-14T12:21:37,100922421+02:00
57.013900954
9.987504859
2.2428
4.831
24.3213
 
2019-05-14T12:21:38,107060153+02:00
57.013900795
9.987503143
1.9548
4.938
30.0843
 
2019-05-14T12:21:39,099007195+02:00
57.01389451
9.987508819
1.6992
4.606
62.4013
 
2019-05-14T12:21:40,106587499+02:00
57.013892386
9.987494545
1.0764
4.39
53.5625
 
2019-05-14T12:21:41,122323183+02:00
57.013897045
9.987478894
1.2852
4.303
6.8698
 
2019-05-14T12:21:42,105227170+02:00
57.013906364
9.987443074
2.6964
4.452
327.3373
 
2019-05-14T12:21:43,101296165+02:00
57.013916097
9.987404384
4.122
4.691
317.8155
 
2019-05-14T12:21:44,094478264+02:00
57.013910938
9.987358635
4.932
4.622
300.8775
 
2019-05-14T12:21:45,114021296+02:00
57.013894078
9.987333356
3.9456
4.72
279.8467
 
2019-05-14T12:21:46,106037938+02:00
57.013878751
9.987315295
3.51
4.851
262.046
 
2019-05-14T12:21:47,099335554+02:00
57.013871708
9.987306374
2.916
4.847
257.1484
 
2019-05-14T12:21:48,091953742+02:00
57.013865855
9.987288383
2.664
4.757
254.0882
 
2019-05-14T12:21:49,097388372+02:00
57.013859211
9.987285373
2.0664
4.677
244.0613
 
2019-05-14T12:21:50,097636460+02:00
57.013847912
9.98728043
1.9152
4.6
227.1666
 
2019-05-14T12:21:51,094825053+02:00
57.013839664
9.98725959
2.25
4.528
236.3823
 
2019-05-14T12:21:52,114624003+02:00
57.013832478
9.987238711
2.4696
4.452
242.2774
 
2019-05-14T12:21:53,094717076+02:00
57.013824991
9.987231201
2.0412
4.325
235.267
 
2019-05-14T12:21:54,097960882+02:00
57.013806485
9.987240155
2.1276
4.161
197.3774
 
