
2019-05-07T15:33:06,601305452+02:00
57.013993833
9.9872185
0.162
nan
0.0
 
2019-05-07T15:33:06,798889402+02:00
57.013993833
9.9872185
0.0684
nan
0.0
 
2019-05-07T15:33:06,999943263+02:00
57.013993833
9.987218333
0.0576
nan
0.0
 
2019-05-07T15:33:07,199996093+02:00
57.0139945
9.987218
0.108
nan
0.0
 
2019-05-07T15:33:07,406708846+02:00
57.013995167
9.987217667
0.0936
nan
0.0
 
2019-05-07T15:33:07,800886505+02:00
57.013996333
9.987217167
0.144
nan
0.0
 
2019-05-07T15:33:07,998500058+02:00
57.013996167
9.987217167
0.1116
nan
0.0
 
2019-05-07T15:33:08,202436289+02:00
57.013997167
9.987216833
0.1008
nan
0.0
 
2019-05-07T15:33:08,403082873+02:00
57.0139975
9.987216667
0.0972
nan
0.0
 
2019-05-07T15:33:08,614055871+02:00
57.013998167
9.987216667
0.2052
nan
0.0
 
2019-05-07T15:33:08,811429463+02:00
57.0139985
9.987216333
0.1368
nan
0.0
 
2019-05-07T15:33:08,996967062+02:00
57.013998833
9.987216167
0.18
nan
0.0
 
2019-05-07T15:33:09,201331067+02:00
57.013999167
9.987216
0.1116
nan
0.0
 
2019-05-07T15:33:09,401770188+02:00
57.013999833
9.9872155
0.198
nan
0.0
 
2019-05-07T15:33:09,604318452+02:00
57.014000333
9.987215167
0.2196
nan
0.0
 
2019-05-07T15:33:09,800240583+02:00
57.014001333
9.987214833
0.0756
nan
0.0
 
2019-05-07T15:33:10,006258786+02:00
57.014002
9.9872145
0.09
nan
0.0
 
2019-05-07T15:33:10,204534412+02:00
57.014002833
9.987214167
0.1008
nan
0.0
 
2019-05-07T15:33:10,397594367+02:00
57.014003167
9.987214
0.216
nan
0.0
 
2019-05-07T15:33:10,601112905+02:00
57.014004
9.987213667
0.0612
nan
0.0
 
2019-05-07T15:33:10,798849137+02:00
57.014004833
9.987213333
0.0324
nan
0.0
 
2019-05-07T15:33:11,003149381+02:00
57.0140055
9.987213167
0.1368
nan
0.0
 
2019-05-07T15:33:11,438365996+02:00
57.0140065
9.9872125
0.252
nan
0.0
 
2019-05-07T15:33:11,822229111+02:00
57.014008
9.987211667
0.0684
nan
0.0
 
2019-05-07T15:33:12,209153895+02:00
57.0140095
9.987210833
0.0612
nan
0.0
 
2019-05-07T15:33:12,634108752+02:00
57.014011
9.98721
0.018
nan
0.0
 
2019-05-07T15:33:13,010069941+02:00
57.014012333
9.9872095
0.0432
nan
0.0
 
2019-05-07T15:33:13,422232969+02:00
57.014013833
9.9872085
0.1404
nan
0.0
 
2019-05-07T15:33:13,822869689+02:00
57.014016167
9.987207833
0.252
nan
0.0
 
2019-05-07T15:33:14,206524303+02:00
57.0140175
9.987207333
0.1476
nan
0.0
 
2019-05-07T15:33:14,621178607+02:00
57.014018667
9.9872065
0.1044
nan
0.0
 
2019-05-07T15:33:15,022935652+02:00
57.014019667
9.987206167
0.1368
nan
0.0
 
2019-05-07T15:33:15,409163016+02:00
57.014020167
9.9872055
0.1296
nan
0.0
 
2019-05-07T15:33:15,812192793+02:00
57.014021167
9.987204667
0.036
nan
0.0
 
2019-05-07T15:33:16,220155840+02:00
57.014022333
9.987203833
0.1332
nan
0.0
 
2019-05-07T15:33:16,839024046+02:00
57.014023167
9.987203
0.0468
nan
0.0
 
2019-05-07T15:33:17,210341769+02:00
57.0140235
9.9872025
0.0648
nan
0.0
 
2019-05-07T15:33:17,608167307+02:00
57.014024333
9.987202
0.072
nan
0.0
 
2019-05-07T15:33:17,997109050+02:00
57.014024
9.9872015
0.3384
nan
0.0
 
2019-05-07T15:33:18,414884346+02:00
57.014022667
9.9872015
0.702
nan
0.0
 
2019-05-07T15:33:18,813205068+02:00
57.014024
9.987201
0.2952
nan
0.0
 
2019-05-07T15:33:19,221240790+02:00
57.014024833
9.9872015
0.2628
nan
0.0
 
2019-05-07T15:33:19,606146129+02:00
57.0140245
9.9872025
0.2772
nan
0.0
 
2019-05-07T15:33:20,002309504+02:00
57.014024333
9.987203167
0.0972
nan
0.0
 
2019-05-07T15:33:20,401319068+02:00
57.014024
9.987203833
0.0432
nan
0.0
 
2019-05-07T15:33:20,801083720+02:00
57.014024
9.987204333
0.2484
nan
0.0
 
2019-05-07T15:33:21,207448226+02:00
57.014023167
9.987203833
0.2628
nan
0.0
 
2019-05-07T15:33:21,602101662+02:00
57.014023667
9.987204167
0.2196
nan
0.0
 
2019-05-07T15:33:22,006890806+02:00
57.014024
9.987204667
0.252
nan
0.0
 
2019-05-07T15:33:22,413649962+02:00
57.014025333
9.987205167
0.2484
nan
0.0
 
2019-05-07T15:33:22,809501202+02:00
57.014025833
9.9872055
0.1908
nan
0.0
 
2019-05-07T15:33:23,204299028+02:00
57.014025833
9.987205833
0.1548
nan
0.0
 
2019-05-07T15:33:23,410200231+02:00
57.014026
9.987206167
0.0828
nan
0.0
 
2019-05-07T15:33:23,813982741+02:00
57.0140265
9.987206833
0.3384
nan
0.0
 
2019-05-07T15:33:24,247251209+02:00
57.0140265
9.987207333
0.0864
nan
0.0
 
2019-05-07T15:33:24,647610727+02:00
57.014026833
9.9872075
0.1656
nan
0.0
 
2019-05-07T15:33:25,010099186+02:00
57.0140265
9.987207833
0.198
nan
0.0
 
2019-05-07T15:33:25,420300988+02:00
57.014027833
9.987208333
0.3312
nan
0.0
 
2019-05-07T15:33:25,806094480+02:00
57.014028
9.987209
0.2628
nan
0.0
 
2019-05-07T15:33:26,203212723+02:00
57.0140265
9.987209667
0.1944
nan
0.0
 
2019-05-07T15:33:26,601703166+02:00
57.014024833
9.98721
0.2664
nan
0.0
 
2019-05-07T15:33:27,018468856+02:00
57.014024833
9.987209667
0.3276
nan
0.0
 
2019-05-07T15:33:27,414013789+02:00
57.0140245
9.987210167
0.1584
nan
0.0
 
2019-05-07T15:33:27,833388034+02:00
57.014024167
9.987210667
0.2988
nan
0.0
 
2019-05-07T15:33:28,206242793+02:00
57.014023833
9.987210667
0.378
nan
0.0
 
2019-05-07T15:33:28,422958929+02:00
57.0140235
9.987210833
0.2844
nan
0.0
 
2019-05-07T15:33:28,802935038+02:00
57.014022833
9.987211167
0.234
nan
0.0
 
2019-05-07T15:33:29,207176117+02:00
57.014022833
9.987211333
0.0756
nan
0.0
 
2019-05-07T15:33:29,614865386+02:00
57.014022167
9.987212
0.198
nan
0.0
 
2019-05-07T15:33:30,007553942+02:00
57.014021833
9.987212
0.2196
nan
0.0
 
2019-05-07T15:33:30,400219031+02:00
57.014021
9.987212167
0.216
nan
0.0
 
2019-05-07T15:33:30,803418191+02:00
57.0140205
9.987212167
0.1188
nan
0.0
 
2019-05-07T15:33:31,200467737+02:00
57.014019333
9.987212667
0.2808
nan
0.0
 
2019-05-07T15:33:31,613303371+02:00
57.014019
9.987212833
0.036
nan
0.0
 
2019-05-07T15:33:32,004249375+02:00
57.014018333
9.987213333
0.1728
nan
0.0
 
2019-05-07T15:33:32,469091529+02:00
57.014017167
9.987213833
0.2196
nan
0.0
 
2019-05-07T15:33:32,819207311+02:00
57.0140165
9.987214167
0.1548
nan
0.0
 
2019-05-07T15:33:33,208716712+02:00
57.014015833
9.987214333
0.1548
nan
0.0
 
2019-05-07T15:33:33,605083671+02:00
57.0140155
9.987214833
0.0288
nan
0.0
 
2019-05-07T15:33:34,046034977+02:00
57.014014667
9.987215167
0.2304
nan
0.0
 
2019-05-07T15:33:34,407573385+02:00
57.014013667
9.9872155
0.5508
nan
0.0
 
2019-05-07T15:33:34,607227125+02:00
57.0140135
9.987215833
0.3024
nan
0.0
 
2019-05-07T15:33:35,033766364+02:00
57.014013167
9.987216167
0.3636
nan
0.0
 
2019-05-07T15:33:35,410988661+02:00
57.014012333
9.987216667
0.4716
nan
0.0
 
2019-05-07T15:33:35,637685066+02:00
57.0140125
9.987216833
0.3276
nan
0.0
 
2019-05-07T15:33:36,010725377+02:00
57.014012667
9.9872165
0.2412
nan
0.0
 
2019-05-07T15:33:36,398812811+02:00
57.014012167
9.987217
0.2304
nan
0.0
 
2019-05-07T15:33:36,794878195+02:00
57.014012333
9.987217
0.2448
nan
0.0
 
2019-05-07T15:33:37,039298749+02:00
57.014012333
9.987217
0.1692
nan
0.0
 
2019-05-07T15:33:37,413914093+02:00
57.014011833
9.987217333
0.2952
nan
0.0
 
2019-05-07T15:33:37,803155796+02:00
57.014012
9.987217333
0.144
nan
0.0
 
2019-05-07T15:33:38,207366757+02:00
57.014012333
9.987217667
0.1296
nan
0.0
 
2019-05-07T15:33:38,829310088+02:00
57.014012167
9.987217833
0.1008
nan
0.0
 
2019-05-07T15:33:39,234201008+02:00
57.014012333
9.987217667
0.216
nan
0.0
 
2019-05-07T15:33:39,612876528+02:00
57.014012
9.987218667
0.5652
nan
0.0
 
2019-05-07T15:33:40,019773095+02:00
57.014011167
9.987218167
0.2772
nan
0.0
 
2019-05-07T15:33:40,413214473+02:00
57.0140115
9.9872185
0.4716
nan
0.0
 
2019-05-07T15:33:40,808740153+02:00
57.014011
9.9872185
0.234
nan
0.0
 
2019-05-07T15:33:41,204033893+02:00
57.014010333
9.987218167
0.0936
nan
0.0
 
2019-05-07T15:33:41,607029533+02:00
57.014009833
9.987218167
0.27
nan
0.0
 
2019-05-07T15:33:42,001443281+02:00
57.014009167
9.987217667
0.4068
nan
0.0
 
2019-05-07T15:33:42,412103234+02:00
57.0140085
9.987216833
0.5868
nan
0.0
 
2019-05-07T15:33:42,805781144+02:00
57.014008
9.987216667
0.3996
nan
0.0
 
2019-05-07T15:33:43,042205777+02:00
57.014007833
9.9872165
0.2304
nan
0.0
 
2019-05-07T15:33:43,401547662+02:00
57.0140075
9.987217
0.3132
nan
0.0
 
2019-05-07T15:33:43,812406750+02:00
57.014007833
9.9872165
0.0324
nan
0.0
 
2019-05-07T15:33:44,246133750+02:00
57.014007667
9.987215833
0.234
nan
0.0
 
2019-05-07T15:33:44,796152922+02:00
57.0140075
9.987216
0.054
nan
0.0
 
2019-05-07T15:33:45,197557353+02:00
57.014007
9.987216667
0.2628
nan
0.0
 
2019-05-07T15:33:45,601988512+02:00
57.014007333
9.987215667
0.1368
nan
0.0
 
2019-05-07T15:33:45,827959536+02:00
57.014007167
9.987216333
0.1692
nan
0.0
 
2019-05-07T15:33:46,202048074+02:00
57.014006333
9.987216333
0.4104
nan
0.0
 
2019-05-07T15:33:46,401819877+02:00
57.014006167
9.9872165
0.1764
nan
0.0
 
2019-05-07T15:33:46,811749813+02:00
57.014006
9.987216333
0.1332
nan
0.0
 
2019-05-07T15:33:47,023535309+02:00
57.014005667
9.987216667
0.2916
nan
0.0
 
2019-05-07T15:33:47,414253758+02:00
57.014004667
9.987216667
0.3456
nan
0.0
 
2019-05-07T15:33:47,823334312+02:00
57.014004167
9.987216
0.2448
nan
0.0
 
2019-05-07T15:33:48,204051454+02:00
57.014003667
9.987215667
0.1548
nan
0.0
 
2019-05-07T15:33:48,602339787+02:00
57.014003167
9.987215667
0.1764
nan
0.0
 
2019-05-07T15:33:49,012219692+02:00
57.014002667
9.987216
0.3636
nan
0.0
 
2019-05-07T15:33:49,420625934+02:00
57.014002
9.987216667
0.1944
nan
0.0
 
2019-05-07T15:33:49,801381787+02:00
57.014001667
9.987216667
0.0252
nan
0.0
 
2019-05-07T15:33:50,012637477+02:00
57.014001667
9.987217
0.396
nan
0.0
 
2019-05-07T15:33:50,241246522+02:00
57.014001167
9.987217167
0.2232
nan
0.0
 
2019-05-07T15:33:50,602820685+02:00
57.014000667
9.987217167
0.2016
nan
0.0
 
2019-05-07T15:33:51,002199610+02:00
57.014000667
9.987217167
0.0864
nan
0.0
 
2019-05-07T15:33:51,228383188+02:00
57.0140005
9.987217167
0.2052
nan
0.0
 
2019-05-07T15:33:51,603524307+02:00
57.014001167
9.987216333
0.1584
nan
0.0
 
2019-05-07T15:33:51,999927085+02:00
57.014000667
9.987216
0.0072
nan
0.0
 
2019-05-07T15:33:52,398386989+02:00
57.014000167
9.987215833
0.1332
nan
0.0
 
2019-05-07T15:33:52,810705979+02:00
57.013999833
9.987216333
0.1584
nan
0.0
 
2019-05-07T15:33:53,213537352+02:00
57.0139995
9.987216667
0.072
nan
0.0
 
2019-05-07T15:33:53,618527886+02:00
57.013998833
9.987216833
0.3168
nan
0.0
 
2019-05-07T15:33:53,802395342+02:00
57.013997833
9.987217
0.702
nan
0.0
 
2019-05-07T15:33:54,027056595+02:00
57.013997333
9.987217167
0.486
nan
0.0
 
2019-05-07T15:33:54,405065959+02:00
57.013996333
9.987217
0.5328
nan
0.0
 
2019-05-07T15:33:54,625078270+02:00
57.013995833
9.9872165
0.648
nan
0.0
 
2019-05-07T15:33:55,007766683+02:00
57.013996167
9.987218
0.4248
nan
0.0
 
2019-05-07T15:33:55,412742438+02:00
57.013996333
9.987219
0.7344
nan
0.0
 
2019-05-07T15:33:55,810946933+02:00
57.013996833
9.987218833
0.468
nan
0.0
 
2019-05-07T15:33:56,022103035+02:00
57.013996833
9.9872175
0.4392
nan
0.0
 
2019-05-07T15:33:56,400230101+02:00
57.013997333
9.987217
0.2088
nan
0.0
 
2019-05-07T15:33:56,607711025+02:00
57.013997333
9.987217
0.2052
nan
0.0
 
2019-05-07T15:33:57,028709167+02:00
57.013997333
9.987216833
0.36
nan
0.0
 
2019-05-07T15:33:57,411628926+02:00
57.013996833
9.987216167
0.396
nan
0.0
 
2019-05-07T15:33:57,808289248+02:00
57.0139975
9.987216
0.0612
nan
0.0
 
2019-05-07T15:33:58,209905746+02:00
57.0139975
9.987216
0.324
nan
0.0
 
2019-05-07T15:33:58,421927841+02:00
57.013997833
9.987215833
0.2556
nan
0.0
 
2019-05-07T15:33:58,636960147+02:00
57.0139975
9.9872155
0.1116
nan
0.0
 
2019-05-07T15:33:59,008813835+02:00
57.0139975
9.987215
0.0324
nan
0.0
 
2019-05-07T15:33:59,409342589+02:00
57.013997833
9.987215833
0.2304
nan
0.0
 
2019-05-07T15:33:59,821039678+02:00
57.013997833
9.987216333
0.2088
nan
0.0
 
2019-05-07T15:34:00,209766790+02:00
57.013997167
9.9872175
0.3708
nan
0.0
 
2019-05-07T15:34:00,415224523+02:00
57.013997333
9.9872175
0.36
nan
0.0
 
2019-05-07T15:34:00,840741676+02:00
57.013997667
9.9872165
0.3924
nan
0.0
 
2019-05-07T15:34:01,211970529+02:00
57.013998167
9.987216167
0.1728
nan
0.0
 
2019-05-07T15:34:01,606929188+02:00
57.013998
9.987216667
0.1512
nan
0.0
 
2019-05-07T15:34:02,002557654+02:00
57.0139985
9.987217667
0.7596
nan
0.0
 
2019-05-07T15:34:02,253885509+02:00
57.013998333
9.987216833
0.1764
nan
0.0
 
