
2019-05-12T19:03:28,402260411+02:00
57.051179833
9.924298333
17.406
nan
89.09
 
2019-05-12T19:03:28,604037264+02:00
57.05118
9.924314333
17.4708
nan
88.91
 
2019-05-12T19:03:28,804989474+02:00
57.05118
9.924330333
17.5932
nan
89.55
 
2019-05-12T19:03:29,005564674+02:00
57.05118
9.924346
17.2512
nan
89.97
 
2019-05-12T19:03:29,195793967+02:00
57.05118
9.9243615
17.1144
nan
89.91
 
2019-05-12T19:03:29,403096853+02:00
57.051179833
9.924376667
16.7112
nan
90.44
 
2019-05-12T19:03:29,600398748+02:00
57.051179833
9.924391833
16.6536
nan
90.7
 
2019-05-12T19:03:29,805824613+02:00
57.051179667
9.924407
16.5564
nan
91.59
 
2019-05-12T19:03:30,002992247+02:00
57.0511795
9.924422
16.434
nan
92.14
 
2019-05-12T19:03:30,206156293+02:00
57.051179667
9.924437
16.2864
nan
91.78
 
2019-05-12T19:03:30,403528212+02:00
57.0511795
9.924451167
15.7284
nan
90.59
 
2019-05-12T19:03:30,598913124+02:00
57.051179667
9.924465333
15.5304
nan
89.49
 
2019-05-12T19:03:30,801608711+02:00
57.05118
9.924479167
15.1092
nan
88.37
 
2019-05-12T19:03:31,003811253+02:00
57.051180333
9.924492667
14.9256
nan
87.69
 
2019-05-12T19:03:31,198253539+02:00
57.051180833
9.924506333
14.8752
nan
87.15
 
2019-05-12T19:03:31,403764720+02:00
57.051181167
9.92452
14.9868
nan
87.35
 
2019-05-12T19:03:31,602203661+02:00
57.0511815
9.924533667
14.9436
nan
87.38
 
2019-05-12T19:03:31,803735350+02:00
57.051181833
9.924547667
15.2964
nan
87.61
 
2019-05-12T19:03:31,995325473+02:00
57.051182333
9.924561667
15.372
nan
87.04
 
2019-05-12T19:03:32,207973344+02:00
57.051182833
9.924576
15.6528
nan
87.44
 
2019-05-12T19:03:32,402566067+02:00
57.051183
9.924590833
16.1496
nan
88.25
 
2019-05-12T19:03:32,601767775+02:00
57.051183333
9.924606167
16.6932
nan
87.92
 
2019-05-12T19:03:32,804594879+02:00
57.051183667
9.924622
17.2404
nan
88.22
 
2019-05-12T19:03:33,004879866+02:00
57.051184167
9.924638167
17.7228
nan
87.51
 
2019-05-12T19:03:33,202322295+02:00
57.051185
9.924654167
17.7264
nan
86.64
 
2019-05-12T19:03:33,407802031+02:00
57.0511865
9.924670333
17.9748
nan
84.45
 
2019-05-12T19:03:33,610502941+02:00
57.0511875
9.924687
18.2844
nan
83.66
 
2019-05-12T19:03:33,830220585+02:00
57.051189333
9.924704
18.6768
nan
81.6
 
2019-05-12T19:03:34,202617614+02:00
57.051193833
9.924738333
19.44
nan
77.8
 
2019-05-12T19:03:34,406432827+02:00
57.0511975
9.924756
20.232
nan
74.18
 
2019-05-12T19:03:34,629007060+02:00
57.051201167
9.924774333
20.9124
nan
72.45
 
2019-05-12T19:03:34,820429175+02:00
57.051205833
9.924792667
21.7188
nan
69.05
 
2019-05-12T19:03:35,020808643+02:00
57.0512105
9.924811333
22.3308
nan
67.25
 
2019-05-12T19:03:35,404741548+02:00
57.051220333
9.924850833
23.7996
nan
66.22
 
2019-05-12T19:03:35,598771871+02:00
57.051225667
9.924871333
24.4152
nan
65.67
 
2019-05-12T19:03:35,810550586+02:00
57.051231
9.924892667
24.9912
nan
66.21
 
2019-05-12T19:03:36,204463121+02:00
57.051241167
9.924936167
25.65
nan
67.41
 
2019-05-12T19:03:36,441268832+02:00
57.051245833
9.924958333
25.9416
nan
68.09
 
2019-05-12T19:03:36,806056581+02:00
57.051255
9.925002833
25.9596
nan
69.3
 
2019-05-12T19:03:37,007315645+02:00
57.0512595
9.925025
25.812
nan
69.6
 
2019-05-12T19:03:37,215235334+02:00
57.051264
9.925046667
25.488
nan
69.21
 
2019-05-12T19:03:37,610870577+02:00
57.051273333
9.925089
24.7932
nan
67.78
 
2019-05-12T19:03:38,022442779+02:00
57.051283833
9.925129833
24.48
nan
65.33
 
2019-05-12T19:03:38,404062397+02:00
57.051294667
9.92517
24.6276
nan
63.34
 
2019-05-12T19:03:38,620479943+02:00
57.0513005
9.9251905
24.9624
nan
63.37
 
2019-05-12T19:03:39,017315190+02:00
57.051312333
9.925232333
25.6248
nan
63.34
 
2019-05-12T19:03:39,220224500+02:00
57.051318167
9.925254333
26.3196
nan
63.98
 
2019-05-12T19:03:39,602402935+02:00
57.051330167
9.925299167
27.0432
nan
64.69
 
2019-05-12T19:03:39,799665753+02:00
57.051335667
9.925322333
27.6084
nan
65.37
 
2019-05-12T19:03:40,015393785+02:00
57.051341833
9.925345667
28.0296
nan
65.41
 
2019-05-12T19:03:40,396451729+02:00
57.0513535
9.925393333
28.584
nan
65.74
 
2019-05-12T19:03:40,619881124+02:00
57.051359167
9.925416667
28.1088
nan
65.68
 
2019-05-12T19:03:40,831324441+02:00
57.051364667
9.925438833
26.9784
nan
65.14
 
2019-05-12T19:03:41,031622850+02:00
57.051369667
9.925459833
25.4088
nan
65.29
 
2019-05-12T19:03:41,210284032+02:00
57.051374333
9.925478
22.662
nan
65.54
 
2019-05-12T19:03:41,405231885+02:00
57.051378
9.925494167
19.818
nan
65.83
 
2019-05-12T19:03:41,622311525+02:00
57.051381
9.925507667
16.8048
nan
65.88
 
2019-05-12T19:03:42,005641509+02:00
57.051385333
9.925527
10.8216
nan
66.77
 
2019-05-12T19:03:42,246740171+02:00
57.051386667
9.925533
7.9956
nan
67.52
 
2019-05-12T19:03:42,609916889+02:00
57.0513885
9.925540167
3.9096
nan
67.3
 
2019-05-12T19:03:42,806782339+02:00
57.051389333
9.925542333
2.9052
nan
64.93
 
2019-05-12T19:03:43,203200581+02:00
57.051390333
9.9255445
1.4832
nan
60.28
 
2019-05-12T19:03:43,409440882+02:00
57.051390667
9.925545167
0.9684
nan
0.0
 
2019-05-12T19:03:43,802961760+02:00
57.051391167
9.925546
0.342
nan
0.0
 
2019-05-12T19:03:44,002515039+02:00
57.0513915
9.925546167
0.3816
nan
0.0
 
2019-05-12T19:03:44,205429734+02:00
57.051391333
9.9255465
0.6984
nan
0.0
 
2019-05-12T19:03:44,402766548+02:00
57.0513915
9.925546333
0.0504
nan
0.0
 
2019-05-12T19:03:44,629945902+02:00
57.051391333
9.925546667
0.3276
nan
0.0
 
2019-05-12T19:03:45,016673692+02:00
57.051391667
9.9255465
0.1332
nan
0.0
 
2019-05-12T19:03:45,399941746+02:00
57.051391833
9.925546667
0.378
nan
0.0
 
2019-05-12T19:03:45,607090233+02:00
57.051391667
9.925546667
0.4752
nan
0.0
 
2019-05-12T19:03:45,815439210+02:00
57.051391667
9.925546333
0.2412
nan
0.0
 
2019-05-12T19:03:46,205314505+02:00
57.051391333
9.925546167
0.2916
nan
0.0
 
2019-05-12T19:03:46,401066335+02:00
57.051391167
9.925545833
0.522
nan
0.0
 
2019-05-12T19:03:46,648914586+02:00
57.051391
9.925545833
0.5436
nan
0.0
 
2019-05-12T19:03:47,004608150+02:00
57.051391
9.925545667
0.306
nan
0.0
 
2019-05-12T19:03:47,402872983+02:00
57.051390833
9.9255455
0.2196
nan
0.0
 
2019-05-12T19:03:47,613196588+02:00
57.051390833
9.9255455
0.2232
nan
0.0
 
2019-05-12T19:03:47,804711564+02:00
57.051390833
9.925545333
0.2952
nan
0.0
 
2019-05-12T19:03:48,028121982+02:00
57.051391
9.925545167
0.1476
nan
0.0
 
2019-05-12T19:03:48,403404213+02:00
57.051391667
9.925545
0.3132
nan
0.0
 
2019-05-12T19:03:48,645902989+02:00
57.051391833
9.925544667
0.3672
nan
0.0
 
2019-05-12T19:03:49,007693787+02:00
57.051392167
9.9255445
0.4284
nan
0.0
 
2019-05-12T19:03:49,207392329+02:00
57.051392333
9.9255445
0.5328
nan
0.0
 
2019-05-12T19:03:49,600062189+02:00
57.051392667
9.925544833
0.3708
nan
0.0
 
2019-05-12T19:03:49,809538043+02:00
57.051392833
9.925545167
0.5076
nan
0.0
 
2019-05-12T19:03:50,205741982+02:00
57.051392833
9.925545667
0.6984
nan
0.0
 
2019-05-12T19:03:50,403559567+02:00
57.0513935
9.925545667
0.4968
nan
0.0
 
2019-05-12T19:03:50,618091401+02:00
57.051393667
9.925546
0.8784
nan
0.0
 
2019-05-12T19:03:51,004812453+02:00
57.051395
9.925546667
0.9432
nan
0.0
 
2019-05-12T19:03:51,200099758+02:00
57.0513955
9.925546667
1.0908
nan
0.0
 
2019-05-12T19:03:51,407238423+02:00
57.051396
9.925546167
0.8388
nan
0.0
 
2019-05-12T19:03:51,633382319+02:00
57.051396667
9.925546167
0.954
nan
0.0
 
2019-05-12T19:03:52,002688953+02:00
57.051399
9.925544833
0.3528
nan
0.0
 
2019-05-12T19:03:52,402180192+02:00
57.0514005
9.925544167
0.0288
nan
0.0
 
2019-05-12T19:03:52,608605605+02:00
57.051400667
9.925543833
0.558
nan
0.0
 
2019-05-12T19:03:52,825241604+02:00
57.051401
9.9255435
0.6516
nan
0.0
 
2019-05-12T19:03:53,027911921+02:00
57.051401
9.925543333
0.918
nan
0.0
 
2019-05-12T19:03:53,411941276+02:00
57.051401167
9.9255425
0.7992
nan
0.0
 
2019-05-12T19:03:53,805459485+02:00
57.051401667
9.925542167
0.3996
nan
0.0
 
2019-05-12T19:03:54,004185756+02:00
57.051403833
9.9255425
1.314
nan
40.37
 
2019-05-12T19:03:54,415063160+02:00
57.051404833
9.925542167
0.4788
nan
0.0
 
2019-05-12T19:03:54,604673049+02:00
57.051404667
9.925542
0.1332
nan
0.0
 
2019-05-12T19:03:55,006386147+02:00
57.051405167
9.925542833
0.4032
nan
0.0
 
2019-05-12T19:03:55,415466074+02:00
57.051405333
9.925543667
0.5292
nan
0.0
 
2019-05-12T19:03:55,806278924+02:00
57.051405167
9.925545
0.648
nan
0.0
 
2019-05-12T19:03:56,032440859+02:00
57.051405667
9.9255455
0.972
nan
0.0
 
2019-05-12T19:03:56,401620845+02:00
57.051406667
9.925546333
1.6272
nan
13.15
 
2019-05-12T19:03:56,801997224+02:00
57.0514075
9.925547
1.4724
nan
2.51
 
2019-05-12T19:03:57,005434702+02:00
57.0514075
9.925546833
1.5444
nan
354.77
 
2019-05-12T19:03:57,207585570+02:00
57.051408
9.925546833
1.3428
nan
352.89
 
2019-05-12T19:03:57,407910188+02:00
57.0514085
9.925546833
1.494
nan
349.83
 
2019-05-12T19:03:57,808671849+02:00
57.051409
9.9255465
1.53
nan
343.88
 
2019-05-12T19:03:57,999145052+02:00
57.051408833
9.925546333
1.1592
nan
340.36
 
2019-05-12T19:03:58,250135324+02:00
57.051408833
9.925546
1.2492
nan
335.98
 
2019-05-12T19:03:58,607310967+02:00
57.0514085
9.925547167
1.2096
nan
354.82
 
2019-05-12T19:03:59,011494141+02:00
57.051409
9.925552667
3.5028
nan
46.92
 
2019-05-12T19:03:59,225418878+02:00
57.05141
9.925557167
5.238
nan
54.11
 
2019-05-12T19:03:59,606608290+02:00
57.051413333
9.925570167
8.406
nan
60.06
 
2019-05-12T19:03:59,809453495+02:00
57.051415833
9.9255785
9.918
nan
60.52
 
2019-05-12T19:04:00,003400615+02:00
57.051418167
9.925587833
11.052
nan
61.49
 
2019-05-12T19:04:00,417771861+02:00
57.051424333
9.925607
11.97
nan
59.52
 
2019-05-12T19:04:00,809654308+02:00
57.051430833
9.925626333
12.294
nan
58.0
 
2019-05-12T19:04:01,203345360+02:00
57.051437833
9.925645333
12.5136
nan
55.09
 
2019-05-12T19:04:01,404996228+02:00
57.0514415
9.925654333
12.132
nan
53.91
 
2019-05-12T19:04:01,619074520+02:00
57.051445333
9.925663333
12.2652
nan
53.1
 
2019-05-12T19:04:01,804123294+02:00
57.051449167
9.925672
11.9448
nan
51.88
 
2019-05-12T19:04:02,204651226+02:00
57.051456
9.925686833
10.3824
nan
49.58
 
2019-05-12T19:04:02,608080699+02:00
57.051461333
9.925697833
7.9416
nan
47.14
 
2019-05-12T19:04:02,800951755+02:00
57.051463667
9.925702167
7.11
nan
45.18
 
2019-05-12T19:04:03,202059207+02:00
57.051467667
9.925708333
5.2056
nan
41.07
 
2019-05-12T19:04:03,414678984+02:00
57.051469333
9.925711
4.5216
nan
39.88
 
2019-05-12T19:04:03,599584673+02:00
57.051470667
9.9257135
4.212
nan
39.66
 
2019-05-12T19:04:04,216443060+02:00
57.051473333
9.92572
2.6676
nan
49.78
 
2019-05-12T19:04:04,609780202+02:00
57.0514745
9.9257225
1.6992
nan
53.75
 
2019-05-12T19:04:04,811952971+02:00
57.051474667
9.925722833
0.5976
nan
0.0
 
2019-05-12T19:04:05,023858759+02:00
57.051474333
9.9257225
0.486
nan
0.0
 
2019-05-12T19:04:05,408523862+02:00
57.051472667
9.925721167
1.3824
nan
126.64
 
2019-05-12T19:04:05,602010981+02:00
57.0514715
9.9257215
1.7856
nan
152.92
 
2019-05-12T19:04:06,020940218+02:00
57.051468833
9.925726167
3.7368
nan
125.89
 
2019-05-12T19:04:06,409901761+02:00
57.051465667
9.9257375
7.1136
nan
113.45
 
2019-05-12T19:04:06,802202619+02:00
57.051461833
9.9257545
10.1664
nan
110.21
 
2019-05-12T19:04:07,008442465+02:00
57.051459833
9.925764333
11.2536
nan
109.69
 
2019-05-12T19:04:07,212577300+02:00
57.051457833
9.925774333
11.6496
nan
109.27
 
2019-05-12T19:04:07,803611169+02:00
57.051451667
9.925806
12.1536
nan
108.9
 
2019-05-12T19:04:08,211978564+02:00
57.051447833
9.925826
11.6892
nan
108.95
 
2019-05-12T19:04:08,402524932+02:00
57.051445667
9.925836333
12.1068
nan
109.69
 
2019-05-12T19:04:08,803842977+02:00
57.051441333
9.925856333
12.0456
nan
110.5
 
2019-05-12T19:04:09,027766826+02:00
57.051439
9.9258665
11.8944
nan
111.0
 
2019-05-12T19:04:09,402278115+02:00
57.0514345
9.9258865
11.4588
nan
111.42
 
2019-05-12T19:04:09,812025974+02:00
57.051430333
9.925905667
11.0232
nan
110.75
 
2019-05-12T19:04:10,205818280+02:00
57.0514265
9.925924333
10.8828
nan
110.24
 
2019-05-12T19:04:10,402130962+02:00
57.051424833
9.925933
10.278
nan
110.2
 
2019-05-12T19:04:10,644244752+02:00
57.051422833
9.925941833
10.2888
nan
111.14
 
2019-05-12T19:04:10,835865004+02:00
57.051421
9.925949667
9.8748
nan
112.01
 
2019-05-12T19:04:11,215267616+02:00
57.051417
9.925964833
9.2988
nan
115.15
 
2019-05-12T19:04:11,605950489+02:00
57.051412667
9.925979667
9.072
nan
116.06
 
2019-05-12T19:04:12,014758789+02:00
57.051408167
9.925994
8.9532
nan
117.13
 
2019-05-12T19:04:12,220486261+02:00
57.051405833
9.926001833
9.0504
nan
117.22
 
2019-05-12T19:04:12,414392989+02:00
57.051403333
9.926009333
9.1368
nan
117.97
 
2019-05-12T19:04:12,606533404+02:00
57.051400833
9.926016833
9.4392
nan
118.46
 
2019-05-12T19:04:12,825750021+02:00
57.051398
9.9260245
10.0368
nan
119.68
 
2019-05-12T19:04:13,010700074+02:00
57.051394667
9.926032833
10.8396
nan
120.98
 
2019-05-12T19:04:13,410076835+02:00
57.051388167
9.926050167
11.5092
nan
120.81
 
2019-05-12T19:04:13,807581696+02:00
57.051382167
9.9260685
11.502
nan
118.48
 
2019-05-12T19:04:14,229315069+02:00
57.051376667
9.926086333
11.0736
nan
116.07
 
2019-05-12T19:04:14,428380616+02:00
57.051374167
9.926095167
10.7568
nan
114.83
 
2019-05-12T19:04:14,799471942+02:00
57.0513695
9.9261135
10.656
nan
112.36
 
2019-05-12T19:04:15,034798283+02:00
57.0513675
9.926122667
10.8324
nan
111.45
 
2019-05-12T19:04:15,406843990+02:00
57.051364
9.9261405
10.5228
nan
110.28
 
2019-05-12T19:04:15,807274394+02:00
57.051360333
9.9261585
10.152
nan
110.49
 
2019-05-12T19:04:16,024462047+02:00
57.051358833
9.9261675
10.2312
nan
110.09
 
2019-05-12T19:04:16,412208332+02:00
57.051355667
9.926184667
9.6444
nan
109.93
 
2019-05-12T19:04:16,604817264+02:00
57.051354167
9.926193
9.594
nan
109.86
 
2019-05-12T19:04:17,202303480+02:00
57.051349333
9.926217167
9.3924
nan
110.09
 
2019-05-12T19:04:17,597199080+02:00
57.051345833
9.926233333
9.5796
nan
111.53
 
2019-05-12T19:04:17,805705069+02:00
57.051343667
9.926241667
9.6624
nan
113.1
 
2019-05-12T19:04:18,003916389+02:00
57.051341333
9.926250167
9.7992
nan
114.33
 
2019-05-12T19:04:18,214278696+02:00
57.051339167
9.9262585
9.9144
nan
115.08
 
2019-05-12T19:04:18,425311599+02:00
57.051337
9.926266833
10.0368
nan
114.94
 
2019-05-12T19:04:18,610717770+02:00
57.051334833
9.926275167
9.9612
nan
115.55
 
2019-05-12T19:04:19,014301122+02:00
57.051330167
9.926291833
10.2348
nan
116.57
 
2019-05-12T19:04:19,411801726+02:00
57.051325167
9.926308667
10.1376
nan
117.33
 
2019-05-12T19:04:19,606201488+02:00
57.0513225
9.926317333
10.4328
nan
118.16
 
2019-05-12T19:04:20,004156952+02:00
57.051317167
9.926334833
10.638
nan
118.07
 
2019-05-12T19:04:20,240173591+02:00
57.0513145
9.926343667
10.602
nan
117.96
 
2019-05-12T19:04:20,610823222+02:00
57.0513095
9.9263615
10.5804
nan
117.09
 
2019-05-12T19:04:21,007779605+02:00
57.0513045
9.926379833
10.7604
nan
116.09
 
2019-05-12T19:04:21,407776003+02:00
57.0512995
9.926397833
10.8864
nan
116.16
 
2019-05-12T19:04:21,798350161+02:00
57.051294167
9.926415667
10.7928
nan
116.81
 
2019-05-12T19:04:22,016570048+02:00
57.0512915
9.926424833
10.854
nan
117.0
 
2019-05-12T19:04:22,204087271+02:00
57.051289
9.926434
10.7316
nan
116.44
 
2019-05-12T19:04:22,800222761+02:00
57.051281833
9.926461333
10.5984
nan
114.76
 
2019-05-12T19:04:23,017961490+02:00
57.051279333
9.926470167
10.4436
nan
115.29
 
2019-05-12T19:04:23,411154790+02:00
57.051274667
9.926487833
10.2024
nan
115.25
 
2019-05-12T19:04:23,610335992+02:00
57.051272333
9.926496833
10.4472
nan
115.18
 
2019-05-12T19:04:23,850759694+02:00
57.051270167
9.926505333
10.1952
nan
114.86
 
2019-05-12T19:04:24,039624112+02:00
57.051267833
9.926514
10.2024
37.5
115.05
 
2019-05-12T19:04:24,236332592+02:00
57.051265333
9.9265225
10.2096
nan
116.32
 
2019-05-12T19:04:24,622925435+02:00
57.051260667
9.926539833
10.206
nan
116.54
 
2019-05-12T19:04:25,012168198+02:00
57.051255833
9.926557167
10.3716
nan
116.83
 
2019-05-12T19:04:25,602558450+02:00
57.0512485
9.926583167
10.6056
nan
116.87
 
2019-05-12T19:04:25,806255936+02:00
57.051246
9.926591833
10.6668
nan
116.6
 
2019-05-12T19:04:26,036355069+02:00
57.0512435
9.926600667
10.6956
nan
116.73
 
2019-05-12T19:04:26,242982816+02:00
57.051240833
9.926609667
10.8036
nan
116.32
 
2019-05-12T19:04:26,607106396+02:00
57.051235667
9.926627333
10.872
nan
116.5
 
2019-05-12T19:04:27,013942994+02:00
57.051230667
9.926644333
10.6884
nan
116.59
 
2019-05-12T19:04:27,205738972+02:00
57.0512285
9.926652667
10.4436
nan
116.17
 
2019-05-12T19:04:27,609663539+02:00
57.051224
9.926669667
10.152
nan
114.66
 
2019-05-12T19:04:27,816683134+02:00
57.051221833
9.926678167
10.1556
nan
113.82
 
2019-05-12T19:04:28,042394689+02:00
57.051219833
9.926686833
10.2528
nan
113.05
 
2019-05-12T19:04:29,052474059+02:00
57.051211333
9.926729333
9.7992
nan
108.98
 
2019-05-12T19:04:29,399214828+02:00
57.0512075
9.926746
9.8856
nan
110.36
 
2019-05-12T19:04:29,811137341+02:00
57.051203333
9.926762333
10.008
nan
111.82
 
2019-05-12T19:04:29,999965130+02:00
57.051201167
9.926770333
9.918
nan
112.46
 
2019-05-12T19:04:30,218682707+02:00
57.051199
9.926778667
10.0548
nan
112.66
 
2019-05-12T19:04:30,607229216+02:00
57.051194833
9.926794333
9.8712
nan
113.49
 
2019-05-12T19:04:31,206104160+02:00
57.051188667
9.926819
10.0368
nan
113.34
 
2019-05-12T19:04:31,415953311+02:00
57.051186833
9.926827333
10.1484
nan
112.88
 
2019-05-12T19:04:31,808709002+02:00
57.051182833
9.926844333
10.4256
nan
112.81
 
2019-05-12T19:04:32,211342246+02:00
57.051178833
9.926862833
10.8288
nan
111.48
 
2019-05-12T19:04:32,608072725+02:00
57.051174833
9.9268815
10.872
nan
110.11
 
2019-05-12T19:04:32,805149679+02:00
57.051173167
9.926890833
10.7784
nan
109.01
 
2019-05-12T19:04:33,021413678+02:00
57.051171167
9.926899833
10.6452
nan
109.33
 
2019-05-12T19:04:33,216420207+02:00
57.051169333
9.926908667
10.5732
nan
109.69
 
2019-05-12T19:04:33,418274182+02:00
57.051167167
9.926917333
10.4148
nan
110.81
 
2019-05-12T19:04:34,014086455+02:00
57.051160667
9.926943667
10.1988
nan
113.04
 
2019-05-12T19:04:34,405217865+02:00
57.0511565
9.926961
10.2132
nan
113.98
 
2019-05-12T19:04:34,619905629+02:00
57.051154167
9.926969333
10.152
nan
114.63
 
2019-05-12T19:04:35,015998447+02:00
57.0511495
9.926985833
10.2312
nan
116.32
 
2019-05-12T19:04:35,210745819+02:00
57.051147167
9.926994
10.296
nan
117.02
 
2019-05-12T19:04:35,450185147+02:00
57.051144833
9.927002
10.2492
nan
117.07
 
2019-05-12T19:04:35,806435730+02:00
57.051140167
9.927018
10.3896
nan
117.12
 
2019-05-12T19:04:36,013278106+02:00
57.051137833
9.927026333
10.5192
nan
116.8
 
2019-05-12T19:04:36,420128943+02:00
57.051133
9.927043167
10.4976
nan
116.46
 
2019-05-12T19:04:36,808449954+02:00
57.051128333
9.927060333
10.5084
nan
115.56
 
2019-05-12T19:04:37,023134299+02:00
57.051126
9.927068833
10.4688
nan
115.22
 
2019-05-12T19:04:37,234908512+02:00
57.051123833
9.927077333
10.3032
nan
114.72
 
2019-05-12T19:04:37,810319032+02:00
57.051117833
9.927102667
10.2168
nan
113.18
 
2019-05-12T19:04:38,204844931+02:00
57.051113667
9.927119
9.9648
nan
113.04
 
2019-05-12T19:04:38,617413784+02:00
57.051109333
9.927135667
9.9828
nan
113.43
 
2019-05-12T19:04:38,811825825+02:00
57.051107
9.927144167
10.2132
nan
114.06
 
2019-05-12T19:04:39,022578509+02:00
57.051104833
9.927152333
10.0548
nan
114.37
 
2019-05-12T19:04:39,606347929+02:00
57.051097333
9.927177333
10.6632
nan
116.6
 
2019-05-12T19:04:40,004996725+02:00
57.0510925
9.927194167
10.458
nan
116.28
 
2019-05-12T19:04:40,206838464+02:00
57.05109
9.927202833
10.6884
nan
116.49
 
2019-05-12T19:04:40,606956539+02:00
57.0510855
9.927220333
10.6092
nan
115.09
 
2019-05-12T19:04:40,806193456+02:00
57.051083333
9.927229
10.5552
nan
114.2
 
2019-05-12T19:04:41,010159145+02:00
57.051081167
9.927238
10.566
nan
113.81
 
2019-05-12T19:04:41,405992569+02:00
57.051077
9.927255833
10.5444
nan
113.08
 
2019-05-12T19:04:41,614187909+02:00
57.051074833
9.927264833
10.584
nan
112.91
 
2019-05-12T19:04:42,012075223+02:00
57.0510705
9.927283
10.6956
nan
112.51
 
2019-05-12T19:04:42,402940810+02:00
57.051065833
9.927301167
10.6416
nan
113.48
 
2019-05-12T19:04:42,807216920+02:00
57.051061333
9.927319167
10.6704
nan
114.4
 
2019-05-12T19:04:43,013705174+02:00
57.051059167
9.927328333
10.5804
nan
114.44
 
2019-05-12T19:04:43,414621754+02:00
57.051054833
9.927346333
10.5948
nan
114.3
 
2019-05-12T19:04:43,809928753+02:00
57.051050667
9.927363833
10.3932
nan
114.61
 
2019-05-12T19:04:44,204888534+02:00
57.0510465
9.927381833
10.4328
nan
113.97
 
2019-05-12T19:04:44,404301397+02:00
57.051044333
9.927391167
10.5012
nan
113.43
 
2019-05-12T19:04:44,818662296+02:00
57.05104
9.9274095
10.4904
nan
113.11
 
2019-05-12T19:04:45,209333931+02:00
57.0510355
9.927427667
10.674
nan
114.02
 
2019-05-12T19:04:45,416760060+02:00
57.051033167
9.927436667
10.6128
nan
113.97
 
2019-05-12T19:04:45,602138078+02:00
57.051031167
9.927444833
10.3212
nan
113.66
 
2019-05-12T19:04:46,009909528+02:00
57.0510265
9.9274615
10.3284
nan
113.64
 
2019-05-12T19:04:46,206849505+02:00
57.051024333
9.927469667
10.2204
nan
114.24
 
2019-05-12T19:04:46,433924035+02:00
57.051022
9.927477333
9.8748
nan
114.55
 
2019-05-12T19:04:46,807017782+02:00
57.051017333
9.927493333
9.7704
nan
116.36
 
2019-05-12T19:04:47,208375848+02:00
57.051012667
9.927508833
9.7884
nan
116.78
 
2019-05-12T19:04:47,410731024+02:00
57.051010333
9.927517
9.9324
nan
116.25
 
2019-05-12T19:04:47,624785084+02:00
57.051008167
9.927525
9.9684
nan
116.13
 
2019-05-12T19:04:48,008302168+02:00
57.051004167
9.927541667
10.0872
nan
114.7
 
2019-05-12T19:04:48,210132071+02:00
57.051002167
9.927550333
10.2816
nan
113.92
 
2019-05-12T19:04:48,418202328+02:00
57.051000167
9.927559
10.1592
nan
113.58
 
2019-05-12T19:04:49,017898234+02:00
57.050994
9.9275855
10.2708
nan
113.06
 
2019-05-12T19:04:49,402900159+02:00
57.05099
9.927603333
10.314
nan
111.85
 
2019-05-12T19:04:49,602978173+02:00
57.050988167
9.927612167
10.3896
nan
111.51
 
2019-05-12T19:04:49,826203269+02:00
57.050986333
9.927620833
10.3284
nan
111.6
 
2019-05-12T19:04:50,211451048+02:00
57.050982167
9.927638167
10.4328
nan
112.77
 
2019-05-12T19:04:50,414001103+02:00
57.050980167
9.927646667
10.2204
nan
113.03
 
2019-05-12T19:04:50,604608461+02:00
57.050978
9.927655167
10.3032
nan
113.39
 
2019-05-12T19:04:50,798870211+02:00
57.050975833
9.927663667
10.3716
nan
114.0
 
2019-05-12T19:04:51,035907413+02:00
57.050973667
9.927671833
10.1808
nan
114.46
 
2019-05-12T19:04:51,410888601+02:00
57.050969333
9.927689167
10.4364
nan
114.93
 
2019-05-12T19:04:51,614745936+02:00
57.050967
9.927697333
10.188
nan
115.88
 
2019-05-12T19:04:51,998664825+02:00
57.050962667
9.927715
10.35
nan
115.39
 
2019-05-12T19:04:52,207522520+02:00
57.050960333
9.927723833
10.5336
nan
115.75
 
2019-05-12T19:04:52,424113847+02:00
57.050958
9.927732833
10.5696
nan
115.64
 
2019-05-12T19:04:52,810627446+02:00
57.050953167
9.927750167
10.6308
nan
116.39
 
2019-05-12T19:04:53,022386427+02:00
57.050950667
9.927758833
10.5588
nan
116.83
 
2019-05-12T19:04:53,203009956+02:00
57.050948167
9.927767333
10.512
nan
117.35
 
2019-05-12T19:04:53,610178439+02:00
57.050943667
9.927784667
10.5444
nan
115.95
 
2019-05-12T19:04:53,816160942+02:00
57.0509415
9.927793333
10.6488
nan
114.36
 
2019-05-12T19:04:54,050667227+02:00
57.0509395
9.9278025
10.764
nan
113.19
 
2019-05-12T19:04:54,615469852+02:00
57.050933333
9.927829833
10.7784
nan
111.64
 
2019-05-12T19:04:55,009917105+02:00
57.050929167
9.927848
10.8288
nan
111.39
 
2019-05-12T19:04:55,207424384+02:00
57.050927167
9.927857
10.7856
nan
111.92
 
2019-05-12T19:04:55,415056034+02:00
57.050925
9.927866167
10.5804
nan
112.0
 
2019-05-12T19:04:55,639202207+02:00
57.050923
9.9278755
10.5336
nan
111.58
 
2019-05-12T19:04:55,847565365+02:00
57.050921
9.927884667
10.4292
nan
111.29
 
2019-05-12T19:04:56,206493354+02:00
57.050916833
9.9279015
10.1664
nan
112.08
 
2019-05-12T19:04:56,404499730+02:00
57.0509145
9.92791
10.2204
nan
112.9
 
2019-05-12T19:04:56,618883531+02:00
57.050912333
9.9279185
10.1772
nan
113.11
 
2019-05-12T19:04:57,009316314+02:00
57.050908167
9.927935167
10.0872
nan
113.74
 
2019-05-12T19:04:57,229354535+02:00
57.050906
9.927943833
10.2636
nan
114.07
 
2019-05-12T19:04:57,425937043+02:00
57.050903667
9.927952333
10.3104
nan
114.67
 
2019-05-12T19:04:57,806522191+02:00
57.050899
9.927968833
10.1988
nan
116.22
 
2019-05-12T19:04:58,002946214+02:00
57.050896667
9.927977
10.278
nan
116.2
 
2019-05-12T19:04:58,236075359+02:00
57.050894167
9.927985
10.2492
nan
116.43
 
2019-05-12T19:04:58,622222985+02:00
57.0508895
9.928001667
10.404
nan
116.38
 
2019-05-12T19:04:58,803562754+02:00
57.050887167
9.928010333
10.4868
nan
115.58
 
2019-05-12T19:04:59,208658830+02:00
57.050882333
9.928028167
10.8144
nan
114.82
 
2019-05-12T19:04:59,410658027+02:00
57.050879833
9.928037167
10.6668
nan
115.22
 
2019-05-12T19:04:59,809022189+02:00
57.050875167
9.928055333
10.7604
nan
114.5
 
2019-05-12T19:05:00,027839185+02:00
57.050872667
9.928064333
10.8144
nan
115.3
 
2019-05-12T19:05:00,403939339+02:00
57.050868167
9.928082333
10.62
nan
114.73
 
2019-05-12T19:05:00,607867838+02:00
57.050866
9.928091667
10.7136
nan
114.29
 
2019-05-12T19:05:00,823329565+02:00
57.0508635
9.9281005
10.6488
nan
114.47
 
2019-05-12T19:05:01,217850965+02:00
57.050859333
9.928118
10.6344
nan
114.23
 
2019-05-12T19:05:01,415230066+02:00
57.050857167
9.9281265
10.4904
nan
114.3
 
2019-05-12T19:05:02,023559923+02:00
57.050851
9.928153333
10.368
nan
112.9
 
2019-05-12T19:05:02,241691641+02:00
57.050848833
9.928162333
10.4112
nan
113.13
 
2019-05-12T19:05:02,440776446+02:00
57.050846667
9.928171167
10.3752
nan
114.36
 
2019-05-12T19:05:02,606292037+02:00
57.050844167
9.928179667
10.3896
nan
115.87
 
2019-05-12T19:05:02,840804733+02:00
57.050841833
9.9281885
10.4472
nan
116.61
 
2019-05-12T19:05:03,210307328+02:00
57.050837
9.928206333
10.764
nan
116.28
 
2019-05-12T19:05:03,405948276+02:00
57.050834833
9.928215
10.2888
nan
116.41
 
2019-05-12T19:05:03,616625695+02:00
57.050832667
9.928223833
10.3716
nan
116.15
 
2019-05-12T19:05:04,009125735+02:00
57.050828167
9.928242
10.5732
nan
114.95
 
2019-05-12T19:05:04,215077559+02:00
57.050825667
9.928250667
10.404
nan
115.51
 
2019-05-12T19:05:04,417410364+02:00
57.0508235
9.928259833
10.5336
nan
114.92
 
2019-05-12T19:05:04,812974521+02:00
57.050819167
9.928277333
10.1268
nan
114.34
 
2019-05-12T19:05:05,046408392+02:00
57.050816833
9.928285833
10.2492
nan
115.34
 
2019-05-12T19:05:05,411146832+02:00
57.050813333
9.928300833
8.5392
nan
114.3
 
2019-05-12T19:05:05,808022769+02:00
57.050812333
9.928308
3.9348
nan
110.23
 
2019-05-12T19:05:06,228019676+02:00
57.050811833
9.928311667
1.89
nan
107.39
 
2019-05-12T19:05:06,610086977+02:00
57.050810667
9.928314667
1.3968
nan
120.81
 
2019-05-12T19:05:06,805248656+02:00
57.050810167
9.928314833
1.3824
nan
138.77
 
2019-05-12T19:05:07,024064642+02:00
57.0508095
9.9283145
1.5156
nan
163.12
 
2019-05-12T19:05:07,604424355+02:00
57.050807
9.928313
2.0556
nan
198.38
 
2019-05-12T19:05:08,002919769+02:00
57.050805333
9.92831
2.43
nan
222.7
 
2019-05-12T19:05:08,203349401+02:00
57.050804667
9.928307833
2.8008
nan
236.84
 
2019-05-12T19:05:08,415755748+02:00
57.050804167
9.928304167
4.086
nan
250.29
 
2019-05-12T19:05:08,808638765+02:00
57.050803667
9.9282925
6.9552
nan
264.1
 
2019-05-12T19:05:09,022872290+02:00
57.050803667
9.928284
8.8632
nan
267.73
 
2019-05-12T19:05:09,413823179+02:00
57.050804
9.928261667
12.6072
nan
270.57
 
2019-05-12T19:05:09,627284870+02:00
57.050804
9.9282485
13.9248
nan
270.93
 
2019-05-12T19:05:09,814935392+02:00
57.0508045
9.928233833
15.3252
nan
271.69
 
2019-05-12T19:05:10,406954394+02:00
57.050805167
9.928183833
19.0296
nan
271.91
 
2019-05-12T19:05:10,805242418+02:00
57.050805667
9.9281445
21.7476
nan
271.91
 
2019-05-12T19:05:11,011161778+02:00
57.050805833
9.928123833
22.554
nan
271.51
 
2019-05-12T19:05:11,407162663+02:00
57.050806333
9.928078833
24.7032
nan
270.79
 
2019-05-12T19:05:11,811623743+02:00
57.050806
9.928030167
26.7228
nan
269.38
 
2019-05-12T19:05:12,030043116+02:00
57.050805833
9.928004167
27.8568
nan
269.45
 
2019-05-12T19:05:12,417573206+02:00
57.050805167
9.92795
29.6784
nan
268.62
 
2019-05-12T19:05:12,802675220+02:00
57.050804667
9.927892833
31.176
nan
268.73
 
2019-05-12T19:05:13,210862937+02:00
57.050804
9.927832833
32.8176
nan
268.72
 
2019-05-12T19:05:13,610677875+02:00
57.050803333
9.927770833
34.0632
nan
269.23
 
2019-05-12T19:05:13,805907142+02:00
57.050803333
9.927738667
34.9308
nan
270.14
 
2019-05-12T19:05:14,004812178+02:00
57.0508035
9.927705667
35.5932
nan
270.53
 
2019-05-12T19:05:14,201243977+02:00
57.050803667
9.927673
35.7408
nan
270.65
 
2019-05-12T19:05:14,411736057+02:00
57.0508035
9.9276395
36.4752
nan
270.18
 
2019-05-12T19:05:14,805230526+02:00
57.050804167
9.927571
37.2384
nan
270.74
 
2019-05-12T19:05:15,209578429+02:00
57.050804833
9.927501167
38.1672
nan
271.82
 
2019-05-12T19:05:15,598597720+02:00
57.050807333
9.927428833
39.582
nan
273.78
 
2019-05-12T19:05:15,823055895+02:00
57.050809333
9.9273925
39.6864
nan
274.93
 
2019-05-12T19:05:16,009983640+02:00
57.0508115
9.927355333
40.3596
nan
275.95
 
2019-05-12T19:05:16,227774916+02:00
57.050814167
9.927318333
40.6332
nan
277.34
 
2019-05-12T19:05:16,413450807+02:00
57.050817167
9.927281
40.932
nan
277.87
 
2019-05-12T19:05:16,607196923+02:00
57.050820333
9.927243333
41.4
nan
278.62
 
2019-05-12T19:05:17,004332783+02:00
57.0508265
9.927167167
41.8356
nan
278.62
 
2019-05-12T19:05:17,417893790+02:00
57.050832667
9.927089667
42.7788
nan
278.52
 
2019-05-12T19:05:17,808646605+02:00
57.050838167
9.927011333
43.2288
nan
277.62
 
2019-05-12T19:05:18,007797933+02:00
57.0508405
9.926971833
43.578
nan
277.05
 
2019-05-12T19:05:18,214971909+02:00
57.050843167
9.926932167
43.8444
nan
277.35
 
2019-05-12T19:05:18,812329404+02:00
57.050853
9.926814333
43.5564
nan
279.28
 
2019-05-12T19:05:19,141396550+02:00

 
