
2019-03-12T08:41:01,133340062+01:00
57.013750162
9.987216153
0.1224
3.034
167.2931
 
2019-03-12T08:41:02,136432351+01:00
57.013749976
9.987215877
0.0648
3.071
297.762
 
2019-03-12T08:41:03,133352119+01:00
57.013750332
9.987215715
0.0468
3.129
347.1091
 
2019-03-12T08:41:04,141098800+01:00
57.013750026
9.987215524
0.414
3.091
177.9704
 
2019-03-12T08:41:05,128626748+01:00
57.013749699
9.987215973
0.3456
3.175
166.7806
 
2019-03-12T08:41:06,142056920+01:00
57.013749547
9.987215801
0.0288
3.257
191.8564
 
2019-03-12T08:41:07,142596869+01:00
57.013750423
9.987215486
0.3168
3.289
352.0134
 
2019-03-12T08:41:08,145107037+01:00
57.013751693
9.987215695
0.2052
3.269
20.7163
 
2019-03-12T08:41:09,142569257+01:00
57.01375217
9.987215505
0.1692
3.366
156.0259
 
2019-03-12T08:41:10,136789301+01:00
57.013751993
9.987215305
0.2052
3.462
200.7163
 
2019-03-12T08:41:11,142129333+01:00
57.013750237
9.987215001
0.504
3.565
180.4556
 
2019-03-12T08:41:12,139268649+01:00
57.013750214
9.987214677
0.0756
3.555
112.9827
 
2019-03-12T08:41:13,138236465+01:00
57.013749481
9.987214468
0.2124
3.667
166.2453
 
2019-03-12T08:41:14,138367202+01:00
57.013748439
9.987213954
0.054
3.814
200.5294
 
2019-03-12T08:41:15,141805025+01:00
57.013748417
9.98721363
0.126
3.804
341.6934
 
2019-03-12T08:41:16,138059781+01:00
57.013747622
9.987213583
0.1008
3.909
14.1092
 
2019-03-12T08:41:17,145312360+01:00
57.013749583
9.98721361
0.1332
3.91
165.5827
 
2019-03-12T08:41:18,151266597+01:00
57.013749603
9.987213468
0.486
4.004
183.4111
 
2019-03-12T08:41:19,140727047+01:00
57.013747194
9.987213564
0.4428
4.059
189.7664
 
2019-03-12T08:41:20,142056886+01:00
57.013744909
9.987213337
0.1296
4.129
188.2983
 
2019-03-12T08:41:21,141443296+01:00
57.013743238
9.987213195
0.252
4.25
165.5684
 
2019-03-12T08:41:22,143938414+01:00
57.013742386
9.987212719
0.2844
4.299
185.4453
 
2019-03-12T08:41:23,134487262+01:00
57.01374202
9.987212338
0.2808
4.266
195.0489
 
2019-03-12T08:41:24,144911979+01:00
57.013742654
9.987211374
0.5544
4.244
352.6484
 
2019-03-12T08:41:25,142652549+01:00
57.013741748
9.987210727
0.234
4.393
182.0276
 
2019-03-12T08:41:26,146557556+01:00
57.01374412
9.987210058
0.0396
4.377
154.8711
 
2019-03-12T08:41:27,138178307+01:00
57.013744065
9.98720983
0.2484
4.512
355.1762
 
2019-03-12T08:41:28,143766083+01:00
57.013747104
9.987209418
0.6912
4.447
356.1721
 
2019-03-12T08:41:29,142712223+01:00
57.013750794
9.98720911
0.9432
4.216
5.552
 
2019-03-12T08:41:30,146733487+01:00
57.013750926
9.987209215
0.1584
4.278
8.9732
 
2019-03-12T08:41:31,142794796+01:00
57.013751118
9.987209101
0.1836
4.383
347.4818
 
2019-03-12T08:41:32,141211757+01:00
57.013754405
9.987209156
0.6264
4.277
357.8755
 
2019-03-12T08:41:33,146649770+01:00
57.013756516
9.987209297
0.63
4.232
1.6822
 
2019-03-12T08:41:34,142505344+01:00
57.013757254
9.987209469
0.1584
4.25
24.9263
 
2019-03-12T08:41:35,151080221+01:00
57.013758415
9.987209487
0.126
4.226
38.3079
 
2019-03-12T08:41:36,162335609+01:00
57.01376041
9.98720962
0.4176
4.272
359.6927
 
2019-03-12T08:41:37,153263998+01:00
57.013763008
9.987209503
0.4932
4.156
359.246
 
2019-03-12T08:41:38,150039678+01:00
57.013764578
9.987209531
0.3384
4.09
8.4574
 
2019-03-12T08:41:39,148151308+01:00
57.013764771
9.987209474
0.3528
4.16
174.9097
 
2019-03-12T08:41:40,153368137+01:00
57.013767503
9.98720993
0.27
4.022
355.5275
 
2019-03-12T08:41:41,146146208+01:00
57.013767688
9.987209796
0.162
4.032
205.8549
 
2019-03-12T08:41:42,143504382+01:00
57.01376811
9.987209643
0.3168
3.99
177.3444
 
2019-03-12T08:41:43,145868344+01:00
57.013769553
9.987209327
0.2664
3.802
185.8477
 
2019-03-12T08:41:44,152548300+01:00
57.01377136
9.987209335
0.3528
3.683
3.3782
 
2019-03-12T08:41:45,152144927+01:00
57.013771636
9.987209182
0.0648
3.616
297.762
 
2019-03-12T08:41:46,153443277+01:00
57.013771692
9.987209058
0.2628
3.492
190.9768
 
2019-03-12T08:41:47,149698389+01:00
57.013774852
9.987209179
0.1008
3.216
153.0202
 
2019-03-12T08:41:48,151237526+01:00
57.013776126
9.987209502
0.126
3.124
169.4661
 
2019-03-12T08:41:49,151459634+01:00
57.013776692
9.987209998
0.0972
3.119
39.0383
 
2019-03-12T08:41:50,149188828+01:00
57.013778314
9.987210139
0.0828
2.99
326.9621
 
2019-03-12T08:41:51,163146594+01:00
57.013781397
9.987209765
0.0648
2.803
33.5018
 
2019-03-12T08:41:52,141615891+01:00
57.013782311
9.987210079
0.2016
2.761
87.9698
 
2019-03-12T08:41:53,142938643+01:00
57.013782243
9.987209869
0.0576
2.67
234.1486
 
2019-03-12T08:41:54,156116392+01:00
57.013783299
9.987209515
0.324
2.546
4.7861
 
2019-03-12T08:41:55,148411421+01:00
57.01378483
9.987209476
0.2808
2.304
15.0489
 
2019-03-12T08:41:56,146180275+01:00
57.013785667
9.98720915
0.2952
2.125
171.4876
 
2019-03-12T08:41:57,145444821+01:00
57.01378594
9.987209646
0.0504
2.069
226.2313
 
2019-03-12T08:41:58,146370319+01:00
57.013785677
9.987209083
0.2376
1.957
349.3987
 
2019-03-12T08:41:59,145022093+01:00
57.013786903
9.987209054
0.1584
1.868
8.9732
 
2019-03-12T08:42:00,159022818+01:00
57.01378609
9.987208854
0.1188
1.856
157.3036
 
2019-03-12T08:42:01,142723481+01:00
57.013785656
9.987208672
0.0972
1.684
226.2313
 
2019-03-12T08:42:02,153842048+01:00
57.01378356
9.987208073
0.1872
1.705
312.0756
 
2019-03-12T08:42:03,155198664+01:00
57.013782601
9.987207873
0.4284
1.667
2.2137
 
2019-03-12T08:42:04,162772943+01:00
57.013783661
9.987207633
0.3816
1.471
9.433
 
2019-03-12T08:42:05,150932112+01:00
57.013782728
9.987207109
0.144
1.431
180.7955
 
2019-03-12T08:42:06,149642374+01:00
57.013783662
9.987206374
0.2844
1.316
339.9147
 
2019-03-12T08:42:07,151689353+01:00
57.013784951
9.987206182
0.4752
1.235
2.7345
 
2019-03-12T08:42:08,149247616+01:00
57.013786012
9.987215374
3.0132
1.206
93.7331
 
2019-03-12T08:42:09,153638138+01:00
57.013783176
9.987241122
6.948
1.244
99.7511
 
2019-03-12T08:42:10,157348127+01:00
57.013781015
9.987281649
9.9504
1.352
94.6895
 
2019-03-12T08:42:11,149672878+01:00
57.013778337
9.98732848
10.476
1.403
91.1635
 
2019-03-12T08:42:12,153652674+01:00
57.013777095
9.987382327
12.4056
1.278
89.6838
 
2019-03-12T08:42:13,152873840+01:00
57.01377141
9.987440927
13.3668
1.51
92.0556
 
2019-03-12T08:42:14,154639777+01:00
57.013767751
9.987499096
12.3912
1.727
90.6265
 
2019-03-12T08:42:15,169759267+01:00
57.013766099
9.987551762
11.0988
1.751
90.9964
 
2019-03-12T08:42:16,153403150+01:00
57.013760348
9.987597993
10.3032
1.654
104.6925
 
2019-03-12T08:42:17,153983128+01:00
57.013735648
9.987636896
9.4932
2.843
114.6588
 
2019-03-12T08:42:18,156309491+01:00
57.013702315
9.987676079
12.2976
3.75
132.4972
 
2019-03-12T08:42:19,155395331+01:00
57.013638635
9.98769669
11.9988
6.136
163.8343
 
2019-03-12T08:42:20,156649852+01:00
57.013606253
9.987701097
12.5208
7.213
176.8974
 
2019-03-12T08:42:21,157775490+01:00
57.01357474
9.987695299
13.6476
7.809
187.6295
 
2019-03-12T08:42:22,150778722+01:00
57.013535125
9.98769151
14.9724
8.92
182.4084
 
2019-03-12T08:42:23,153856519+01:00
57.013489632
9.987683631
16.1928
9.073
181.3101
 
2019-03-12T08:42:24,154236979+01:00
57.013440059
9.987676613
17.2728
9.569
181.6634
 
2019-03-12T08:42:25,145089752+01:00
57.013392765
9.987670975
18.1224
9.792
182.6928
 
2019-03-12T08:42:26,156376112+01:00
57.013335003
9.987668653
21.8448
10.355
180.7916
 
2019-03-12T08:42:27,154314286+01:00
57.013287724
9.987668184
20.1096
10.589
179.7918
 
2019-03-12T08:42:28,151809507+01:00
57.013235331
9.987662865
19.4184
11.324
182.1423
 
2019-03-12T08:42:29,152974664+01:00
57.013183365
9.987659918
18.6804
11.265
180.9864
 
2019-03-12T08:42:30,153101186+01:00
57.013138586
9.987659124
18.7524
11.605
182.0914
 
2019-03-12T08:42:31,157679751+01:00
57.013086983
9.987660466
19.3644
11.115
178.0752
 
2019-03-12T08:42:32,158439999+01:00
57.013038034
9.987654365
18.6408
12.089
182.1173
 
2019-03-12T08:42:33,171029441+01:00
57.012987951
9.987652152
19.008
12.312
181.0637
 
2019-03-12T08:42:34,165112350+01:00
57.01294034
9.987645995
18.7848
13.87
183.642
 
2019-03-12T08:42:35,161291578+01:00
57.012897151
9.987643285
19.1808
15.06
181.901
 
2019-03-12T08:42:36,165730910+01:00
57.012845859
9.987639508
19.9404
14.69
183.3219
 
2019-03-12T08:42:37,159994601+01:00
57.012795465
9.987634567
19.6848
14.47
182.508
 
2019-03-12T08:42:38,159255160+01:00
57.012749932
9.987634059
18.3924
14.817
179.9432
 
2019-03-12T08:42:39,157449403+01:00
57.012703103
9.987634485
18.2052
15.09
180.1265
 
2019-03-12T08:42:40,157398382+01:00
57.012660175
9.987634016
18.3528
16.071
181.8899
 
2019-03-12T08:42:41,154040588+01:00
57.01261472
9.987635246
17.8164
17.342
177.8621
 
2019-03-12T08:42:42,157181030+01:00
57.012577584
9.987639795
14.7708
16.879
176.6071
 
2019-03-12T08:42:43,157176283+01:00
57.012552708
9.987639902
11.1528
16.567
179.1352
 
2019-03-12T08:42:44,154862600+01:00
57.012535329
9.987632245
9.3708
16.213
193.2059
 
2019-03-12T08:42:45,156492428+01:00
57.012512131
9.987619823
9.072
16.185
201.6606
 
2019-03-12T08:42:46,160874764+01:00
57.01249401
9.987592378
9.4932
15.111
228.792
 
2019-03-12T08:42:47,159013323+01:00
57.012478746
9.987542295
13.9536
14.044
247.9307
 
2019-03-12T08:42:48,163547892+01:00
57.012480277
9.98747238
16.6068
13.493
263.7674
 
2019-03-12T08:42:49,175130084+01:00
57.012476135
9.987385343
19.0836
12.862
268.6853
 
2019-03-12T08:42:50,169879957+01:00
57.012481182
9.987290884
21.2472
12.581
273.0057
 
2019-03-12T08:42:51,166243057+01:00
57.012484796
9.987189322
22.2372
12.212
273.5818
 
2019-03-12T08:42:52,162134272+01:00
57.012488708
9.987082867
23.6124
11.5
272.1479
 
2019-03-12T08:42:53,162158310+01:00
57.012491527
9.986968423
25.5888
11.32
271.5149
 
2019-03-12T08:42:54,158820342+01:00
57.012489937
9.986845306
26.964
11.22
272.1864
 
2019-03-12T08:42:55,162590630+01:00
57.012493644
9.986718867
28.1664
11.274
272.5367
 
2019-03-12T08:42:56,167024964+01:00
57.012495574
9.986586031
29.1384
11.158
273.5951
 
2019-03-12T08:42:57,163960235+01:00
57.012499801
9.98645326
29.52
10.972
274.2926
 
2019-03-12T08:42:58,159504846+01:00
57.012503285
9.986320556
29.286
10.827
272.9093
 
2019-03-12T08:42:59,168386956+01:00
57.012508056
9.98618851
29.0196
10.804
272.9237
 
2019-03-12T08:43:00,172205449+01:00
57.012510539
9.986057914
28.9008
10.53
273.5051
 
2019-03-12T08:43:01,163567261+01:00
57.012510545
9.985924917
29.034
10.398
272.0332
 
2019-03-12T08:43:02,167679567+01:00
57.012511983
9.985792167
28.9332
10.461
271.4885
 
2019-03-12T08:43:03,162621479+01:00
57.012512608
9.985662059
28.1556
10.511
271.3291
 
2019-03-12T08:43:04,164872676+01:00
57.012512445
9.985533249
28.2456
10.451
270.2946
 
2019-03-12T08:43:05,162470000+01:00
57.012512304
9.985404762
28.1448
10.402
269.5157
 
2019-03-12T08:43:06,179601512+01:00
57.012513829
9.985277562
28.1268
10.458
269.6024
 
2019-03-12T08:43:07,162954186+01:00
57.012517385
9.985150656
27.7488
10.571
271.6562
 
2019-03-12T08:43:08,172766214+01:00
57.012517485
9.985025868
27.3024
10.337
271.245
 
2019-03-12T08:43:09,162533690+01:00
57.012518588
9.984901871
27.1548
10.198
271.9276
 
2019-03-12T08:43:10,161290243+01:00
57.012519577
9.98477757
27.2772
10.126
271.1923
 
2019-03-12T08:43:11,163662823+01:00
57.012521809
9.984654507
27.0936
10.012
270.7365
 
2019-03-12T08:43:12,159884135+01:00
57.012519857
9.984538178
24.4152
9.891
270.7132
 
2019-03-12T08:43:13,163397417+01:00
57.012520223
9.984439117
20.4876
9.817
270.4897
 
2019-03-12T08:43:14,175259399+01:00
57.012523214
9.984360354
16.3908
9.827
269.0247
 
2019-03-12T08:43:15,171307850+01:00
57.012520888
9.984298796
12.222
9.674
269.3257
 
2019-03-12T08:43:16,169038234+01:00
57.012520171
9.984249404
10.2996
9.606
269.0726
 
2019-03-12T08:43:17,165061451+01:00
57.012516383
9.984201692
10.872
9.641
261.0772
 
2019-03-12T08:43:18,166700405+01:00
57.012503171
9.984153214
12.1212
9.5
241.1869
 
2019-03-12T08:43:19,173000528+01:00
57.0124661
9.984107833
15.4476
10.081
217.0723
 
2019-03-12T08:43:20,167014316+01:00
57.012421299
9.984077979
17.8416
10.089
197.5522
 
2019-03-12T08:43:21,163178378+01:00
57.012373068
9.98406178
18.5616
9.962
188.5926
 
2019-03-12T08:43:22,166331816+01:00
57.012328659
9.984052875
18.0828
10.001
185.7517
 
2019-03-12T08:43:23,163406460+01:00
57.012283506
9.984039878
18.6336
9.963
189.8907
 
2019-03-12T08:43:24,162500734+01:00
57.012213242
9.98401763
23.454
9.891
191.3339
 
2019-03-12T08:43:25,167974576+01:00
57.012144124
9.983991958
25.164
9.856
192.1897
 
2019-03-12T08:43:26,164182872+01:00
57.012068283
9.983957395
27.2592
9.854
194.4591
 
2019-03-12T08:43:27,166765948+01:00
57.012004801
9.983921908
26.9676
9.698
197.223
 
2019-03-12T08:43:28,166893189+01:00
57.011941129
9.983882138
27.0792
9.258
199.8771
 
2019-03-12T08:43:29,166339377+01:00
57.011877396
9.983836639
27.2088
9.048
201.9063
 
2019-03-12T08:43:30,164148418+01:00
57.011817005
9.983790452
25.974
8.895
203.1772
 
2019-03-12T08:43:31,174138962+01:00
57.011763671
9.983743088
24.7752
8.792
205.2899
 
2019-03-12T08:43:32,175923643+01:00
57.011715035
9.983694587
23.9364
8.839
207.9696
 
2019-03-12T08:43:33,176663433+01:00
57.011668218
9.983642881
22.1292
9.004
210.426
 
2019-03-12T08:43:34,169178581+01:00
57.01162791
9.983596606
20.052
9.068
210.6872
 
2019-03-12T08:43:35,169067547+01:00
57.011590025
9.983550337
18.0036
8.802
214.266
 
2019-03-12T08:43:36,169124625+01:00
57.011560708
9.983501052
16.2324
8.847
223.6589
 
2019-03-12T08:43:37,169193271+01:00
57.011542154
9.983438802
16.3512
9.103
239.3815
 
2019-03-12T08:43:38,167966216+01:00
57.01153682
9.983362296
18.6264
8.905
263.1519
 
2019-03-12T08:43:39,170763504+01:00
57.011549346
9.983275795
20.8692
8.571
284.3212
 
2019-03-12T08:43:40,173255891+01:00
57.011571468
9.983181212
23.418
8.439
298.7174
 
2019-03-12T08:43:41,173157748+01:00
57.011593284
9.983077274
25.6428
7.827
302.7449
 
2019-03-12T08:43:42,171953018+01:00
57.01163011
9.98297407
27.396
7.419
301.579
 
2019-03-12T08:43:43,166406869+01:00
57.011671018
9.982862988
29.2248
7.406
301.3404
 
2019-03-12T08:43:44,172412185+01:00
57.011707522
9.982741182
31.6188
7.08
301.9019
 
2019-03-12T08:43:45,171667063+01:00
57.011755531
9.982615155
33.408
7.377
301.8999
 
2019-03-12T08:43:46,179689437+01:00
57.011800252
9.982482693
34.5384
7.375
301.7803
 
2019-03-12T08:43:47,170878747+01:00
57.011846467
9.982346978
35.496
7.361
302.37
 
2019-03-12T08:43:48,170984074+01:00
57.011890459
9.982211636
34.7364
7.364
300.509
 
2019-03-12T08:43:49,181522038+01:00
57.01193387
9.982074177
35.0244
7.338
300.1853
 
2019-03-12T08:43:50,171760686+01:00
57.011978779
9.981934399
35.0892
7.132
299.2825
 
2019-03-12T08:43:51,169392841+01:00
57.012017537
9.98179374
35.1108
7.382
297.7164
 
2019-03-12T08:43:52,169909895+01:00
57.012054595
9.981649258
35.6292
7.433
296.7635
 
2019-03-12T08:43:53,174981741+01:00
57.012091788
9.981501448
36.144
7.499
295.8477
 
2019-03-12T08:43:54,173213209+01:00
57.012129378
9.981352283
35.9964
7.643
293.9231
 
2019-03-12T08:43:55,177747160+01:00
57.012166154
9.981199934
36.162
7.548
292.8812
 
2019-03-12T08:43:56,173319266+01:00
57.012202891
9.981046544
36.3816
7.574
292.4381
 
2019-03-12T08:43:57,172995714+01:00
57.012236689
9.980891049
36.918
7.373
291.5014
 
2019-03-12T08:43:58,183195225+01:00
57.01227126
9.980732074
37.0368
7.497
290.5569
 
2019-03-12T08:43:59,174214261+01:00
57.012302148
9.980572175
36.9072
7.362
289.1876
 
2019-03-12T08:44:00,182245202+01:00
57.012330391
9.980411277
36.9432
7.407
287.5255
 
2019-03-12T08:44:01,171351815+01:00
57.012356409
9.980251106
36.9612
7.457
287.1822
 
2019-03-12T08:44:02,188480399+01:00
57.012383808
9.980089111
36.8208
7.205
286.7844
 
2019-03-12T08:44:03,179276949+01:00
57.012407735
9.979926785
36.5616
7.097
284.5939
 
2019-03-12T08:44:04,194697438+01:00
57.012429826
9.979764574
36.1944
6.919
281.9992
 
2019-03-12T08:44:05,182191212+01:00
57.012448608
9.979603654
35.856
6.944
281.7632
 
2019-03-12T08:44:06,173889765+01:00
57.012464142
9.979442603
35.6328
7.026
280.3707
 
2019-03-12T08:44:07,173379230+01:00
57.012478543
9.979283288
35.1936
7.189
279.3522
 
2019-03-12T08:44:08,179720602+01:00
57.012493883
9.979126949
34.5888
7.534
277.8976
 
2019-03-12T08:44:09,176607924+01:00
57.012506537
9.97897268
33.8832
7.907
277.1135
 
2019-03-12T08:44:10,178465095+01:00
57.012512107
9.978824072
32.0256
8.351
274.4368
 
2019-03-12T08:44:11,194271437+01:00
57.012516281
9.978683436
30.204
8.693
272.782
 
2019-03-12T08:44:12,181947897+01:00
57.012517383
9.978553157
27.918
8.935
270.7212
 
2019-03-12T08:44:13,177876818+01:00
57.012519443
9.978430581
26.2836
9.12
271.0848
 
2019-03-12T08:44:14,178206759+01:00
57.012525193
9.978312969
25.4916
9.122
275.118
 
2019-03-12T08:44:15,174369516+01:00
57.012543519
9.978201641
24.7428
9.204
285.6511
 
2019-03-12T08:44:16,181217945+01:00
57.012560254
9.978097105
23.9004
9.687
286.5573
 
2019-03-12T08:44:17,173817564+01:00
57.012567839
9.977991449
23.0796
9.735
275.6591
 
2019-03-12T08:44:18,182835069+01:00
57.012562879
9.977885127
23.418
9.855
263.9564
 
2019-03-12T08:44:19,176588787+01:00
57.01255368
9.977776548
24.0876
10.043
261.8393
 
2019-03-12T08:44:20,184631635+01:00
57.012551901
9.977664426
24.7752
10.147
267.7013
 
2019-03-12T08:44:21,194407849+01:00
57.012559345
9.97754874
25.4196
10.384
274.8401
 
2019-03-12T08:44:22,176632446+01:00
57.012572151
9.977430302
26.3664
10.424
279.4527
 
2019-03-12T08:44:23,178141074+01:00
57.0125877
9.97730905
27.3708
10.6
281.5884
 
2019-03-12T08:44:24,180591696+01:00
57.012600056
9.977182213
28.548
10.696
281.196
 
2019-03-12T08:44:25,174832326+01:00
57.012611449
9.977050342
29.502
10.957
278.9815
 
2019-03-12T08:44:26,186163572+01:00
57.012623166
9.976914305
30.0888
11.267
276.1259
 
2019-03-12T08:44:27,177722110+01:00
57.012632304
9.976775256
30.8052
11.56
275.4648
 
2019-03-12T08:44:28,179179837+01:00
57.012636913
9.976636649
30.2184
11.644
273.7328
 
2019-03-12T08:44:29,177395657+01:00
57.012641215
9.976498203
30.2832
11.679
273.9455
 
2019-03-12T08:44:30,185491887+01:00
57.012642443
9.976360419
30.3336
11.721
271.8993
 
2019-03-12T08:44:31,179663840+01:00
57.012642613
9.976222226
30.1464
11.947
270.5901
 
2019-03-12T08:44:32,184732518+01:00
57.012645766
9.976087291
29.4048
12.208
271.6174
 
2019-03-12T08:44:33,189192014+01:00
57.012648113
9.975952033
29.5956
12.324
272.6928
 
2019-03-12T08:44:34,182421903+01:00
57.012650227
9.975814476
30.2472
12.374
272.0536
 
2019-03-12T08:44:35,186083441+01:00
57.012654689
9.975674401
30.924
12.517
272.7393
 
2019-03-12T08:44:36,183108079+01:00
57.012656545
9.975530762
31.482
12.776
271.6014
 
2019-03-12T08:44:37,182345585+01:00
57.012657428
9.975385416
31.8888
12.891
271.9428
 
2019-03-12T08:44:38,178977596+01:00
57.012659545
9.97524047
31.7016
12.964
271.0433
 
2019-03-12T08:44:39,179988236+01:00
57.012662535
9.975093216
32.5728
13.273
270.8122
 
2019-03-12T08:44:40,182597884+01:00
57.012664859
9.974943886
32.6412
13.724
271.1906
 
2019-03-12T08:44:41,179008380+01:00
57.012665064
9.974794747
32.2056
14.115
271.3882
 
2019-03-12T08:44:42,187284410+01:00
57.012668161
9.974650059
31.2804
14.511
272.7672
 
2019-03-12T08:44:43,183326519+01:00
57.012669307
9.974511312
30.0348
14.726
270.7299
 
2019-03-12T08:44:44,186643056+01:00
57.012669711
9.974374712
29.7972
15.043
270.7015
 
2019-03-12T08:44:45,179794507+01:00
57.012672006
9.974238634
30.006
15.246
271.0143
 
2019-03-12T08:44:46,205997171+01:00
57.012674669
9.974098893
30.726
15.292
272.1769
 
2019-03-12T08:44:47,193808526+01:00
57.012677892
9.973958304
30.942
15.548
272.2063
 
2019-03-12T08:44:48,184817709+01:00
57.01267883
9.973816172
31.0356
15.754
271.1021
 
2019-03-12T08:44:49,183767299+01:00
57.012679316
9.973673144
31.3452
15.922
271.7837
 
2019-03-12T08:44:50,185576459+01:00
57.012677132
9.973529298
31.3776
16.044
271.5765
 
2019-03-12T08:44:51,184522937+01:00
57.012681443
9.973385562
31.5828
16.257
272.0643
 
2019-03-12T08:44:52,189372667+01:00
57.012682428
9.973241761
31.3056
16.364
270.9906
 
2019-03-12T08:44:53,183839055+01:00
57.012681087
9.973099422
31.0824
16.735
269.9614
 
2019-03-12T08:44:54,193352628+01:00
57.012680807
9.97295816
30.7728
17.03
270.8979
 
2019-03-12T08:44:55,182913580+01:00
57.012680448
9.97282092
29.5164
17.091
272.0338
 
2019-03-12T08:44:56,188153054+01:00
57.01268058
9.972688601
28.6704
17.296
271.1855
 
2019-03-12T08:44:57,184221416+01:00
57.012679866
9.972558466
28.0656
17.455
271.9203
 
2019-03-12T08:44:58,186082552+01:00
57.012677735
9.972428884
28.3644
17.55
270.8978
 
2019-03-12T08:44:59,185291572+01:00
57.012680984
9.972296849
29.052
17.792
271.8544
 
2019-03-12T08:45:00,210833719+01:00
57.012682705
9.972161982
29.6712
17.977
272.4363
 
2019-03-12T08:45:01,188369645+01:00
57.012686768
9.972024432
30.276
17.934
273.6317
 
2019-03-12T08:45:02,191560254+01:00
57.012685325
9.971888986
29.3544
18.05
272.5237
 
2019-03-12T08:45:03,188514929+01:00
57.01268135
9.971756949
28.422
18.433
272.4858
 
2019-03-12T08:45:04,188591210+01:00
57.012687304
9.971625483
28.908
18.777
274.5131
 
2019-03-12T08:45:05,189018778+01:00
57.012697266
9.971488872
30.4416
18.832
274.3809
 
2019-03-12T08:45:06,193539022+01:00
57.012703215
9.971346047
31.8276
18.748
274.8249
 
2019-03-12T08:45:07,186999994+01:00
57.012716053
9.971196646
33.0696
18.821
276.6058
 
2019-03-12T08:45:08,197391899+01:00
57.012728317
9.971043536
33.9912
18.817
276.8586
 
2019-03-12T08:45:09,191207383+01:00
57.012741145
9.970887261
34.7796
18.903
277.3349
 
2019-03-12T08:45:10,203338253+01:00
57.012754494
9.970727342
35.5788
18.951
278.5107
 
2019-03-12T08:45:11,190985202+01:00
57.012771419
9.970566952
35.694
19.063
278.989
 
2019-03-12T08:45:12,188000754+01:00
57.012787743
9.970406523
35.7408
18.884
280.7232
 
2019-03-12T08:45:13,198449956+01:00
57.012805893
9.970245139
35.9712
18.776
281.2496
 
2019-03-12T08:45:14,203736823+01:00
57.01282514
9.970083525
36.18
18.685
282.2546
 
2019-03-12T08:45:15,197105213+01:00
57.012846692
9.969922757
36.2088
18.557
283.3736
 
2019-03-12T08:45:16,212591385+01:00
57.012868543
9.969764031
36.0288
18.671
284.1828
 
2019-03-12T08:45:17,191668433+01:00
57.012890431
9.969606638
35.5752
18.686
285.5726
 
2019-03-12T08:45:18,196178420+01:00
57.012911641
9.96945205
34.9704
18.715
286.2446
 
2019-03-12T08:45:19,191738388+01:00
57.012935983
9.969301186
34.218
18.72
286.7031
 
2019-03-12T08:45:20,210992231+01:00
57.012957785
9.96915412
33.408
18.848
287.0311
 
2019-03-12T08:45:21,191909784+01:00
57.012979941
9.969011907
32.2272
18.928
287.0709
 
2019-03-12T08:45:22,197673909+01:00
57.013001362
9.968875263
30.8844
18.953
287.2897
 
2019-03-12T08:45:23,192486526+01:00
57.013021313
9.968744685
29.3148
19.013
287.4485
 
2019-03-12T08:45:24,197253264+01:00
57.013042582
9.968622726
27.4284
19.133
287.9952
 
2019-03-12T08:45:25,192786394+01:00
57.01306324
9.968502408
27.6912
19.273
287.3876
 
2019-03-12T08:45:26,203549333+01:00
57.013085073
9.96837957
28.5336
19.304
287.568
 
2019-03-12T08:45:27,194063311+01:00
57.013107102
9.968253185
29.2464
19.393
287.2986
 
2019-03-12T08:45:28,196489353+01:00
57.013130174
9.968123557
29.9628
19.597
287.1654
 
2019-03-12T08:45:29,198594627+01:00
57.01315228
9.967990163
30.7404
19.692
287.6354
 
2019-03-12T08:45:30,196909205+01:00
57.013174206
9.967854988
31.2912
20.038
286.974
 
2019-03-12T08:45:31,199028007+01:00
57.013198907
9.967718225
31.446
20.065
287.9655
 
2019-03-12T08:45:32,209826941+01:00
57.013224951
9.967584426
30.7152
20.138
288.6874
 
2019-03-12T08:45:33,198173773+01:00
57.013248322
9.967454263
29.7828
20.308
288.2198
 
2019-03-12T08:45:34,198335294+01:00
57.013269331
9.967324349
29.502
20.339
286.4842
 
2019-03-12T08:45:35,206321667+01:00
57.013290978
9.967194902
29.5668
20.396
287.5102
 
2019-03-12T08:45:36,204910985+01:00
57.013311717
9.967067392
29.1168
20.447
287.834
 
2019-03-12T08:45:37,204849452+01:00
57.013333844
9.966943703
28.3032
20.326
289.8418
 
2019-03-12T08:45:38,200668276+01:00
57.01335563
9.966830912
25.5744
20.229
292.4306
 
2019-03-12T08:45:39,199263121+01:00
57.013382892
9.966732696
23.6916
20.202
299.673
 
2019-03-12T08:45:40,207411769+01:00
57.01340966
9.966652712
21.0096
20.186
306.7647
 
2019-03-12T08:45:41,198140544+01:00
57.01344496
9.966597891
18.7848
19.983
328.054
 
2019-03-12T08:45:42,199987538+01:00
57.013514634
9.966586324
22.9752
20.074
359.0391
 
2019-03-12T08:45:43,205525053+01:00
57.013576335
9.966602236
25.2576
20.025
10.9027
 
2019-03-12T08:45:44,210110449+01:00
57.013641811
9.966630159
27.0468
20.001
14.0449
 
2019-03-12T08:45:45,201793344+01:00
57.01370874
9.966667482
28.5732
19.777
17.0011
 
2019-03-12T08:45:46,199337897+01:00
57.013779881
9.96670829
30.2112
19.655
17.6793
 
2019-03-12T08:45:47,194976787+01:00
57.013857246
9.96675287
31.8204
19.797
17.8266
 
2019-03-12T08:45:48,198736034+01:00
57.013933185
9.966796812
31.662
19.887
17.5028
 
2019-03-12T08:45:49,216946270+01:00
57.014012575
9.966842429
33.0804
19.931
17.4233
 
2019-03-12T08:45:50,201473357+01:00
57.014095467
9.966889272
34.6248
20.115
17.5218
 
2019-03-12T08:45:51,198602979+01:00
57.014178586
9.966938395
35.3664
20.271
17.9645
 
2019-03-12T08:45:52,200299230+01:00
57.014264646
9.966988773
35.712
20.453
17.77
 
2019-03-12T08:45:53,197908632+01:00
57.014346974
9.967035452
35.3232
19.903
17.3184
 
2019-03-12T08:45:54,205088776+01:00
57.014431968
9.967084591
35.8092
19.84
17.4285
 
2019-03-12T08:45:55,202210536+01:00
57.014517985
9.967135903
36.144
19.846
18.3079
 
2019-03-12T08:45:56,201639363+01:00
57.014604827
9.967188368
36.6408
19.792
18.3376
 
2019-03-12T08:45:57,200750610+01:00
57.014692304
9.967239927
36.9108
19.681
17.6074
 
2019-03-12T08:45:58,205921742+01:00
57.014780528
9.967290769
37.026
19.515
17.3237
 
2019-03-12T08:45:59,197942850+01:00
57.014869798
9.96734244
37.2528
19.322
17.8734
 
2019-03-12T08:46:00,220331578+01:00
57.014958682
9.96739478
37.2312
19.168
17.8283
 
2019-03-12T08:46:01,216705174+01:00
57.01504766
9.967445192
37.4076
18.77
17.1938
 
2019-03-12T08:46:02,209556273+01:00
57.01514116
9.967497863
37.422
18.986
17.4918
 
2019-03-12T08:46:03,213317736+01:00
57.015230689
9.967550192
37.5372
18.738
17.5231
 
2019-03-12T08:46:04,210902437+01:00
57.015321043
9.967602502
37.5588
18.538
17.7574
 
2019-03-12T08:46:05,213629746+01:00
57.015409156
9.967655588
37.2816
18.417
18.2132
 
2019-03-12T08:46:06,207215922+01:00
57.015499876
9.967709885
37.2744
18.822
17.5879
 
2019-03-12T08:46:07,209307945+01:00
57.015590598
9.967760901
36.738
18.977
17.1304
 
2019-03-12T08:46:08,211091637+01:00
57.015679259
9.967809754
36.5616
19.09
16.8428
 
2019-03-12T08:46:09,206428555+01:00
57.015768435
9.967858693
36.7704
19.238
16.6767
 
2019-03-12T08:46:10,205051763+01:00
57.015856537
9.967904847
36.4392
19.165
15.7373
 
2019-03-12T08:46:11,205306583+01:00
57.015942768
9.967948316
36.126
19.203
14.4072
 
2019-03-12T08:46:12,218942621+01:00
57.016030038
9.967986701
35.298
19.357
12.7769
 
2019-03-12T08:46:13,212525311+01:00
57.01611483
9.96802178
34.4736
19.488
12.5622
 
2019-03-12T08:46:14,213942129+01:00
57.016199187
9.968053073
34.092
19.507
11.2477
 
2019-03-12T08:46:15,214385864+01:00
57.016282096
9.968080209
34.182
19.475
9.9298
 
2019-03-12T08:46:16,212153943+01:00
57.016367204
9.968105122
34.1424
19.535
8.6654
 
2019-03-12T08:46:17,217206538+01:00
57.016451911
9.96812747
33.8004
19.458
8.3031
 
2019-03-12T08:46:18,215145753+01:00
57.016534734
9.968147293
33.282
19.492
6.7934
 
2019-03-12T08:46:19,215010846+01:00
57.01661691
9.968163523
32.5512
19.681
5.9426
 
2019-03-12T08:46:20,207906105+01:00
57.016699079
9.9681732
32.1156
19.572
3.8054
 
2019-03-12T08:46:21,204921056+01:00
57.016776472
9.968180974
31.3272
19.426
2.5151
 
2019-03-12T08:46:22,220738322+01:00
57.016852561
9.968188283
30.5964
19.459
2.2753
 
2019-03-12T08:46:23,212456794+01:00
57.016924924
9.96819554
29.6568
19.522
2.3205
 
2019-03-12T08:46:24,215869165+01:00
57.016998483
9.968203329
29.52
19.559
2.8011
 
2019-03-12T08:46:25,212601865+01:00
57.017072161
9.968208954
28.8684
19.61
1.9164
 
2019-03-12T08:46:26,210675201+01:00
57.017144824
9.968212128
28.5084
19.664
1.0187
 
2019-03-12T08:46:27,209100497+01:00
57.017214532
9.968215469
28.0188
19.848
0.4956
 
2019-03-12T08:46:28,213359811+01:00
57.017284728
9.968217701
27.6048
19.758
0.8541
 
2019-03-12T08:46:29,229680859+01:00
57.017350502
9.96822572
26.5356
20.011
3.3009
 
2019-03-12T08:46:30,223769009+01:00
57.017412158
9.968241895
24.8472
20.109
8.9437
 
2019-03-12T08:46:31,215907169+01:00
57.017470982
9.968269431
23.688
20.149
16.4939
 
2019-03-12T08:46:32,204359464+01:00
57.017524312
9.968311984
23.4432
20.325
25.0705
 
2019-03-12T08:46:33,210045452+01:00
57.017578303
9.968349903
23.0976
20.691
17.604
 
2019-03-12T08:46:34,209886499+01:00
57.017636966
9.968361571
23.544
20.802
0.5402
 
2019-03-12T08:46:35,196667897+01:00
57.017695977
9.968340614
24.5952
20.782
344.803
 
2019-03-12T08:46:36,197913396+01:00
57.01775316
9.968300624
25.29
20.857
338.5258
 
2019-03-12T08:46:37,194887721+01:00
57.017818609
9.968275798
26.6184
20.896
349.1699
 
2019-03-12T08:46:38,194235971+01:00
57.017889603
9.968264649
28.1124
20.736
356.8067
 
2019-03-12T08:46:39,191571266+01:00
57.017963594
9.968263806
29.4084
20.491
359.1944
 
2019-03-12T08:46:40,192686684+01:00
57.018038827
9.968263999
30.2256
20.014
1.3699
 
2019-03-12T08:46:41,198864803+01:00
57.018116147
9.968266176
31.374
19.802
1.1509
 
2019-03-12T08:46:42,208544757+01:00
57.01819694
9.968269588
32.3172
19.614
1.2569
 
2019-03-12T08:46:43,186456794+01:00
57.01827866
9.968274116
32.5404
19.514
1.5014
 
2019-03-12T08:46:44,186172468+01:00
57.018359607
9.968278311
32.6124
19.386
1.3112
 
2019-03-12T08:46:45,181287771+01:00
57.018440116
9.968281095
31.932
19.231
1.063
 
2019-03-12T08:46:46,185331759+01:00
57.018518439
9.968284207
31.4712
19.34
0.9616
 
2019-03-12T08:46:47,180937641+01:00
57.0185973
9.968288492
31.9968
19.435
1.3449
 
2019-03-12T08:46:48,178182096+01:00
57.01867767
9.968291295
32.2236
19.349
1.0015
 
2019-03-12T08:46:49,168914991+01:00
57.018757959
9.968295921
32.1516
19.472
1.8553
 
2019-03-12T08:46:50,169600014+01:00
57.01883672
9.968300092
31.3956
19.621
1.0898
 
2019-03-12T08:46:51,171351705+01:00
57.018913857
9.968302805
30.8736
19.781
1.2443
 
2019-03-12T08:46:52,178996705+01:00
57.018988898
9.968305272
30.1644
19.949
0.7474
 
2019-03-12T08:46:53,181516038+01:00
57.019062371
9.968306511
29.0772
19.992
0.8875
 
2019-03-12T08:46:54,172954036+01:00
57.019132213
9.968310776
27.6912
20.142
2.367
 
2019-03-12T08:46:55,172952588+01:00
57.019194157
9.968318017
23.7204
20.339
4.1671
 
2019-03-12T08:46:56,164231671+01:00
57.019245525
9.968326784
19.2384
20.299
6.6027
 
2019-03-12T08:46:57,160339287+01:00
57.019284565
9.968334657
14.6232
20.195
7.1184
 
2019-03-12T08:46:58,170767338+01:00
57.019308875
9.968343072
9.1332
20.298
10.7979
 
2019-03-12T08:46:59,159176504+01:00
57.019321336
9.968348582
4.5432
20.53
12.7466
 
2019-03-12T08:47:00,167289553+01:00
57.019328991
9.968350176
2.3868
20.514
9.9812
 
2019-03-12T08:47:01,159096383+01:00
57.019333113
9.968350753
1.3824
20.43
11.8009
 
2019-03-12T08:47:02,157460145+01:00
57.019332554
9.96835104
0.3636
20.471
4.2501
 
2019-03-12T08:47:03,157483000+01:00
57.019333166
9.968351068
0.5724
20.558
15.3732
 
2019-03-12T08:47:04,154925120+01:00
57.01933966
9.968355077
3.1248
20.613
8.8021
 
2019-03-12T08:47:05,157361183+01:00
57.019356968
9.968360734
8.172
20.84
11.8231
 
2019-03-12T08:47:06,152660368+01:00
57.019395019
9.968375643
12.8448
21.619
19.2121
 
2019-03-12T08:47:07,153055365+01:00
57.019427375
9.968405936
15.3504
21.629
31.9462
 
2019-03-12T08:47:08,148665956+01:00
57.019459207
9.96846177
18.7488
21.678
45.0963
 
2019-03-12T08:47:09,147418173+01:00
57.019495673
9.968532255
22.5612
21.391
50.2349
 
2019-03-12T08:47:10,150953740+01:00
57.01953682
9.968613169
24.9192
21.123
47.0063
 
2019-03-12T08:47:11,153460666+01:00
57.019588169
9.968689812
26.388
21.18
37.1212
 
2019-03-12T08:47:12,153908974+01:00
57.019650077
9.968750592
28.98
21.021
25.3562
 
2019-03-12T08:47:13,153380462+01:00
57.019720006
9.968782161
29.2428
20.939
9.2956
 
2019-03-12T08:47:14,148240622+01:00
57.019789778
9.968774907
28.3608
20.964
351.9742
 
2019-03-12T08:47:15,144672516+01:00
57.019854558
9.96873136
27.9108
21.099
335.9413
 
2019-03-12T08:47:16,147796323+01:00
57.019909089
9.96865415
27.8064
21.426
319.9521
 
2019-03-12T08:47:17,148537011+01:00
57.019944563
9.968556197
26.6292
21.675
304.3434
 
2019-03-12T08:47:18,149053101+01:00
57.019970327
9.968450001
25.2612
21.459
296.2016
 
2019-03-12T08:47:19,144466277+01:00
57.020002262
9.968350249
24.9372
21.607
305.6239
 
2019-03-12T08:47:20,145310289+01:00
57.020047889
9.96827587
26.0208
21.898
321.0704
 
2019-03-12T08:47:21,136976165+01:00
57.020101603
9.96821183
25.9776
22.212
328.942
 
2019-03-12T08:47:22,140527125+01:00
57.020162097
9.968160809
26.9748
22.323
336.4319
 
2019-03-12T08:47:23,138595314+01:00
57.020222235
9.968111412
27.5184
22.722
336.706
 
2019-03-12T08:47:24,143772158+01:00
57.020286912
9.968063526
27.8496
23.258
337.7991
 
2019-03-12T08:47:25,148903523+01:00
57.020348803
9.968013555
27.5184
23.685
335.8104
 
2019-03-12T08:47:26,147020642+01:00
57.020408429
9.967953694
27.5724
23.846
331.255
 
2019-03-12T08:47:27,150079740+01:00
57.020464216
9.967883393
26.766
23.928
325.4785
 
2019-03-12T08:47:28,136324443+01:00
57.020513743
9.967812907
25.0848
23.901
324.123
 
2019-03-12T08:47:29,137092789+01:00
57.020558185
9.96774959
22.464
24.075
323.6249
 
2019-03-12T08:47:30,132382862+01:00
57.020601399
9.967691528
20.8116
23.992
324.8323
 
2019-03-12T08:47:31,150245374+01:00
57.020639677
9.967636029
19.6812
24.195
322.3525
 
2019-03-12T08:47:32,134653055+01:00
57.02067303
9.96757816
18.2484
24.419
316.3501
 
2019-03-12T08:47:33,138939650+01:00
57.020673551
9.967504766
16.218
23.666
297.0749
 
2019-03-12T08:47:34,157454546+01:00
57.020683946
9.967428102
15.8364
23.499
277.6799
 
2019-03-12T08:47:35,132759986+01:00
57.02068105
9.967348425
16.5996
22.54
259.3029
 
2019-03-12T08:47:36,133692793+01:00
57.020668816
9.967277597
16.1208
22.744
248.4153
 
2019-03-12T08:47:37,130071667+01:00
57.02065082
9.9672168
14.8716
23.127
239.42
 
2019-03-12T08:47:38,144948376+01:00
57.020631352
9.967164863
13.8276
23.151
230.9937
 
2019-03-12T08:47:39,129127041+01:00
57.020609671
9.967122961
12.312
23.216
222.6712
 
2019-03-12T08:47:40,150683027+01:00
57.020590043
9.967096624
9.972
23.621
211.6598
 
2019-03-12T08:47:41,129115262+01:00
57.020571189
9.967081321
7.8408
23.946
200.254
 
2019-03-12T08:47:42,131176122+01:00
57.020553263
9.967076516
7.2864
24.133
185.1868
 
2019-03-12T08:47:43,136877160+01:00
57.020537073
9.96707743
6.5916
24.17
178.4784
 
2019-03-12T08:47:44,141709410+01:00
57.020523654
9.967079428
4.9176
23.995
171.3565
 
2019-03-12T08:47:45,134269205+01:00
57.020514412
9.967082166
3.3588
24.067
173.2273
 
2019-03-12T08:47:46,135551089+01:00
57.020506166
9.967085266
2.754
24.186
167.5054
 
2019-03-12T08:47:47,130625757+01:00
57.020500374
9.967086893
2.3292
24.175
167.5025
 
2019-03-12T08:47:48,125451476+01:00
57.020492287
9.967091155
3.6216
24.009
157.5281
 
2019-03-12T08:47:49,130501418+01:00
57.020478392
9.967101604
6.714
24.012
155.2688
 
2019-03-12T08:47:50,130157707+01:00
57.020459576
9.96712126
9.5652
23.798
150.6197
 
2019-03-12T08:47:51,127553052+01:00
57.020440069
9.967147552
10.2924
23.073
142.3673
 
2019-03-12T08:47:52,135500562+01:00
57.020411749
9.967173196
12.9024
22.521
154.5033
 
2019-03-12T08:47:53,127987234+01:00
57.020385313
9.967196702
12.1428
21.952
154.0636
 
2019-03-12T08:47:54,138796199+01:00
57.020361939
9.967217068
10.7244
21.567
153.4912
 
