
2019-05-11T16:04:00,301571808+02:00
57.013964
9.9873325
0.6192
nan
0.0
 
2019-05-11T16:04:00,497780192+02:00
57.0139635
9.987332667
0.5796
nan
0.0
 
2019-05-11T16:04:00,695944426+02:00
57.013963167
9.987332833
0.5004
nan
0.0
 
2019-05-11T16:04:00,897365137+02:00
57.013963167
9.987333167
0.6552
nan
0.0
 
2019-05-11T16:04:01,098398385+02:00
57.013963833
9.987333
1.3104
nan
0.0
 
2019-05-11T16:04:01,298561665+02:00
57.013964667
9.987331833
2.0952
nan
0.0
 
2019-05-11T16:04:01,497115687+02:00
57.013965333
9.987331
2.1924
nan
0.0
 
2019-05-11T16:04:01,698565868+02:00
57.013964667
9.987330833
1.584
nan
0.0
 
2019-05-11T16:04:01,894883745+02:00
57.0139635
9.987331
1.0188
nan
0.0
 
2019-05-11T16:04:02,096817442+02:00
57.013963167
9.987331
0.8064
nan
0.0
 
2019-05-11T16:04:02,299220142+02:00
57.013963167
9.987330833
0.7272
nan
0.0
 
2019-05-11T16:04:02,499080890+02:00
57.013962167
9.987332167
0.3672
nan
0.0
 
2019-05-11T16:04:02,696043330+02:00
57.013961833
9.987330833
0.6804
nan
0.0
 
2019-05-11T16:04:02,896971795+02:00
57.013961
9.9873305
0.8136
nan
0.0
 
2019-05-11T16:04:03,096580515+02:00
57.013958833
9.987332667
1.3176
nan
0.0
 
2019-05-11T16:04:03,297282792+02:00
57.0139565
9.987334167
1.89
nan
0.0
 
2019-05-11T16:04:03,497104137+02:00
57.013955667
9.987334167
1.8288
nan
0.0
 
2019-05-11T16:04:03,696194720+02:00
57.013956667
9.987334333
1.2096
nan
0.0
 
2019-05-11T16:04:03,894121987+02:00
57.013956667
9.987334667
1.0404
nan
0.0
 
2019-05-11T16:04:04,095074772+02:00
57.0139565
9.987333333
0.9324
nan
0.0
 
2019-05-11T16:04:04,293102613+02:00
57.013955667
9.9873315
1.2276
nan
0.0
 
2019-05-11T16:04:04,494357180+02:00
57.013955167
9.987331333
1.1664
nan
0.0
 
2019-05-11T16:04:04,693608735+02:00
57.0139565
9.987332167
0.5328
nan
0.0
 
2019-05-11T16:04:04,894176140+02:00
57.013957
9.987333333
0.2736
nan
0.0
 
2019-05-11T16:04:05,093781055+02:00
57.0139565
9.987335333
0.63
nan
0.0
 
2019-05-11T16:04:05,295697680+02:00
57.013957333
9.987336
0.5364
nan
0.0
 
2019-05-11T16:04:05,503639540+02:00
57.013958333
9.987335167
0.2052
nan
0.0
 
2019-05-11T16:04:05,696367039+02:00
57.013959167
9.987335167
0.3456
nan
0.0
 
2019-05-11T16:04:05,896343326+02:00
57.013957667
9.987335667
0.198
nan
0.0
 
2019-05-11T16:04:06,101016311+02:00
57.013957
9.987334833
0.4572
nan
0.0
 
2019-05-11T16:04:06,327838024+02:00
57.013958167
9.987334833
0.1476
nan
0.0
 
2019-05-11T16:04:06,509587720+02:00
57.013958667
9.987334667
0.2232
nan
0.0
 
2019-05-11T16:04:06,724892515+02:00
57.0139555
9.987337333
0.9252
nan
0.0
 
2019-05-11T16:04:06,933356028+02:00
57.01395
9.987343167
2.6352
nan
0.0
 
2019-05-11T16:04:07,296895530+02:00
57.01395
9.987345667
2.0916
nan
0.0
 
2019-05-11T16:04:07,515073702+02:00
57.013948833
9.987346
2.106
nan
0.0
 
2019-05-11T16:04:07,701759325+02:00
57.013946333
9.987346
2.4588
nan
0.0
 
2019-05-11T16:04:07,902696664+02:00
57.013939333
9.987351667
3.7152
nan
0.0
 
2019-05-11T16:04:08,107747686+02:00
57.013933167
9.987357333
4.6764
nan
150.66
 
2019-05-11T16:04:08,336021953+02:00
57.013928
9.987368333
5.5368
nan
148.4
 
2019-05-11T16:04:08,521466437+02:00
57.013922833
9.9873805
6.5448
nan
142.48
 
2019-05-11T16:04:08,718292091+02:00
57.013917167
9.987387333
6.9444
nan
141.17
 
2019-05-11T16:04:09,102019494+02:00
57.013905833
9.9874005
7.5204
nan
142.21
 
2019-05-11T16:04:09,301540942+02:00
57.013908167
9.9873995
5.9976
nan
141.8
 
2019-05-11T16:04:09,704014636+02:00
57.013906
9.987402333
5.238
nan
142.18
 
2019-05-11T16:04:09,903445936+02:00
57.013908
9.987397833
3.798
nan
0.0
 
2019-05-11T16:04:10,295804449+02:00
57.013911667
9.987389167
1.8
nan
0.0
 
2019-05-11T16:04:10,500643433+02:00
57.013912
9.987386
1.6452
nan
0.0
 
2019-05-11T16:04:10,710219513+02:00
57.013910833
9.987387167
1.6956
nan
0.0
 
2019-05-11T16:04:10,925844190+02:00
57.013909333
9.987388
1.8684
nan
0.0
 
2019-05-11T16:04:11,112823770+02:00
57.013908833
9.9873895
1.8036
nan
0.0
 
2019-05-11T16:04:11,310928641+02:00
57.013909333
9.987387167
1.5156
nan
0.0
 
2019-05-11T16:04:11,707530451+02:00
57.013909333
9.987383
1.4616
nan
0.0
 
2019-05-11T16:04:11,923191871+02:00
57.013909333
9.987379667
1.6992
nan
0.0
 
2019-05-11T16:04:12,122255873+02:00
57.0139085
9.987383333
1.3284
nan
0.0
 
2019-05-11T16:04:12,504909389+02:00
57.013908833
9.9873905
1.3896
nan
0.0
 
2019-05-11T16:04:12,697483504+02:00
57.013908333
9.987391
1.35
nan
0.0
 
2019-05-11T16:04:12,898580143+02:00
57.013908333
9.9873895
1.0116
nan
0.0
 
2019-05-11T16:04:13,300283366+02:00
57.0139085
9.9873875
0.8244
nan
0.0
 
2019-05-11T16:04:13,517060172+02:00
57.013909
9.987386
0.756
nan
0.0
 
2019-05-11T16:04:13,904616210+02:00
57.013915
9.987392667
1.5768
nan
0.0
 
2019-05-11T16:04:14,102451185+02:00
57.013915
9.987397833
2.1708
nan
0.0
 
2019-05-11T16:04:14,501813973+02:00
57.013919667
9.987406333
3.4164
nan
0.0
 
2019-05-11T16:04:14,700823118+02:00
57.013920667
9.987409
3.3444
nan
0.0
 
2019-05-11T16:04:15,103188822+02:00
57.013922
9.987415333
3.2868
nan
0.0
 
2019-05-11T16:04:15,324577807+02:00
57.013923333
9.9874185
3.3804
nan
0.0
 
2019-05-11T16:04:15,700461426+02:00
57.013922
9.987420333
2.1132
nan
0.0
 
2019-05-11T16:04:15,898600462+02:00
57.013920667
9.987421167
1.8396
nan
0.0
 
2019-05-11T16:04:16,108125994+02:00
57.013921667
9.987421167
1.4472
nan
0.0
 
2019-05-11T16:04:16,503381002+02:00
57.013922833
9.987421
0.8064
nan
0.0
 
2019-05-11T16:04:16,710427935+02:00
57.013921833
9.987421333
0.756
nan
0.0
 
2019-05-11T16:04:16,900440738+02:00
57.013922667
9.987421833
0.5616
nan
0.0
 
2019-05-11T16:04:17,104917009+02:00
57.013922167
9.987425667
1.2564
nan
0.0
 
2019-05-11T16:04:17,308630620+02:00
57.013919833
9.987428833
1.926
nan
0.0
 
2019-05-11T16:04:17,535746248+02:00
57.013916667
9.987431333
2.664
nan
0.0
 
2019-05-11T16:04:17,719645933+02:00
57.013915
9.987434167
2.9844
nan
0.0
 
2019-05-11T16:04:17,905295634+02:00
57.013914333
9.987433333
2.5452
nan
0.0
 
2019-05-11T16:04:18,126699139+02:00
57.013914
9.987433
2.1888
nan
0.0
 
2019-05-11T16:04:18,498555485+02:00
57.013915833
9.987435667
1.3644
nan
0.0
 
2019-05-11T16:04:18,715161625+02:00
57.013917333
9.987434333
0.684
nan
0.0
 
2019-05-11T16:04:18,938507646+02:00
57.013917167
9.987431167
0.3744
nan
0.0
 
2019-05-11T16:04:19,103946464+02:00
57.013917333
9.987435
0.4572
nan
0.0
 
2019-05-11T16:04:19,309043268+02:00
57.013921333
9.9874365
1.7748
nan
0.0
 
2019-05-11T16:04:19,521691623+02:00
57.013922167
9.987436833
1.9656
nan
0.0
 
2019-05-11T16:04:19,899501015+02:00
57.013925333
9.987438
2.4156
nan
0.0
 
2019-05-11T16:04:20,103290761+02:00
57.013927167
9.9874405
2.8692
nan
0.0
 
2019-05-11T16:04:20,318499910+02:00
57.013928333
9.987442833
3.0132
nan
0.0
 
2019-05-11T16:04:20,502625021+02:00
57.013927833
9.987447333
2.7792
nan
0.0
 
2019-05-11T16:04:20,715839872+02:00
57.013926
9.9874515
2.4192
nan
0.0
 
2019-05-11T16:04:21,100320038+02:00
57.013922167
9.987456
1.5948
nan
0.0
 
2019-05-11T16:04:21,302626291+02:00
57.013920333
9.9874565
1.2132
nan
0.0
 
2019-05-11T16:04:21,499727297+02:00
57.013915167
9.987459833
2.0016
nan
0.0
 
2019-05-11T16:04:21,713501837+02:00
57.013910667
9.987460167
2.6172
nan
0.0
 
2019-05-11T16:04:21,904228781+02:00
57.013908833
9.987457833
2.52
nan
0.0
 
2019-05-11T16:04:22,125340716+02:00
57.013907
9.987462167
2.4876
nan
0.0
 
2019-05-11T16:04:22,307259055+02:00
57.013905833
9.9874655
2.4444
nan
0.0
 
2019-05-11T16:04:22,500839064+02:00
57.013905667
9.9874715
2.8296
nan
0.0
 
2019-05-11T16:04:22,692760305+02:00
57.013906667
9.987472167
2.3184
nan
0.0
 
2019-05-11T16:04:22,910818217+02:00
57.0139065
9.987475333
2.4588
nan
0.0
 
2019-05-11T16:04:23,101754478+02:00
57.013907667
9.987477333
2.3832
nan
0.0
 
2019-05-11T16:04:23,498756988+02:00
57.013909
9.987488167
3.4056
nan
0.0
 
2019-05-11T16:04:23,702542707+02:00
57.013907667
9.987499167
4.7772
nan
0.0
 
2019-05-11T16:04:23,916303066+02:00
57.013905
9.987506833
5.0256
nan
0.0
 
2019-05-11T16:04:24,297919118+02:00
57.013908833
9.987512833
4.536
nan
0.0
 
2019-05-11T16:04:24,509357067+02:00
57.013912833
9.987515333
4.7484
nan
0.0
 
2019-05-11T16:04:24,898170668+02:00
57.013911833
9.987519667
3.726
nan
0.0
 
2019-05-11T16:04:25,097255801+02:00
57.013910167
9.987520833
3.1068
nan
0.0
 
2019-05-11T16:04:25,307768432+02:00
57.013908833
9.987523
2.9412
nan
0.0
 
2019-05-11T16:04:25,495962581+02:00
57.013910167
9.98752
2.1996
nan
0.0
 
2019-05-11T16:04:25,704394115+02:00
57.0139105
9.987518167
1.7244
nan
0.0
 
2019-05-11T16:04:25,898481659+02:00
57.0139105
9.987519
1.9476
nan
0.0
 
2019-05-11T16:04:26,105337654+02:00
57.013909833
9.987518333
1.9224
nan
0.0
 
2019-05-11T16:04:26,300249103+02:00
57.013908667
9.987519
2.4912
nan
0.0
 
2019-05-11T16:04:26,503608570+02:00
57.013909167
9.987514667
1.836
nan
0.0
 
2019-05-11T16:04:26,704431151+02:00
57.013908
9.987507667
1.2996
nan
0.0
 
2019-05-11T16:04:26,914765092+02:00
57.013906167
9.987507
1.8324
nan
0.0
 
2019-05-11T16:04:27,112283651+02:00
57.013904667
9.987509167
2.3364
nan
0.0
 
2019-05-11T16:04:27,312366209+02:00
57.013897333
9.987509667
3.978
nan
0.0
 
2019-05-11T16:04:27,698860948+02:00
57.013887667
9.9875115
5.5656
nan
160.91
 
2019-05-11T16:04:27,896287247+02:00
57.013885333
9.987512833
5.6484
nan
161.53
 
2019-05-11T16:04:28,295404284+02:00
57.0138845
9.9875135
4.77
nan
157.21
 
2019-05-11T16:04:28,506124662+02:00
57.013883833
9.987512333
4.5108
nan
156.15
 
2019-05-11T16:04:28,897629530+02:00
57.0138825
9.987509667
3.9996
nan
0.0
 
2019-05-11T16:04:29,103014714+02:00
57.013883
9.987507
3.4164
nan
0.0
 
2019-05-11T16:04:29,493467003+02:00
57.013882167
9.987504167
2.8656
nan
0.0
 
2019-05-11T16:04:29,704461001+02:00
57.013879167
9.987504
3.2148
nan
0.0
 
2019-05-11T16:04:29,896896920+02:00
57.0138765
9.987502833
3.5784
nan
0.0
 
2019-05-11T16:04:30,131329636+02:00
57.013873833
9.987502
3.96
nan
0.0
 
2019-05-11T16:04:30,507847610+02:00
57.013877167
9.987501667
2.3868
nan
0.0
 
2019-05-11T16:04:30,740024500+02:00
57.013879333
9.987502167
2.16
nan
0.0
 
2019-05-11T16:04:31,102876373+02:00
57.01388
9.987500333
2.124
nan
0.0
 
2019-05-11T16:04:31,504016351+02:00
57.013878833
9.9875045
2.844
nan
0.0
 
2019-05-11T16:04:31,711807907+02:00
57.013878833
9.987503333
2.43
nan
0.0
 
2019-05-11T16:04:32,105961505+02:00
57.0138835
9.987497667
1.044
nan
0.0
 
2019-05-11T16:04:32,296068213+02:00
57.0138815
9.987499
1.4868
nan
0.0
 
2019-05-11T16:04:32,699071181+02:00
57.013874333
9.987506833
2.7504
nan
0.0
 
2019-05-11T16:04:32,900904940+02:00
57.013873333
9.987511667
2.6928
nan
0.0
 
2019-05-11T16:04:33,299123092+02:00
57.013875
9.987517667
2.3616
nan
0.0
 
2019-05-11T16:04:33,503760644+02:00
57.013876
9.987516667
1.6596
nan
0.0
 
2019-05-11T16:04:33,702057937+02:00
57.013876667
9.987516667
1.3428
nan
0.0
 
2019-05-11T16:04:34,121203231+02:00
57.013872
9.987526333
1.4904
nan
0.0
 
2019-05-11T16:04:34,320334965+02:00
57.0138675
9.987532833
1.6668
nan
0.0
 
2019-05-11T16:04:34,697138718+02:00
57.0138575
9.987541667
2.0232
nan
0.0
 
2019-05-11T16:04:34,921042074+02:00
57.013852
9.987547167
2.628
nan
0.0
 
2019-05-11T16:04:35,298156108+02:00
57.0138465
9.987553667
2.2824
nan
0.0
 
2019-05-11T16:04:35,501061578+02:00
57.013844
9.9875595
2.466
nan
0.0
 
2019-05-11T16:04:35,720184593+02:00
57.013841833
9.987562833
2.2572
nan
0.0
 
2019-05-11T16:04:35,922434989+02:00
57.013840333
9.987563833
1.746
nan
0.0
 
2019-05-11T16:04:36,296558671+02:00
57.013829333
9.987573167
2.9556
nan
0.0
 
2019-05-11T16:04:36,716777843+02:00
57.013816333
9.98758
4.428
nan
160.84
 
2019-05-11T16:04:36,908605450+02:00
57.013812833
9.9875815
4.104
nan
0.0
 
2019-05-11T16:04:37,102573642+02:00
57.013807333
9.987582667
4.3164
nan
0.0
 
2019-05-11T16:04:37,311117979+02:00
57.0138035
9.987587833
4.086
nan
0.0
 
2019-05-11T16:04:37,507922406+02:00
57.013801333
9.987588167
3.5856
nan
0.0
 
2019-05-11T16:04:37,707838207+02:00
57.0137995
9.987586667
3.0672
nan
0.0
 
2019-05-11T16:04:38,101270463+02:00
57.013790667
9.987593333
3.8124
nan
0.0
 
2019-05-11T16:04:38,305708547+02:00
57.013786833
9.9875955
3.7836
nan
0.0
 
2019-05-11T16:04:38,699319512+02:00
57.013780833
9.987595
3.2904
nan
0.0
 
2019-05-11T16:04:38,927530086+02:00
57.013777833
9.987595167
3.1068
nan
0.0
 
2019-05-11T16:04:39,100607963+02:00
57.013775
9.9875925
2.8728
nan
0.0
 
2019-05-11T16:04:39,505251344+02:00
57.013767
9.987591667
3.4776
nan
0.0
 
2019-05-11T16:04:39,698411116+02:00
57.013763167
9.987592333
3.5352
nan
0.0
 
2019-05-11T16:04:39,908159998+02:00
57.013760167
9.9875935
3.2292
nan
0.0
 
2019-05-11T16:04:40,130118355+02:00
57.0137555
9.9875935
3.5424
nan
0.0
 
2019-05-11T16:04:40,326971814+02:00
57.013748667
9.987596
4.7232
nan
170.44
 
2019-05-11T16:04:40,695790528+02:00
57.013736167
9.987602667
6.0156
nan
171.74
 
2019-05-11T16:04:40,900787507+02:00
57.013731
9.987606333
6.1452
nan
169.12
 
2019-05-11T16:04:41,120781583+02:00
57.013726833
9.987603667
5.9832
nan
171.73
 
2019-05-11T16:04:41,331977142+02:00
57.013723167
9.987599667
5.8284
nan
177.9
 
2019-05-11T16:04:41,504751341+02:00
57.013720833
9.987596667
5.382
nan
183.53
 
2019-05-11T16:04:41,705342294+02:00
57.013719167
9.987594167
4.7772
nan
188.46
 
2019-05-11T16:04:42,107397193+02:00
57.013713833
9.9875895
4.3812
nan
0.0
 
2019-05-11T16:04:42,297784205+02:00
57.0137115
9.987589167
4.1796
nan
0.0
 
2019-05-11T16:04:42,698807888+02:00
57.013707833
9.987586333
3.4344
nan
0.0
 
2019-05-11T16:04:42,897072401+02:00
57.0137075
9.987583167
2.9772
nan
0.0
 
2019-05-11T16:04:43,094452849+02:00
57.013707
9.98758
2.7828
nan
0.0
 
2019-05-11T16:04:43,305936760+02:00
57.0137055
9.987579333
2.574
nan
0.0
 
2019-05-11T16:04:43,520630667+02:00
57.013704167
9.987576333
2.6676
nan
0.0
 
2019-05-11T16:04:43,737726261+02:00
57.0137055
9.987572
2.3724
nan
0.0
 
2019-05-11T16:04:44,108295326+02:00
57.013707
9.987562667
2.3472
nan
0.0
 
2019-05-11T16:04:44,317752591+02:00
57.013706833
9.9875585
2.3436
nan
0.0
 
2019-05-11T16:04:44,697520265+02:00
57.013703333
9.9875555
2.25
nan
0.0
 
2019-05-11T16:04:44,909133698+02:00
57.0137015
9.9875535
2.3292
nan
0.0
 
2019-05-11T16:04:45,297010806+02:00
57.0137005
9.987551167
2.2068
nan
0.0
 
2019-05-11T16:04:45,495136412+02:00
57.0137005
9.987547667
2.1816
nan
0.0
 
2019-05-11T16:04:45,893698603+02:00
57.0137025
9.987536333
2.2032
nan
0.0
 
2019-05-11T16:04:46,095721979+02:00
57.0137025
9.987529333
2.4012
nan
0.0
 
2019-05-11T16:04:46,493225578+02:00
57.0137035
9.9875185
2.5092
nan
0.0
 
2019-05-11T16:04:46,696958806+02:00
57.013702833
9.9875165
2.4984
nan
0.0
 
2019-05-11T16:04:46,899156153+02:00
57.013702833
9.987516667
2.304
nan
0.0
 
2019-05-11T16:04:47,293619079+02:00
57.013704167
9.987507667
2.3508
nan
0.0
 
2019-05-11T16:04:47,508687228+02:00
57.0137035
9.987502
2.5992
nan
0.0
 
2019-05-11T16:04:47,891312079+02:00
57.013705333
9.987497667
2.2716
nan
0.0
 
2019-05-11T16:04:48,100362366+02:00
57.013706
9.987494667
2.2032
nan
0.0
 
2019-05-11T16:04:48,298196562+02:00
57.0137055
9.987491667
2.268
nan
0.0
 
2019-05-11T16:04:48,495314960+02:00
57.013703167
9.987490667
2.4012
nan
0.0
 
2019-05-11T16:04:48,697763872+02:00
57.013704333
9.987489
2.2212
nan
0.0
 
2019-05-11T16:04:48,895976222+02:00
57.013706833
9.987485333
2.0484
nan
0.0
 
2019-05-11T16:04:49,302169494+02:00
57.013712833
9.9874755
1.8432
nan
0.0
 
2019-05-11T16:04:49,495506104+02:00
57.0137105
9.987475167
1.926
nan
0.0
 
2019-05-11T16:04:49,721004805+02:00
57.0137085
9.9874735
2.0268
nan
0.0
 
2019-05-11T16:04:50,101615877+02:00
57.013703833
9.987473667
2.088
nan
0.0
 
2019-05-11T16:04:50,321866487+02:00
57.013702167
9.987475
2.0052
nan
0.0
 
2019-05-11T16:04:50,505332878+02:00
57.013698667
9.987477667
2.0088
nan
0.0
 
2019-05-11T16:04:50,693166766+02:00
57.013696833
9.9874785
1.9692
nan
0.0
 
2019-05-11T16:04:50,901652160+02:00
57.013693833
9.987481667
1.9188
nan
0.0
 
2019-05-11T16:04:51,304802136+02:00
57.013687333
9.987480833
2.2392
nan
0.0
 
2019-05-11T16:04:51,504438464+02:00
57.013685667
9.9874755
2.5452
nan
0.0
 
2019-05-11T16:04:51,703876947+02:00
57.013685167
9.987471667
2.5632
nan
0.0
 
2019-05-11T16:04:51,916476729+02:00
57.013685167
9.987471167
2.3472
nan
0.0
 
2019-05-11T16:04:52,129524642+02:00
57.013683333
9.987471167
2.3184
nan
0.0
 
2019-05-11T16:04:52,500600594+02:00
57.013680167
9.987470333
2.3112
nan
0.0
 
2019-05-11T16:04:52,698317858+02:00
57.013676833
9.987474
2.3004
nan
0.0
 
2019-05-11T16:04:53,108674523+02:00
57.0136705
9.987478667
2.4228
nan
0.0
 
2019-05-11T16:04:53,297519499+02:00
57.013669
9.987480333
2.3256
nan
0.0
 
2019-05-11T16:04:53,507091814+02:00
57.013666
9.987483833
2.4264
nan
0.0
 
2019-05-11T16:04:53,710485721+02:00
57.013663833
9.987487
2.412
-71.3
0.0
 
2019-05-11T16:04:53,895309094+02:00
57.013662333
9.987488167
2.3832
nan
0.0
 
2019-05-11T16:04:54,095446674+02:00
57.013661
9.9874895
2.3328
nan
0.0
 
2019-05-11T16:04:54,333096993+02:00
57.013659
9.987491667
2.3904
nan
0.0
 
2019-05-11T16:04:54,514489096+02:00
57.0136575
9.987493
2.394
nan
0.0
 
2019-05-11T16:04:54,708061681+02:00
57.013657167
9.987493833
2.3004
nan
0.0
 
2019-05-11T16:04:54,896712444+02:00
57.013659
9.987493667
1.962
nan
0.0
 
2019-05-11T16:04:55,308216362+02:00
57.013660833
9.987492
1.5084
nan
0.0
 
2019-05-11T16:04:55,500407301+02:00
57.013661667
9.987493167
1.242
nan
0.0
 
2019-05-11T16:04:55,893462108+02:00
57.013661333
9.987494833
1.0872
nan
0.0
 
2019-05-11T16:04:56,101696150+02:00
57.0136615
9.9874955
0.9828
nan
0.0
 
2019-05-11T16:04:56,502539709+02:00
57.0136655
9.987496833
0.3492
nan
0.0
 
2019-05-11T16:04:56,697381825+02:00
57.013666
9.987499167
0.3132
nan
0.0
 
2019-05-11T16:04:56,897312896+02:00
57.013666833
9.987501333
0.3168
nan
0.0
 
2019-05-11T16:04:57,119452022+02:00
57.013667167
9.987504167
0.4464
nan
0.0
 
2019-05-11T16:04:57,295504048+02:00
57.013666333
9.987506833
0.5328
nan
0.0
 
2019-05-11T16:04:57,494187620+02:00
57.013666667
9.987507833
0.5148
nan
0.0
 
2019-05-11T16:04:57,895970946+02:00
57.013667333
9.987508833
0.3924
nan
0.0
 
2019-05-11T16:04:58,097818931+02:00
57.013668
9.987509333
0.378
nan
0.0
 
2019-05-11T16:04:58,322151104+02:00
57.013669
9.987510833
0.4392
nan
0.0
 
2019-05-11T16:04:58,517500680+02:00
57.013669
9.987515833
0.6408
nan
0.0
 
2019-05-11T16:04:58,694869138+02:00
57.013667333
9.987521167
0.7344
nan
0.0
 
2019-05-11T16:04:58,905127610+02:00
57.013665833
9.987526
0.7956
nan
0.0
 
2019-05-11T16:04:59,299694530+02:00
57.013663667
9.987536167
1.0044
nan
0.0
 
2019-05-11T16:04:59,500243283+02:00
57.013662333
9.987539667
0.9684
nan
0.0
 
2019-05-11T16:04:59,896733349+02:00
57.013659333
9.987549
1.0332
nan
0.0
 
2019-05-11T16:05:00,899660211+02:00
57.013659667
9.9875715
1.3392
nan
0.0
 
2019-05-11T16:05:01,296222589+02:00
57.013659833
9.9875805
1.4472
nan
0.0
 
2019-05-11T16:05:01,703161023+02:00
57.013659167
9.987587667
1.3968
nan
0.0
 
2019-05-11T16:05:01,903804857+02:00
57.013659167
9.987591333
1.4364
nan
0.0
 
2019-05-11T16:05:02,295916683+02:00
57.013659833
9.987599667
1.6884
nan
0.0
 
2019-05-11T16:05:02,504891264+02:00
57.013658667
9.987603833
1.6056
nan
0.0
 
2019-05-11T16:05:02,714436883+02:00
57.013658
9.987608167
1.638
nan
0.0
 
2019-05-11T16:05:02,908788876+02:00
57.013653167
9.987613333
1.458
nan
0.0
 
2019-05-11T16:05:03,107912734+02:00
57.013649333
9.987618333
1.3896
nan
0.0
 
2019-05-11T16:05:03,335930014+02:00
57.0136445
9.987622667
1.2888
nan
0.0
 
2019-05-11T16:05:03,705207245+02:00
57.013635667
9.987630667
1.3896
nan
0.0
 
2019-05-11T16:05:03,896335128+02:00
57.0136335
9.987633667
1.368
nan
0.0
 
2019-05-11T16:05:04,297329718+02:00
57.013631667
9.987638833
1.2096
nan
0.0
 
2019-05-11T16:05:04,510142399+02:00
57.013631833
9.9876415
1.1016
nan
0.0
 
2019-05-11T16:05:04,899771744+02:00
57.0136315
9.987646333
0.918
nan
0.0
 
2019-05-11T16:05:05,097976605+02:00
57.013637333
9.9876395
0.5832
nan
0.0
 
2019-05-11T16:05:05,304386981+02:00
57.013643167
9.987631833
0.5472
nan
0.0
 
2019-05-11T16:05:05,501275473+02:00
57.013653333
9.987613167
1.17
nan
0.0
 
2019-05-11T16:05:05,707628650+02:00
57.013656
9.987607833
1.278
nan
0.0
 
2019-05-11T16:05:06,103983892+02:00
57.013663667
9.987594667
1.6956
nan
0.0
 
2019-05-11T16:05:06,312960938+02:00
57.013670167
9.987586333
2.1672
nan
0.0
 
2019-05-11T16:05:06,516344216+02:00
57.013672667
9.987578667
2.322
nan
0.0
 
2019-05-11T16:05:06,897170804+02:00
57.0136805
9.987564333
2.8188
nan
296.94
 
2019-05-11T16:05:07,095119099+02:00
57.013680333
9.987561833
2.664
nan
307.73
 
2019-05-11T16:05:07,316242321+02:00
57.013680667
9.9875595
2.5452
nan
312.81
 
2019-05-11T16:05:07,696419448+02:00
57.013682333
9.987555
2.2824
nan
0.0
 
2019-05-11T16:05:07,936004986+02:00
57.013684
9.987552833
2.2464
nan
0.0
 
2019-05-11T16:05:08,293904605+02:00
57.013684333
9.987552333
1.8324
nan
0.0
 
2019-05-11T16:05:08,498583362+02:00
57.013685833
9.987552
1.7244
nan
0.0
 
2019-05-11T16:05:08,703589788+02:00
57.013686333
9.987551667
1.566
nan
0.0
 
2019-05-11T16:05:08,901461117+02:00
57.013686833
9.987551833
1.3608
nan
0.0
 
2019-05-11T16:05:09,105799557+02:00
57.013686333
9.987551
1.1304
nan
0.0
 
2019-05-11T16:05:09,311797711+02:00
57.013688167
9.987550333
1.0296
nan
0.0
 
2019-05-11T16:05:09,512665976+02:00
57.013690333
9.9875495
1.0188
nan
0.0
 
2019-05-11T16:05:09,701548087+02:00
57.013691833
9.987548
0.9648
nan
0.0
 
2019-05-11T16:05:10,107295571+02:00
57.013693333
9.987544667
0.702
nan
0.0
 
2019-05-11T16:05:10,294325969+02:00
57.013694
9.987543
0.576
nan
0.0
 
2019-05-11T16:05:10,497606589+02:00
57.0136945
9.987541167
0.4608
nan
0.0
 
2019-05-11T16:05:10,709472699+02:00
57.013695167
9.9875405
0.2916
nan
0.0
 
2019-05-11T16:05:10,901275643+02:00
57.013696667
9.987538667
0.2592
nan
0.0
 
2019-05-11T16:05:11,098991246+02:00
57.013698
9.987537
0.2268
nan
0.0
 
2019-05-11T16:05:11,328658745+02:00
57.013698
9.987537667
0.0828
nan
0.0
 
2019-05-11T16:05:11,707880053+02:00
57.013699833
9.9875375
0.1764
nan
0.0
 
2019-05-11T16:05:12,102054287+02:00
57.013704333
9.987534167
0.2376
nan
0.0
 
2019-05-11T16:05:12,293388016+02:00
57.0137065
9.987531833
0.3996
nan
0.0
 
2019-05-11T16:05:12,524208002+02:00
57.013708
9.987530167
0.5112
nan
0.0
 
2019-05-11T16:05:12,734789202+02:00
57.0137085
9.987529
0.4896
nan
0.0
 
2019-05-11T16:05:12,924069850+02:00
57.013708833
9.987527833
0.4536
nan
0.0
 
2019-05-11T16:05:13,300489618+02:00
57.013707167
9.987525
0.3024
nan
0.0
 
2019-05-11T16:05:13,492481654+02:00
57.013705333
9.987526833
0.4248
nan
0.0
 
2019-05-11T16:05:13,705845800+02:00
57.013703667
9.987528833
0.558
nan
0.0
 
2019-05-11T16:05:14,091665007+02:00
57.013701167
9.987532
0.6624
nan
0.0
 
2019-05-11T16:05:14,294961685+02:00
57.013702167
9.987530333
0.63
nan
0.0
 
2019-05-11T16:05:14,500702909+02:00
57.013702833
9.987528667
0.6156
nan
0.0
 
2019-05-11T16:05:14,706926686+02:00
57.013704667
9.987525833
0.5328
nan
0.0
 
2019-05-11T16:05:14,898018191+02:00
57.013707333
9.987524333
0.63
nan
0.0
 
2019-05-11T16:05:15,097197713+02:00
57.013708667
9.987523667
0.7308
nan
0.0
 
2019-05-11T16:05:15,325037949+02:00
57.0137085
9.987524167
0.792
nan
0.0
 
2019-05-11T16:05:15,504604440+02:00
57.0137105
9.987524333
0.9252
nan
0.0
 
2019-05-11T16:05:15,698243836+02:00
57.013709833
9.987523833
0.9396
nan
0.0
 
2019-05-11T16:05:15,892409370+02:00
57.013708
9.987523667
0.9792
nan
0.0
 
2019-05-11T16:05:16,303670964+02:00
57.013708167
9.987523333
1.1448
nan
0.0
 
2019-05-11T16:05:16,491624446+02:00
57.013709333
9.9875215
1.134
nan
0.0
 
2019-05-11T16:05:16,896966894+02:00
57.013709
9.987519667
1.2456
nan
0.0
 
2019-05-11T16:05:17,101480744+02:00
57.013708833
9.987520667
1.35
nan
0.0
 
2019-05-11T16:05:17,312590615+02:00
57.013708
9.9875215
1.458
nan
0.0
 
2019-05-11T16:05:17,701857680+02:00
57.013704333
9.9875245
1.8612
nan
0.0
 
2019-05-11T16:05:17,923934986+02:00
57.013703667
9.9875265
2.016
nan
0.0
 
2019-05-11T16:05:18,306636033+02:00
57.013702833
9.987530333
2.2788
nan
0.0
 
2019-05-11T16:05:18,501471236+02:00
57.013702167
9.987532333
2.43
nan
0.0
 
2019-05-11T16:05:18,718918918+02:00
57.013702333
9.987533167
2.3796
nan
0.0
 
2019-05-11T16:05:19,096695473+02:00
57.0137015
9.987535667
2.4264
nan
0.0
 
2019-05-11T16:05:19,296264460+02:00
57.013702
9.987536333
2.3796
nan
0.0
 
2019-05-11T16:05:19,700062731+02:00
57.013705333
9.987537667
2.1996
nan
0.0
 
2019-05-11T16:05:19,893402730+02:00
57.0137115
9.987535
2.0376
nan
0.0
 
2019-05-11T16:05:20,121160688+02:00
57.013716833
9.987532
1.8864
nan
0.0
 
2019-05-11T16:05:20,309468931+02:00
57.013723167
9.9875295
1.764
nan
0.0
 
2019-05-11T16:05:20,510719764+02:00
57.013728
9.987527
1.6884
nan
0.0
 
2019-05-11T16:05:20,895936435+02:00
57.013735
9.987520667
1.4328
nan
0.0
 
2019-05-11T16:05:21,095257110+02:00
57.013739167
9.9875175
1.2996
nan
0.0
 
2019-05-11T16:05:21,489338985+02:00
57.013733833
9.987515333
1.3284
nan
0.0
 
2019-05-11T16:05:21,701715161+02:00
57.013734
9.987515333
1.3176
nan
0.0
 
2019-05-11T16:05:22,096400828+02:00
57.0137325
9.987513333
1.2924
nan
0.0
 
2019-05-11T16:05:22,293172067+02:00
57.013731667
9.987514
1.3716
nan
0.0
 
2019-05-11T16:05:22,492843317+02:00
57.01373
9.9875125
1.4328
nan
0.0
 
2019-05-11T16:05:22,695449040+02:00
57.013728167
9.9875115
1.5336
nan
0.0
 
2019-05-11T16:05:22,897129859+02:00
57.013727667
9.9875105
1.5408
nan
0.0
 
2019-05-11T16:05:23,147573050+02:00
57.0137275
9.98751
1.5336
nan
0.0
 
2019-05-11T16:05:23,495922252+02:00
57.013722333
9.987506
1.8936
nan
0.0
 
2019-05-11T16:05:23,714317889+02:00
57.013720833
9.987504
1.9584
nan
0.0
 
2019-05-11T16:05:23,912270152+02:00
57.013721167
9.9875015
1.8792
nan
0.0
 
2019-05-11T16:05:24,103983603+02:00
57.0137205
9.987501167
1.8936
nan
0.0
 
2019-05-11T16:05:24,299371511+02:00
57.013719333
9.987500833
1.9332
nan
0.0
 
2019-05-11T16:05:24,509399445+02:00
57.013718333
9.987499667
1.9764
nan
0.0
 
2019-05-11T16:05:24,899772619+02:00
57.0137185
9.987496667
1.9044
nan
0.0
 
2019-05-11T16:05:25,096325442+02:00
57.013716833
9.9874965
1.998
nan
0.0
 
2019-05-11T16:05:25,501973906+02:00
57.013720333
9.987493
1.62
nan
0.0
 
2019-05-11T16:05:25,701387058+02:00
57.013717833
9.987489667
1.8144
nan
0.0
 
2019-05-11T16:05:25,895275169+02:00
57.0137145
9.987487
2.0736
nan
0.0
 
2019-05-11T16:05:26,291878797+02:00
57.013715
9.9874815
1.9476
nan
0.0
 
2019-05-11T16:05:26,509633916+02:00
57.013717
9.987480833
1.6956
nan
0.0
 
2019-05-11T16:05:26,893506626+02:00
57.013715333
9.987474333
1.7892
nan
0.0
 
2019-05-11T16:05:27,103728079+02:00
57.013712
9.987471833
2.0556
nan
0.0
 
2019-05-11T16:05:27,297792957+02:00
57.013712
9.9874665
2.0628
nan
0.0
 
2019-05-11T16:05:27,490860983+02:00
57.013714
9.987463167
1.8036
nan
0.0
 
2019-05-11T16:05:27,695536575+02:00
57.013718833
9.987459167
1.3788
nan
0.0
 
2019-05-11T16:05:27,892989228+02:00
57.01372
9.987452833
1.404
nan
0.0
 
2019-05-11T16:05:28,136964807+02:00
57.013720167
9.9874455
1.6164
nan
0.0
 
2019-05-11T16:05:28,330126618+02:00
57.013719833
9.987441
1.7028
nan
0.0
 
2019-05-11T16:05:28,524108473+02:00
57.013720667
9.987436167
1.7064
nan
0.0
 
2019-05-11T16:05:28,706610347+02:00
57.013721667
9.987431333
1.7532
nan
0.0
 
2019-05-11T16:05:29,092927107+02:00
57.0137205
9.987417333
2.2608
nan
0.0
 
2019-05-11T16:05:29,296420850+02:00
57.013720167
9.987411
2.3904
nan
0.0
 
2019-05-11T16:05:29,522558052+02:00
57.013722
9.987404667
2.3976
nan
0.0
 
2019-05-11T16:05:29,893881495+02:00
57.013727833
9.987397167
2.0124
nan
0.0
 
2019-05-11T16:05:30,104245777+02:00
57.0137295
9.9873905
2.124
nan
0.0
 
2019-05-11T16:05:30,496334137+02:00
57.0137345
9.987376
2.3724
nan
0.0
 
2019-05-11T16:05:30,904230231+02:00
57.013734333
9.987366667
2.4048
nan
0.0
 
2019-05-11T16:05:31,094235234+02:00
57.013732833
9.987362167
2.4192
nan
0.0
 
2019-05-11T16:05:31,299176927+02:00
57.0137315
9.987353667
2.7288
nan
0.0
 
2019-05-11T16:05:31,700318485+02:00
57.013735833
9.987343833
2.5488
nan
0.0
 
2019-05-11T16:05:31,908569417+02:00
57.013736
9.987338167
2.6136
nan
0.0
 
2019-05-11T16:05:32,293343316+02:00
57.013736167
9.987323167
2.9916
nan
0.0
 
2019-05-11T16:05:32,499159815+02:00
57.013738833
9.987318833
2.9052
nan
0.0
 
2019-05-11T16:05:32,714223894+02:00
57.013741667
9.987313167
2.9556
nan
0.0
 
2019-05-11T16:05:32,907485462+02:00
57.013744
9.987304167
3.276
nan
0.0
 
2019-05-11T16:05:33,110675098+02:00
57.0137455
9.987297
3.4452
nan
292.95
 
2019-05-11T16:05:33,310512426+02:00
57.013747833
9.987294833
3.2652
nan
0.0
 
2019-05-11T16:05:33,693014905+02:00
57.0137495
9.987288667
3.1248
nan
0.0
 
2019-05-11T16:05:33,895957101+02:00
57.013750167
9.987283333
3.2184
nan
0.0
 
2019-05-11T16:05:34,093938370+02:00
57.013753333
9.987279
3.24
nan
0.0
 
2019-05-11T16:05:34,294633192+02:00
57.013756167
9.987273167
3.3732
nan
287.37
 
2019-05-11T16:05:34,504254638+02:00
57.013758833
9.987267667
3.492
nan
285.59
 
2019-05-11T16:05:34,900911974+02:00
57.013763
9.987256667
3.708
nan
285.52
 
2019-05-11T16:05:35,101122985+02:00
57.013765167
9.987252167
3.7404
nan
286.54
 
2019-05-11T16:05:35,497100190+02:00
57.013776333
9.987243833
3.9816
nan
294.78
 
2019-05-11T16:05:35,697200195+02:00
57.013778833
9.987239833
4.0356
nan
297.07
 
2019-05-11T16:05:35,926685826+02:00
57.0137815
9.987236333
4.0644
nan
299.09
 
2019-05-11T16:05:36,110332614+02:00
57.013781667
9.987231333
4.086
nan
299.13
 
2019-05-11T16:05:36,311928335+02:00
57.013781667
9.987228667
3.9744
nan
298.95
 
2019-05-11T16:05:36,519474935+02:00
57.0137795
9.9872255
3.8268
nan
297.08
 
2019-05-11T16:05:36,732569372+02:00
57.013778167
9.987220833
3.8412
nan
294.06
 
2019-05-11T16:05:36,896428556+02:00
57.013784167
9.987217667
3.9996
nan
295.46
 
2019-05-11T16:05:37,100334913+02:00
57.0137905
9.987216833
4.0608
nan
299.82
 
2019-05-11T16:05:37,499768003+02:00
57.0138015
9.987216167
4.1796
nan
310.35
 
2019-05-11T16:05:37,698744520+02:00
57.013803667
9.987213167
4.2084
nan
312.16
 
2019-05-11T16:05:37,919837327+02:00
57.013803833
9.987212
4.0356
nan
312.44
 
2019-05-11T16:05:38,298628182+02:00
57.013804333
9.987209333
3.7512
nan
311.99
 
2019-05-11T16:05:38,499194534+02:00
57.013805333
9.9872075
3.6972
nan
311.11
 
2019-05-11T16:05:38,714555064+02:00
57.013808
9.987206667
3.6828
nan
311.85
 
2019-05-11T16:05:38,908170661+02:00
57.0138085
9.987204167
3.636
nan
311.5
 
2019-05-11T16:05:39,315844430+02:00
57.013813
9.9872015
3.5784
nan
312.48
 
2019-05-11T16:05:39,697276543+02:00
57.013812167
9.9872015
3.132
nan
313.69
 
2019-05-11T16:05:39,914602266+02:00
57.013810167
9.987201667
2.8296
nan
0.0
 
2019-05-11T16:05:40,297602693+02:00
57.013818
9.987208833
2.3832
nan
0.0
 
2019-05-11T16:05:40,500700501+02:00
57.013824833
9.9872135
2.3436
nan
0.0
 
2019-05-11T16:05:40,902412855+02:00
57.0138355
9.987214167
2.4588
nan
0.0
 
2019-05-11T16:05:41,111718875+02:00
57.013838667
9.987214833
2.3904
nan
0.0
 
2019-05-11T16:05:41,497751900+02:00
57.013846
9.987218833
2.232
nan
0.0
 
2019-05-11T16:05:41,700216105+02:00
57.013849167
9.987222333
2.0988
nan
0.0
 
2019-05-11T16:05:41,909198049+02:00
57.013851333
9.987223
1.98
nan
0.0
 
2019-05-11T16:05:42,116845111+02:00
57.013853167
9.987224833
1.8144
nan
0.0
 
2019-05-11T16:05:42,300987206+02:00
57.013854667
9.987225833
1.6704
nan
0.0
 
2019-05-11T16:05:42,532873305+02:00
57.013855333
9.9872265
1.512
nan
0.0
 
2019-05-11T16:05:42,699867915+02:00
57.013855
9.987225833
1.4544
nan
0.0
 
2019-05-11T16:05:42,904773739+02:00
57.0138565
9.987225
1.5156
nan
0.0
 
2019-05-11T16:05:43,118785334+02:00
57.0138575
9.987223667
1.5876
nan
0.0
 
2019-05-11T16:05:43,297085246+02:00
57.013859833
9.9872235
1.62
nan
0.0
 
2019-05-11T16:05:43,522163268+02:00
57.013863
9.987225
1.5804
nan
0.0
 
2019-05-11T16:05:43,702178817+02:00
57.013866167
9.987224667
1.6704
nan
0.0
 
2019-05-11T16:05:43,904907298+02:00
57.013868833
9.987223167
1.818
nan
0.0
 
2019-05-11T16:05:44,296912641+02:00
57.013872667
9.9872255
1.6992
nan
0.0
 
2019-05-11T16:05:44,506450067+02:00
57.013873167
9.987226
1.6308
nan
0.0
 
2019-05-11T16:05:44,706236815+02:00
57.013873
9.987226667
1.5408
nan
0.0
 
2019-05-11T16:05:44,908257025+02:00
57.013873667
9.987228
1.4292
nan
0.0
 
2019-05-11T16:05:45,126988692+02:00
57.0138735
9.987229833
1.2744
nan
0.0
 
2019-05-11T16:05:45,498780421+02:00
57.013873333
9.987233167
1.0296
nan
0.0
 
2019-05-11T16:05:45,698095330+02:00
57.013872833
9.9872355
0.8532
nan
0.0
 
2019-05-11T16:05:46,108087604+02:00
57.013872333
9.987237667
0.684
nan
0.0
 
2019-05-11T16:05:46,303612383+02:00
57.013872333
9.987240333
0.504
nan
0.0
 
2019-05-11T16:05:46,702062958+02:00
57.013875833
9.987242333
0.5508
nan
0.0
 
2019-05-11T16:05:46,900863286+02:00
57.013877833
9.987241667
0.666
nan
0.0
 
2019-05-11T16:05:47,102930303+02:00
57.0138785
9.987241333
0.6516
nan
0.0
 
2019-05-11T16:05:47,323193865+02:00
57.013879667
9.987242667
0.5832
nan
0.0
 
2019-05-11T16:05:47,515351496+02:00
57.013879167
9.987243
0.4932
nan
0.0
 
2019-05-11T16:05:47,716234564+02:00
57.01388
9.987243167
0.5004
nan
0.0
 
2019-05-11T16:05:48,101627450+02:00
57.013883833
9.987244167
0.4932
nan
0.0
 
2019-05-11T16:05:48,324159074+02:00
57.013887333
9.987246
0.5832
nan
0.0
 
2019-05-11T16:05:48,702879500+02:00
57.013889
9.987254
0.5328
nan
0.0
 
2019-05-11T16:05:48,917028815+02:00
57.013890333
9.987257
0.6588
nan
0.0
 
2019-05-11T16:05:49,308341790+02:00
57.013894667
9.987259667
0.7668
nan
0.0
 
2019-05-11T16:05:49,500943143+02:00
57.013896167
9.987260833
0.7272
nan
0.0
 
2019-05-11T16:05:49,719548400+02:00
57.013897833
9.987262333
0.7236
nan
0.0
 
2019-05-11T16:05:49,926971901+02:00
57.013899167
9.987263667
0.756
nan
0.0
 
2019-05-11T16:05:50,108708267+02:00
57.013900167
9.987265
0.756
nan
0.0
 
2019-05-11T16:05:50,300129898+02:00
57.013902667
9.987267
0.9036
nan
0.0
 
2019-05-11T16:05:50,532053449+02:00
57.0139035
9.987269667
0.9216
nan
0.0
 
2019-05-11T16:05:50,711794885+02:00
57.013903667
9.987273167
0.9936
nan
0.0
 
2019-05-11T16:05:50,904123958+02:00
57.013901833
9.987274167
0.7992
nan
0.0
 
2019-05-11T16:05:51,305638178+02:00
57.013900333
9.987272333
0.3924
nan
0.0
 
2019-05-11T16:05:51,517220396+02:00
57.013900833
9.987273333
0.4104
nan
0.0
 
2019-05-11T16:05:51,715800900+02:00
57.013900167
9.987274833
0.486
nan
0.0
 
2019-05-11T16:05:52,103352245+02:00
57.013897
9.987281667
0.9504
nan
0.0
 
2019-05-11T16:05:52,308299023+02:00
57.013896833
9.987284833
1.0728
nan
0.0
 
2019-05-11T16:05:52,704321398+02:00
57.013898
9.987292333
1.2996
nan
0.0
 
2019-05-11T16:05:52,909179603+02:00
57.013899833
9.987295833
1.4256
nan
0.0
 
2019-05-11T16:05:53,123481140+02:00
57.013899833
9.987297667
1.422
nan
0.0
 
2019-05-11T16:05:53,301213582+02:00
57.013898167
9.987298167
1.3392
nan
0.0
 
2019-05-11T16:05:53,502032380+02:00
57.0138975
9.987298333
1.2528
nan
0.0
 
2019-05-11T16:05:53,903845284+02:00
57.013892333
9.987303333
1.6092
nan
0.0
 
2019-05-11T16:05:54,118465030+02:00
57.013891167
9.987307833
1.8036
nan
0.0
 
2019-05-11T16:05:54,502470549+02:00
57.013890333
9.98731
1.782
nan
0.0
 
2019-05-11T16:05:54,700534131+02:00
57.013890167
9.9873115
1.7892
nan
0.0
 
2019-05-11T16:05:54,923045560+02:00
57.013892667
9.987313667
1.674
nan
0.0
 
2019-05-11T16:05:55,305575125+02:00
57.013895333
9.987312833
1.3212
nan
0.0
 
2019-05-11T16:05:55,501683852+02:00
57.013898
9.987313667
1.2096
nan
0.0
 
2019-05-11T16:05:55,896797539+02:00
57.013902667
9.9873155
1.152
nan
0.0
 
2019-05-11T16:05:56,102248238+02:00
57.013903167
9.9873185
1.2708
nan
0.0
 
2019-05-11T16:05:56,313589175+02:00
57.0139035
9.987318833
1.1736
nan
0.0
 
2019-05-11T16:05:56,497525459+02:00
57.013905333
9.9873195
1.1556
nan
0.0
 
2019-05-11T16:05:56,707557526+02:00
57.0139075
9.987323
1.3968
nan
0.0
 
2019-05-11T16:05:57,102795902+02:00
57.0139125
9.987330333
1.9008
nan
0.0
 
2019-05-11T16:05:57,308255671+02:00
57.013913
9.9873315
1.8144
nan
0.0
 
2019-05-11T16:05:57,507411010+02:00
57.013911833
9.9873295
1.4148
nan
0.0
 
2019-05-11T16:05:57,702829424+02:00
57.013911333
9.987327167
1.0476
nan
0.0
 
2019-05-11T16:05:57,921408475+02:00
57.013912833
9.987326667
0.9684
nan
0.0
 
2019-05-11T16:05:58,109283614+02:00
57.013913667
9.987328667
1.044
nan
0.0
 
2019-05-11T16:05:58,299315703+02:00
57.0139145
9.987330333
1.08
nan
0.0
 
2019-05-11T16:05:58,693048150+02:00
57.0139165
9.987331167
0.9936
nan
0.0
 
2019-05-11T16:05:58,907108194+02:00
57.013917333
9.987331333
0.9288
nan
0.0
 
2019-05-11T16:05:59,128477980+02:00
57.0139165
9.9873315
0.7848
nan
0.0
 
2019-05-11T16:05:59,496046973+02:00
57.013917
9.987336833
0.9864
nan
0.0
 
2019-05-11T16:05:59,716542042+02:00
57.013917333
9.987336
0.8424
nan
0.0
 
2019-05-11T16:06:00,106046442+02:00
57.013915167
9.987332333
0.5904
nan
0.0
 
2019-05-11T16:06:00,305920610+02:00
57.013915
9.987332167
0.5976
nan
0.0
 
2019-05-11T16:06:00,709056955+02:00
57.013917
9.987331
0.4248
nan
0.0
 
2019-05-11T16:06:00,910522136+02:00
57.013917833
9.987331333
0.3636
nan
0.0
 
2019-05-11T16:06:02,110598126+02:00
57.013932333
9.987327
0.7272
nan
0.0
 
2019-05-11T16:06:02,297804577+02:00
57.013933667
9.987322167
0.7092
nan
0.0
 
2019-05-11T16:06:02,527881116+02:00
57.013936333
9.987320333
0.864
nan
0.0
 
2019-05-11T16:06:02,901122670+02:00
57.013940667
9.987321167
1.044
nan
0.0
 
2019-05-11T16:06:03,102841687+02:00
57.013943333
9.987322667
1.2096
nan
0.0
 
2019-05-11T16:06:03,497663679+02:00
57.013945667
9.987321167
1.1124
nan
0.0
 
2019-05-11T16:06:03,713248663+02:00
57.013945667
9.987319333
0.9756
nan
0.0
 
2019-05-11T16:06:04,105129299+02:00
57.013946333
9.987319667
0.792
nan
0.0
 
2019-05-11T16:06:04,303640619+02:00
57.013947167
9.98732
0.774
nan
0.0
 
2019-05-11T16:06:04,523855407+02:00
57.013947
9.987319167
0.6624
nan
0.0
 
2019-05-11T16:06:04,729026284+02:00
57.013947167
9.987318333
0.6192
nan
0.0
 
2019-05-11T16:06:04,912712814+02:00
57.013946333
9.987320333
0.4284
nan
0.0
 
2019-05-11T16:06:05,303442677+02:00
57.013945167
9.9873175
0.6372
nan
0.0
 
2019-05-11T16:06:05,504366391+02:00
57.013947
9.987316833
0.6696
nan
0.0
 
2019-05-11T16:06:05,703220916+02:00
57.013948167
9.987317333
0.6408
nan
0.0
 
2019-05-11T16:06:05,910978970+02:00
57.013948667
9.987317167
0.6984
nan
0.0
 
2019-05-11T16:06:06,111904237+02:00
57.013951167
9.987318333
0.6552
nan
0.0
 
2019-05-11T16:06:06,313068853+02:00
57.0139525
9.987319167
0.6264
nan
0.0
 
2019-05-11T16:06:06,523989603+02:00
57.0139545
9.9873195
0.6912
nan
0.0
 
2019-05-11T16:06:06,712783809+02:00
57.013956
9.987319333
0.7524
nan
0.0
 
2019-05-11T16:06:06,920717654+02:00
57.013958833
9.987322167
0.8388
nan
0.0
 
2019-05-11T16:06:07,096358544+02:00
57.013961667
9.987322833
0.9864
nan
0.0
 
2019-05-11T16:06:07,305791754+02:00
57.013964333
9.987323
1.1232
nan
0.0
 
2019-05-11T16:06:07,701256672+02:00
57.013970167
9.98732
1.4868
nan
0.0
 
2019-05-11T16:06:07,922505066+02:00
57.013973333
9.987321667
1.6596
nan
0.0
 
2019-05-11T16:06:08,300925122+02:00
57.013978
9.987326833
1.8684
nan
0.0
 
2019-05-11T16:06:08,503322247+02:00
57.013980833
9.987326167
1.9764
nan
0.0
 
2019-05-11T16:06:08,714783134+02:00
57.01398
9.987327833
1.6956
nan
0.0
 
2019-05-11T16:06:09,101093846+02:00
57.0139815
9.987330667
1.5732
nan
0.0
 
2019-05-11T16:06:09,303593201+02:00
57.0139825
9.987336167
1.674
nan
0.0
 
2019-05-11T16:06:09,704634379+02:00
57.013983
9.987339
1.4868
nan
0.0
 
2019-05-11T16:06:09,910271935+02:00
57.013982833
9.987339667
1.3284
nan
0.0
 
2019-05-11T16:06:10,106966039+02:00
57.013982833
9.9873415
1.2564
nan
0.0
 
2019-05-11T16:06:10,299950243+02:00
57.013984833
9.9873435
1.4148
nan
0.0
 
2019-05-11T16:06:10,507922357+02:00
57.013988
9.9873455
1.6956
nan
0.0
 
2019-05-11T16:06:10,723710348+02:00
57.013990333
9.987347333
1.8684
nan
0.0
 
2019-05-11T16:06:11,103194934+02:00
57.013991833
9.987349167
1.71
nan
0.0
 
2019-05-11T16:06:11,311601462+02:00
57.0139945
9.9873475
1.818
nan
0.0
 
2019-05-11T16:06:11,504343047+02:00
57.013998833
9.987347
2.1348
nan
0.0
 
2019-05-11T16:06:11,707188694+02:00
57.0140015
9.987348
2.2644
nan
0.0
 
2019-05-11T16:06:11,905695955+02:00
57.013998333
9.987351833
1.8036
nan
0.0
 
2019-05-11T16:06:12,110265502+02:00
57.013997667
9.9873515
1.5516
nan
0.0
 
2019-05-11T16:06:12,311670916+02:00
57.013998833
9.9873515
1.5516
nan
0.0
 
2019-05-11T16:06:12,503578091+02:00
57.0139995
9.987354
1.5696
nan
0.0
 
2019-05-11T16:06:12,705020729+02:00
57.014001333
9.987353833
1.656
nan
0.0
 
2019-05-11T16:06:12,930495023+02:00
57.014002333
9.987353667
1.62
nan
0.0
 
2019-05-11T16:06:13,094550594+02:00
57.0140045
9.987351667
1.692
nan
0.0
 
2019-05-11T16:06:13,304448094+02:00
57.014007667
9.987352833
1.9548
nan
0.0
 
2019-05-11T16:06:13,499318850+02:00
57.014007667
9.9873575
1.9188
nan
0.0
 
2019-05-11T16:06:13,729942522+02:00
57.014007
9.98736
1.7784
nan
0.0
 
2019-05-11T16:06:14,099591396+02:00
57.014008333
9.987361333
1.7244
nan
0.0
 
2019-05-11T16:06:14,305968216+02:00
57.014006833
9.987362833
1.458
nan
0.0
 
2019-05-11T16:06:14,521758590+02:00
57.014004167
9.987363167
1.0476
nan
0.0
 
2019-05-11T16:06:14,716599146+02:00
57.014005167
9.987360167
1.0008
nan
0.0
 
2019-05-11T16:06:15,107582118+02:00
57.014008833
9.987355
1.2672
nan
0.0
 
2019-05-11T16:06:15,324899037+02:00
57.0140105
9.987355167
1.35
nan
0.0
 
2019-05-11T16:06:15,508402083+02:00
57.014011667
9.987355167
1.3788
nan
0.0
 
2019-05-11T16:06:15,894033157+02:00
57.014013833
9.9873585
1.3932
nan
0.0
 
2019-05-11T16:06:16,107858146+02:00
57.0140145
9.987359667
1.3932
nan
0.0
 
2019-05-11T16:06:16,295555680+02:00
57.014016
9.987360167
1.4616
nan
0.0
 
2019-05-11T16:06:16,505545797+02:00
57.014016667
9.987358667
1.4364
nan
0.0
 
2019-05-11T16:06:16,704398604+02:00
57.014018833
9.987357
1.5444
nan
0.0
 
2019-05-11T16:06:16,901290045+02:00
57.014021167
9.987356167
1.656
nan
0.0
 
2019-05-11T16:06:17,098380293+02:00
57.01402
9.987358
1.3968
nan
0.0
 
2019-05-11T16:06:17,309314413+02:00
57.0140205
9.987358333
1.332
nan
0.0
 
2019-05-11T16:06:17,695852479+02:00
57.014023667
9.9873585
1.5264
nan
0.0
 
2019-05-11T16:06:17,903967278+02:00
57.014025167
9.987355667
1.6524
nan
0.0
 
2019-05-11T16:06:18,119925919+02:00
57.014024167
9.987355833
1.476
nan
0.0
 
2019-05-11T16:06:18,295736582+02:00
57.014022833
9.987357
1.2636
nan
0.0
 
2019-05-11T16:06:18,501129866+02:00
57.0140225
9.987355667
1.2528
nan
0.0
 
2019-05-11T16:06:18,720211786+02:00
57.014022
9.987355333
1.224
nan
0.0
 
2019-05-11T16:06:19,107817343+02:00
57.0140195
9.987358167
0.9252
nan
0.0
 
2019-05-11T16:06:19,310397944+02:00
57.014020833
9.98736
0.9108
nan
0.0
 
2019-05-11T16:06:19,700066515+02:00
57.014017333
9.987359333
0.8172
nan
0.0
 
2019-05-11T16:06:19,921306421+02:00
57.014016333
9.987361667
0.6264
nan
0.0
 
2019-05-11T16:06:20,112992306+02:00
57.014016167
9.987363333
0.5184
nan
0.0
 
2019-05-11T16:06:20,503581755+02:00
57.014014333
9.987359
0.9756
nan
0.0
 
2019-05-11T16:06:20,694381699+02:00
57.014013667
9.987356333
1.2384
nan
0.0
 
2019-05-11T16:06:20,932188273+02:00
57.014012
9.987357167
1.2168
nan
0.0
 
2019-05-11T16:06:21,096823057+02:00
57.014012167
9.987359333
1.0224
nan
0.0
 
2019-05-11T16:06:21,305881361+02:00
57.014011333
9.987359167
1.0548
nan
0.0
 
2019-05-11T16:06:21,500843439+02:00
57.014011667
9.987361667
0.8604
nan
0.0
 
2019-05-11T16:06:21,735828748+02:00
57.014011667
9.987365167
0.6588
nan
0.0
 
2019-05-11T16:06:21,899777117+02:00
57.014012667
9.987365333
0.774
nan
0.0
 
2019-05-11T16:06:22,097493179+02:00
57.0140145
9.987363833
1.0656
nan
0.0
 
2019-05-11T16:06:22,507717612+02:00
57.0140135
9.987366667
1.0116
nan
0.0
 
2019-05-11T16:06:22,697721959+02:00
57.014013
9.987368
1.0476
nan
0.0
 
2019-05-11T16:06:23,102993335+02:00
57.014006167
9.9873745
0.4608
nan
0.0
 
2019-05-11T16:06:23,308951188+02:00
57.0140045
9.987375667
0.4104
nan
0.0
 
2019-05-11T16:06:23,514228994+02:00
57.014002667
9.987375833
0.4284
nan
0.0
 
2019-05-11T16:06:23,733047340+02:00
57.0139995
9.987376833
0.4248
nan
0.0
 
2019-05-11T16:06:23,900054436+02:00
57.013998
9.987377833
0.4068
nan
0.0
 
2019-05-11T16:06:24,099354523+02:00
57.013996333
9.9873795
0.3564
nan
0.0
 
2019-05-11T16:06:24,311262246+02:00
57.013994333
9.987379833
0.432
nan
0.0
 
2019-05-11T16:06:24,502408127+02:00
57.0139925
9.987379667
0.5148
nan
0.0
 
2019-05-11T16:06:24,707201308+02:00
57.013991333
9.987383167
0.2844
nan
0.0
 
2019-05-11T16:06:24,921979975+02:00
57.013990667
9.987384333
0.2088
nan
0.0
 
2019-05-11T16:06:25,308387626+02:00
57.013986167
9.987384833
0.396
nan
0.0
 
2019-05-11T16:06:25,502990108+02:00
57.013983333
9.987388167
0.3492
nan
0.0
 
2019-05-11T16:06:25,701903412+02:00
57.013980833
9.987388
0.4716
nan
0.0
 
2019-05-11T16:06:25,904359631+02:00
57.013977667
9.987385
0.8244
nan
0.0
 
2019-05-11T16:06:26,115753061+02:00
57.013976667
9.987381333
1.0404
nan
0.0
 
2019-05-11T16:06:26,506505313+02:00
57.013979333
9.987384
0.5616
nan
0.0
 
2019-05-11T16:06:26,696609516+02:00
57.01398
9.987385833
0.4752
nan
0.0
 
2019-05-11T16:06:26,904677301+02:00
57.013979333
9.987386667
0.468
nan
0.0
 
2019-05-11T16:06:27,132954475+02:00
57.013978167
9.987387667
0.4212
nan
0.0
 
2019-05-11T16:06:27,331308530+02:00
57.013977167
9.987389333
0.4176
nan
0.0
 
2019-05-11T16:06:27,698984411+02:00
57.013973833
9.987389167
0.4824
nan
0.0
 
2019-05-11T16:06:27,902859984+02:00
57.013973167
9.987388833
0.5976
nan
0.0
 
2019-05-11T16:06:28,103472013+02:00
57.013973333
9.987390833
0.6084
nan
0.0
 
2019-05-11T16:06:28,502117392+02:00
57.013973333
9.9873935
0.7704
nan
0.0
 
2019-05-11T16:06:28,700873396+02:00
57.0139725
9.987396
0.7524
nan
0.0
 
2019-05-11T16:06:29,101645686+02:00
57.0139705
9.987394833
0.7632
nan
0.0
 
2019-05-11T16:06:29,313442363+02:00
57.013969667
9.987397833
0.7488
nan
0.0
 
2019-05-11T16:06:29,506624425+02:00
57.013970333
9.987399
0.9396
nan
0.0
 
2019-05-11T16:06:29,903773803+02:00
57.0139715
9.987403833
1.3104
nan
0.0
 
2019-05-11T16:06:30,104906536+02:00
57.013971833
9.987405833
1.4436
nan
0.0
 
2019-05-11T16:06:30,504501205+02:00
57.013972167
9.987402333
1.458
nan
0.0
 
2019-05-11T16:06:30,733577903+02:00
57.013972
9.9874035
1.458
nan
0.0
 
2019-05-11T16:06:30,944261032+02:00
57.013973333
9.987404833
1.6668
nan
0.0
 
2019-05-11T16:06:31,302941147+02:00
57.0139705
9.987408333
1.3716
nan
0.0
 
2019-05-11T16:06:31,511949873+02:00
57.0139685
9.987407667
1.1556
nan
0.0
 
2019-05-11T16:06:31,727835233+02:00
57.013966667
9.9874105
1.0188
nan
0.0
 
2019-05-11T16:06:31,928043746+02:00
57.013964
9.987412167
0.7704
nan
0.0
 
2019-05-11T16:06:32,100575641+02:00
57.013963167
9.987413167
0.756
nan
0.0
 
2019-05-11T16:06:32,308321385+02:00
57.0139645
9.9874145
1.0188
nan
0.0
 
2019-05-11T16:06:32,698903487+02:00
57.013966167
9.987414333
1.134
nan
0.0
 
2019-05-11T16:06:32,900397157+02:00
57.013965667
9.9874155
1.0764
nan
0.0
 
2019-05-11T16:06:33,108528404+02:00
57.0139645
9.987417
0.9792
nan
0.0
 
2019-05-11T16:06:33,303223513+02:00
57.013962833
9.9874165
0.7704
nan
0.0
 
2019-05-11T16:06:33,498054919+02:00
57.0139625
9.987414
0.666
nan
0.0
 
2019-05-11T16:06:33,901971912+02:00
57.013959167
9.987416833
0.4032
nan
0.0
 
2019-05-11T16:06:34,100763439+02:00
57.013959667
9.987415
0.4392
nan
0.0
 
2019-05-11T16:06:34,326621738+02:00
57.013958333
9.9874135
0.3276
nan
0.0
 
2019-05-11T16:06:34,538103474+02:00
57.013956833
9.987411167
0.324
nan
0.0
 
2019-05-11T16:06:34,697922812+02:00
57.013955
9.987409667
0.3816
nan
0.0
 
2019-05-11T16:06:34,906085065+02:00
57.013953833
9.987407667
0.522
nan
0.0
 
2019-05-11T16:06:35,106282649+02:00
57.013955
9.987406333
0.5292
nan
0.0
 
2019-05-11T16:06:35,335271111+02:00
57.013956
9.987404333
0.6912
nan
0.0
 
2019-05-11T16:06:35,534989881+02:00
57.013955333
9.987403
0.7452
nan
0.0
 
2019-05-11T16:06:35,900844087+02:00
57.0139545
9.987407
0.4644
nan
0.0
 
2019-05-11T16:06:36,099030345+02:00
57.013954
9.987406667
0.486
nan
0.0
 
2019-05-11T16:06:36,307788521+02:00
57.013953333
9.987407167
0.4716
nan
0.0
 
2019-05-11T16:06:36,696571209+02:00
57.013950667
9.9874065
0.378
nan
0.0
 
2019-05-11T16:06:36,915797731+02:00
57.013949
9.987406333
0.4104
nan
0.0
 
2019-05-11T16:06:37,300848472+02:00
57.013944167
9.987409667
0.486
nan
0.0
 
2019-05-11T16:06:37,509565174+02:00
57.013943167
9.987413167
0.4104
nan
0.0
 
2019-05-11T16:06:37,708345443+02:00
57.013942833
9.9874185
0.5364
nan
0.0
 
2019-05-11T16:06:38,103128863+02:00
57.013943333
9.987421833
0.6336
nan
0.0
 
2019-05-11T16:06:38,301155083+02:00
57.013943833
9.9874215
0.5652
nan
0.0
 
2019-05-11T16:06:38,700836034+02:00
57.0139415
9.987425167
0.7596
nan
0.0
 
2019-05-11T16:06:38,906339472+02:00
57.013940333
9.987424167
0.666
nan
0.0
 
2019-05-11T16:06:39,298196926+02:00
57.013939167
9.987425333
0.7272
nan
0.0
 
2019-05-11T16:06:39,497486128+02:00
57.013939
9.987427
0.7956
nan
0.0
 
2019-05-11T16:06:39,722476816+02:00
57.013939667
9.987426667
0.7128
nan
0.0
 
2019-05-11T16:06:40,097024792+02:00
57.013938167
9.987425833
0.6804
nan
0.0
 
2019-05-11T16:06:40,507066253+02:00
57.013939833
9.987426667
0.5724
nan
0.0
 
2019-05-11T16:06:40,698843650+02:00
57.01394
9.987426833
0.5544
nan
0.0
 
2019-05-11T16:06:40,908229006+02:00
57.01394
9.987427
0.5832
nan
0.0
 
2019-05-11T16:06:41,301297042+02:00
57.013944333
9.9874255
0.5508
nan
0.0
 
2019-05-11T16:06:41,508290551+02:00
57.013944333
9.987424
0.3996
nan
0.0
 
2019-05-11T16:06:41,900625810+02:00
57.013941167
9.987428667
0.5544
nan
0.0
 
2019-05-11T16:06:42,103407109+02:00
57.013940167
9.987434667
0.9936
nan
0.0
 
2019-05-11T16:06:42,353483516+02:00
57.013940333
9.987437833
1.1448
nan
0.0
 
2019-05-11T16:06:42,701654266+02:00
57.013941167
9.987436833
0.8784
nan
0.0
 
2019-05-11T16:06:42,905663497+02:00
57.013941833
9.987436333
0.7596
nan
0.0
 
2019-05-11T16:06:43,129343599+02:00
57.0139435
9.9874375
0.8064
nan
0.0
 
2019-05-11T16:06:43,325048383+02:00
57.013946333
9.987438333
0.954
nan
0.0
 
2019-05-11T16:06:43,707936073+02:00
57.013947667
9.987442667
1.1412
nan
0.0
 
2019-05-11T16:06:43,900278039+02:00
57.013947833
9.987442667
1.0188
nan
0.0
 
2019-05-11T16:06:44,118184022+02:00
57.013947167
9.987445833
1.152
nan
0.0
 
2019-05-11T16:06:44,505398010+02:00
57.0139455
9.987448667
1.1628
nan
0.0
 
2019-05-11T16:06:44,728471832+02:00
57.013946333
9.987447167
0.972
nan
0.0
 
2019-05-11T16:06:44,897388381+02:00
57.013946333
9.987445
0.7524
nan
0.0
 
2019-05-11T16:06:45,299205999+02:00
57.013945167
9.987446667
0.8136
nan
0.0
 
2019-05-11T16:06:45,507869974+02:00
57.013945667
9.987449667
1.0044
nan
0.0
 
2019-05-11T16:06:45,900250773+02:00
57.013947
9.987454
1.2276
nan
0.0
 
2019-05-11T16:06:46,113758392+02:00
57.013949167
9.987452
1.0152
nan
0.0
 
2019-05-11T16:06:46,502723612+02:00
57.013951333
9.987452167
1.026
nan
0.0
 
2019-05-11T16:06:46,701523366+02:00
57.0139515
9.987453833
1.116
nan
0.0
 
2019-05-11T16:06:47,103128489+02:00
57.0139545
9.9874595
1.5912
nan
0.0
 
2019-05-11T16:06:47,301709536+02:00
57.013957167
9.987457833
1.5264
nan
0.0
 
2019-05-11T16:06:47,514361951+02:00
57.013958
9.987454667
1.2564
nan
0.0
 
2019-05-11T16:06:47,732734751+02:00
57.013958667
9.987454
1.1592
nan
0.0
 
2019-05-11T16:06:48,101884323+02:00
57.013959
9.9874535
0.972
nan
0.0
 
2019-05-11T16:06:48,507547474+02:00
57.013965333
9.987449
1.296
nan
0.0
 
2019-05-11T16:06:48,701833310+02:00
57.013966667
9.987447333
1.2672
nan
0.0
 
2019-05-11T16:06:48,929170471+02:00
57.013969
9.987444667
1.404
nan
0.0
 
2019-05-11T16:06:49,299458417+02:00
57.0139705
9.987444333
1.3212
nan
0.0
 
2019-05-11T16:06:49,507778007+02:00
57.01397
9.9874445
1.0368
nan
0.0
 
2019-05-11T16:06:49,907609277+02:00
57.01397
9.987438833
0.9972
nan
0.0
 
2019-05-11T16:06:50,112714109+02:00
57.013970167
9.987440667
0.6588
nan
0.0
 
2019-05-11T16:06:50,501692371+02:00
57.013972333
9.9874415
0.9252
nan
0.0
 
2019-05-11T16:06:50,697893447+02:00
57.013974333
9.987438
1.5228
nan
0.0
 
2019-05-11T16:06:50,923748844+02:00
57.013973
9.987436167
1.0152
nan
0.0
 
2019-05-11T16:06:51,099229896+02:00
57.013972667
9.987433833
1.0836
nan
0.0
 
2019-05-11T16:06:51,300758111+02:00
57.013974333
9.987434167
0.9792
nan
0.0
 
2019-05-11T16:06:51,508144332+02:00
57.013974833
9.987434833
0.8316
nan
0.0
 
2019-05-11T16:06:51,701953288+02:00
57.0139755
9.987428333
1.5516
nan
0.0
 
2019-05-11T16:06:51,914227813+02:00
57.013977
9.987422
2.4804
nan
0.0
 
2019-05-11T16:06:52,102323898+02:00
57.013979167
9.987415167
3.4092
nan
0.0
 
2019-05-11T16:06:52,333066455+02:00
57.013980667
9.9874135
3.1356
nan
0.0
 
2019-05-11T16:06:52,505941002+02:00
57.013982167
9.987414
2.6748
nan
0.0
 
2019-05-11T16:06:52,710354846+02:00
57.0139845
9.987414333
2.8152
nan
0.0
 
2019-05-11T16:06:52,927238433+02:00
57.013987667
9.987411833
3.4272
nan
0.0
 
2019-05-11T16:06:53,130023804+02:00
57.013988833
9.98741
3.2184
nan
0.0
 
2019-05-11T16:06:53,317583439+02:00
57.0139895
9.9874085
2.9628
nan
0.0
 
2019-05-11T16:06:53,499389666+02:00
57.013988333
9.987411333
1.9008
nan
0.0
 
2019-05-11T16:06:53,716671543+02:00
57.013986333
9.987410333
0.8748
nan
0.0
 
2019-05-11T16:06:53,944642244+02:00
57.013985333
9.987406333
0.9252
nan
0.0
 
2019-05-11T16:06:54,320448647+02:00
57.013986167
9.987400167
1.4076
nan
0.0
 
2019-05-11T16:06:54,707696492+02:00
57.013988333
9.987400167
1.008
nan
0.0
 
2019-05-11T16:06:54,928438646+02:00
57.0139915
9.987401667
1.8288
nan
0.0
 
2019-05-11T16:06:55,305447219+02:00
57.013998
9.9874
3.15
nan
0.0
 
2019-05-11T16:06:55,507635550+02:00
57.013997667
9.987400833
2.6496
nan
0.0
 
2019-05-11T16:06:55,710514265+02:00
57.013995167
9.987403667
1.6596
nan
0.0
 
2019-05-11T16:06:55,920618701+02:00
57.013993833
9.9874045
1.152
nan
0.0
 
2019-05-11T16:06:56,139595454+02:00
57.0139935
9.9874015
0.9432
nan
0.0
 
2019-05-11T16:06:56,315759368+02:00
57.0139915
9.987401833
0.4032
nan
0.0
 
2019-05-11T16:06:56,705344210+02:00
57.013987667
9.9874
1.1124
nan
0.0
 
2019-05-11T16:06:56,914821061+02:00
57.013985667
9.987399167
1.5984
nan
0.0
 
2019-05-11T16:06:57,298934364+02:00
57.013984833
9.987398667
1.2924
nan
0.0
 
2019-05-11T16:06:57,503267492+02:00
57.013985833
9.987397333
1.1088
nan
0.0
 
2019-05-11T16:06:57,722225634+02:00
57.013986333
9.9873955
1.3572
nan
0.0
 
2019-05-11T16:06:57,900725352+02:00
57.013984667
9.987391833
2.0556
nan
0.0
 
2019-05-11T16:06:58,104189977+02:00
57.013983333
9.987393167
1.674
nan
0.0
 
2019-05-11T16:06:58,505595464+02:00
57.013983167
9.987396333
0.8784
nan
0.0
 
2019-05-11T16:06:58,711345008+02:00
57.013984
9.987397667
0.3492
nan
0.0
 
2019-05-11T16:06:58,922012567+02:00
57.013983333
9.987402833
1.0512
nan
0.0
 
2019-05-11T16:06:59,103990091+02:00
57.013982667
9.9874055
1.3896
nan
0.0
 
2019-05-11T16:06:59,509313971+02:00
57.013980333
9.987408167
1.5516
nan
0.0
 
2019-05-11T16:06:59,729513075+02:00
57.013980333
9.987408333
1.1196
nan
0.0
 
2019-05-11T16:07:00,114112970+02:00
57.013978167
9.9874095
1.2276
nan
0.0
 
2019-05-11T16:07:00,311924418+02:00
57.013977
9.987409167
1.188
nan
0.0
 
2019-05-11T16:07:00,700941141+02:00
57.013971333
9.987408333
2.358
nan
0.0
 
2019-05-11T16:07:00,908760728+02:00
57.013967667
9.9874075
3.1068
nan
0.0
 
2019-05-11T16:07:01,105532090+02:00
57.013965333
9.987407
3.2508
nan
0.0
 
2019-05-11T16:07:01,303291714+02:00
57.013965
9.9874095
2.5956
nan
0.0
 
2019-05-11T16:07:01,504646162+02:00
57.013966167
9.9874115
1.6128
nan
0.0
 
2019-05-11T16:07:01,900944029+02:00
57.013967
9.987413833
0.864
nan
0.0
 
2019-05-11T16:07:02,109590261+02:00
57.013966667
9.987414333
0.6516
nan
0.0
 
2019-05-11T16:07:02,317651511+02:00
57.013967
9.987416167
0.8064
nan
0.0
 
2019-05-11T16:07:02,513199086+02:00
57.013969333
9.987416167
1.3824
nan
0.0
 
2019-05-11T16:07:02,702179813+02:00
57.013969167
9.987416
1.2456
nan
0.0
 
2019-05-11T16:07:02,912523619+02:00
57.013966667
9.987416167
0.3996
nan
0.0
 
2019-05-11T16:07:04,302161988+02:00
57.013957
9.987407833
1.998
nan
0.0
 
2019-05-11T16:07:04,506883635+02:00
57.0139555
9.9874105
1.3644
nan
0.0
 
2019-05-11T16:07:04,916549047+02:00
57.013956333
9.987413667
0.2268
nan
0.0
 
2019-05-11T16:07:05,099557372+02:00
57.013956
9.987409
1.3032
nan
0.0
 
2019-05-11T16:07:05,305010463+02:00
57.013956833
9.987407667
1.4652
nan
0.0
 
2019-05-11T16:07:05,515700048+02:00
57.013955833
9.987407667
1.2492
nan
0.0
 
2019-05-11T16:07:05,703796246+02:00
57.0139545
9.987408333
0.9648
nan
0.0
 
2019-05-11T16:07:05,939149341+02:00
57.013955167
9.987408
0.8712
nan
0.0
 
2019-05-11T16:07:06,116913338+02:00
57.013954833
9.987408167
0.7416
nan
0.0
 
2019-05-11T16:07:06,337690040+02:00
57.013956167
9.987407167
1.098
nan
0.0
 
2019-05-11T16:07:06,538007741+02:00
57.013956
9.987407833
0.9396
nan
0.0
 
2019-05-11T16:07:06,736328418+02:00
57.0139555
9.987410167
0.522
nan
0.0
 
2019-05-11T16:07:07,100768288+02:00
57.013957167
9.987411167
1.2276
nan
0.0
 
2019-05-11T16:07:07,315860045+02:00
57.013958167
9.987412833
1.6236
nan
0.0
 
2019-05-11T16:07:07,506734083+02:00
57.013958167
9.987416333
1.8144
nan
0.0
 
2019-05-11T16:07:07,723003848+02:00
57.013958167
9.987416667
1.5768
nan
0.0
 
2019-05-11T16:07:07,903312050+02:00
57.013958167
9.987417
1.3968
nan
0.0
 
2019-05-11T16:07:08,108612889+02:00
57.013958333
9.987416333
1.3176
nan
0.0
 
2019-05-11T16:07:08,310336655+02:00
57.013957
9.987419167
0.9792
nan
0.0
 
2019-05-11T16:07:08,533666281+02:00
57.0139565
9.987419667
0.8136
nan
0.0
 
2019-05-11T16:07:08,700796463+02:00
57.013956333
9.987420833
0.8136
nan
0.0
 
2019-05-11T16:07:08,906039254+02:00
57.013958
9.987421833
1.3896
nan
0.0
 
2019-05-11T16:07:09,107683159+02:00
57.0139565
9.9874195
0.6048
nan
0.0
 
2019-05-11T16:07:09,308101396+02:00
57.0139565
9.987418333
0.8784
nan
0.0
 
2019-05-11T16:07:09,504593993+02:00
57.013956167
9.987420333
0.5688
nan
0.0
 
2019-05-11T16:07:09,728542916+02:00
57.013955833
9.987420333
0.5112
nan
0.0
 
2019-05-11T16:07:09,908941603+02:00
57.013954833
9.987422333
0.3276
nan
0.0
 
2019-05-11T16:07:10,115826468+02:00
57.0139545
9.987420667
0.396
nan
0.0
 
2019-05-11T16:07:10,300785576+02:00
57.013956
9.987420167
0.9972
nan
0.0
 
2019-05-11T16:07:10,509470225+02:00
57.0139565
9.987420167
1.2456
nan
0.0
 
2019-05-11T16:07:10,701668263+02:00
57.013955667
9.987420667
0.9504
nan
0.0
 
2019-05-11T16:07:10,912726228+02:00
57.013954333
9.987421667
0.5256
nan
0.0
 
2019-05-11T16:07:11,305536518+02:00
57.013952833
9.987419
0.7632
nan
0.0
 
2019-05-11T16:07:11,505539922+02:00
57.0139505
9.987421167
0.4356
nan
0.0
 
2019-05-11T16:07:11,902485333+02:00
57.013948167
9.987423833
0.7596
nan
0.0
 
2019-05-11T16:07:12,107175133+02:00
57.013948167
9.987423
0.3852
nan
0.0
 
2019-05-11T16:07:12,502746079+02:00
57.013946667
9.9874245
0.3816
nan
0.0
 
2019-05-11T16:07:12,700760683+02:00
57.013944833
9.987425167
0.8028
nan
0.0
 
2019-05-11T16:07:13,104057997+02:00
57.013944667
9.987425833
0.3312
nan
0.0
 
2019-05-11T16:07:13,317204285+02:00
57.013943333
9.987424833
0.4032
nan
0.0
 
2019-05-11T16:07:13,705785031+02:00
57.013939167
9.987427833
1.314
nan
0.0
 
2019-05-11T16:07:13,897539305+02:00
57.0139375
9.9874265
1.3608
nan
0.0
 
2019-05-11T16:07:14,106222558+02:00
57.013935333
9.98743
1.836
nan
0.0
 
2019-05-11T16:07:14,298618325+02:00
57.0139355
9.987432
1.6416
nan
0.0
 
2019-05-11T16:07:14,507471814+02:00
57.013934167
9.987432167
1.512
nan
0.0
 
2019-05-11T16:07:14,700350631+02:00
57.013932667
9.987432667
1.5012
nan
0.0
 
2019-05-11T16:07:14,908642697+02:00
57.013930167
9.987434833
2.034
nan
0.0
 
2019-05-11T16:07:15,102821132+02:00
57.0139275
9.987435
2.2248
nan
0.0
 
2019-05-11T16:07:15,301509502+02:00
57.013926833
9.987436833
2.1132
nan
0.0
 
2019-05-11T16:07:15,533689592+02:00
57.013927167
9.987435833
1.386
nan
0.0
 
2019-05-11T16:07:15,902772058+02:00
57.0139295
9.987439333
1.6416
nan
0.0
 
2019-05-11T16:07:16,136323051+02:00
57.013928667
9.987441
1.6272
nan
0.0
 
2019-05-11T16:07:16,501785683+02:00
57.013927667
9.987439
0.684
nan
0.0
 
2019-05-11T16:07:16,720161920+02:00
57.013929167
9.987438833
1.044
nan
0.0
 
2019-05-11T16:07:17,110616523+02:00
57.013929
9.987439167
1.0116
nan
0.0
 
2019-05-11T16:07:17,315011888+02:00
57.013926333
9.987439
0.6696
nan
0.0
 
2019-05-11T16:07:17,512422003+02:00
57.013924833
9.987438167
0.8604
nan
0.0
 
2019-05-11T16:07:17,708011089+02:00
57.013924667
9.987436167
0.702
nan
0.0
 
2019-05-11T16:07:17,916964614+02:00
57.013924
9.987435833
0.666
nan
0.0
 
2019-05-11T16:07:18,109027005+02:00
57.013923667
9.9874355
0.6516
nan
0.0
 
2019-05-11T16:07:18,503502485+02:00
57.0139235
9.987433333
0.36
nan
0.0
 
2019-05-11T16:07:18,704297498+02:00
57.0139255
9.987431667
0.5076
nan
0.0
 
2019-05-11T16:07:19,105258452+02:00
57.013927667
9.987427833
1.1304
nan
0.0
 
2019-05-11T16:07:19,308904268+02:00
57.013928
9.987426
1.0944
nan
0.0
 
2019-05-11T16:07:19,704955971+02:00
57.013931333
9.987421667
1.8432
nan
0.0
 
2019-05-11T16:07:19,915540611+02:00
57.0139315
9.987421333
1.5264
nan
0.0
 
2019-05-11T16:07:20,120834298+02:00
57.0139305
9.987417167
1.3896
nan
0.0
 
2019-05-11T16:07:20,507980464+02:00
57.0139285
9.987412
1.4796
nan
0.0
 
2019-05-11T16:07:20,697054373+02:00
57.013929167
9.987410333
1.116
nan
0.0
 
2019-05-11T16:07:20,915099850+02:00
57.013929
9.987406167
1.5768
nan
0.0
 
2019-05-11T16:07:21,106706945+02:00
57.013929333
9.987402833
1.782
nan
0.0
 
2019-05-11T16:07:21,308735814+02:00
57.013928667
9.987404167
0.81
nan
0.0
 
2019-05-11T16:07:21,500634501+02:00
57.013929
9.987403
0.6624
nan
0.0
 
2019-05-11T16:07:21,736556626+02:00
57.0139295
9.9874
0.9972
nan
0.0
 
2019-05-11T16:07:21,907281037+02:00
57.013929167
9.987400167
0.4284
nan
0.0
 
2019-05-11T16:07:22,109413382+02:00
57.0139295
9.987400833
0.5004
nan
0.0
 
2019-05-11T16:07:22,504237907+02:00
57.013929333
9.987399833
0.4536
nan
0.0
 
2019-05-11T16:07:22,704604176+02:00
57.013928167
9.987397
0.216
nan
0.0
 
2019-05-11T16:07:23,099598659+02:00
57.0139265
9.987389167
1.62
nan
0.0
 
2019-05-11T16:07:23,306377253+02:00
57.013925667
9.987386667
1.7424
nan
0.0
 
2019-05-11T16:07:23,518216719+02:00
57.013926167
9.987389167
0.5148
nan
0.0
 
2019-05-11T16:07:23,724886878+02:00
57.0139265
9.9873875
0.396
nan
0.0
 
2019-05-11T16:07:23,920549791+02:00
57.013929
9.9873855
0.702
nan
0.0
 
2019-05-11T16:07:24,117695304+02:00
57.013931
9.987382667
1.3176
nan
0.0
 
2019-05-11T16:07:24,504454121+02:00
57.013930833
9.987376833
1.386
nan
0.0
 
2019-05-11T16:07:24,712022545+02:00
57.013932333
9.987374333
1.6272
nan
0.0
 
2019-05-11T16:07:24,908437114+02:00
57.013934167
9.9873745
1.7028
nan
0.0
 
2019-05-11T16:07:25,107269010+02:00
57.013934167
9.9873735
1.4112
nan
0.0
 
2019-05-11T16:07:25,302919411+02:00
57.013933667
9.987372667
1.0044
nan
0.0
 
2019-05-11T16:07:25,520109766+02:00
57.0139345
9.987371667
1.116
nan
0.0
 
2019-05-11T16:07:25,719378562+02:00
57.013933833
9.987370167
0.72
nan
0.0
 
2019-05-11T16:07:25,909621063+02:00
57.013934333
9.987369667
0.6768
nan
0.0
 
2019-05-11T16:07:26,115055207+02:00
57.013935167
9.9873695
0.918
nan
0.0
 
2019-05-11T16:07:26,513518255+02:00
57.013935
9.987369
0.8028
nan
0.0
 
2019-05-11T16:07:26,721372929+02:00
57.013936
9.987369833
1.2852
nan
0.0
 
2019-05-11T16:07:26,944167260+02:00
57.013937
9.987367667
1.0512
nan
0.0
 
2019-05-11T16:07:27,320803064+02:00
57.013937167
9.9873675
0.828
nan
0.0
 
2019-05-11T16:07:27,700003816+02:00
57.013936167
9.987362167
0.5328
nan
0.0
 
2019-05-11T16:07:27,904188258+02:00
57.013935667
9.9873615
0.6012
nan
0.0
 
2019-05-11T16:07:28,100988563+02:00
57.013933833
9.987357333
1.638
nan
0.0
 
2019-05-11T16:07:28,511833959+02:00
57.013934333
9.987356
0.9648
nan
0.0
 
2019-05-11T16:07:28,722042935+02:00
57.013936333
9.987356
0.09
nan
0.0
 
2019-05-11T16:07:28,903975968+02:00
57.013938167
9.987353667
0.5508
nan
0.0
 
2019-05-11T16:07:29,139874729+02:00
57.013937667
9.987352
0.5148
nan
0.0
 
2019-05-11T16:07:29,327464693+02:00
57.0139365
9.987352
0.5508
nan
0.0
 
2019-05-11T16:07:29,516751789+02:00
57.013935167
9.987353167
0.9864
nan
0.0
 
2019-05-11T16:07:29,705036711+02:00
57.013936167
9.9873495
0.7812
nan
0.0
 
2019-05-11T16:07:29,929214082+02:00
57.013935833
9.987348167
0.8748
nan
0.0
 
2019-05-11T16:07:30,117223500+02:00
57.0139355
9.987346833
1.0044
nan
0.0
 
2019-05-11T16:07:30,304522481+02:00
57.013936333
9.987343167
1.1844
nan
0.0
 
2019-05-11T16:07:30,700980397+02:00
57.013938833
9.987337167
1.4796
nan
0.0
 
2019-05-11T16:07:30,906215307+02:00
57.0139385
9.987337
1.0368
nan
0.0
 
2019-05-11T16:07:31,109897519+02:00
57.013937667
9.987338
0.5796
nan
0.0
 
2019-05-11T16:07:31,337538770+02:00
57.013936667
9.987339167
0.7416
nan
0.0
 
2019-05-11T16:07:31,505489007+02:00
57.013936
9.987341833
1.2564
nan
0.0
 
2019-05-11T16:07:31,712944836+02:00
57.013937333
9.987342
0.9756
nan
0.0
 
2019-05-11T16:07:32,105885129+02:00
57.013938167
9.987344167
1.2096
nan
0.0
 
2019-05-11T16:07:32,308464119+02:00
57.013938667
9.9873465
1.692
nan
0.0
 
2019-05-11T16:07:32,535891301+02:00
57.013939167
9.987349167
2.142
nan
0.0
 
2019-05-11T16:07:32,721145808+02:00
57.0139395
9.987349667
1.9908
nan
0.0
 
2019-05-11T16:07:32,902223185+02:00
57.013940167
9.987352
2.25
nan
0.0
 
2019-05-11T16:07:33,111570566+02:00
57.013940667
9.987355833
2.88
nan
0.0
 
2019-05-11T16:07:33,359745280+02:00
57.013940833
9.9873555
2.3436
nan
0.0
 
2019-05-11T16:07:33,705379368+02:00
57.013940167
9.987356167
1.89
nan
0.0
 
2019-05-11T16:07:34,103878498+02:00
57.0139435
9.987355333
1.6848
nan
0.0
 
2019-05-11T16:07:34,304797239+02:00
57.013946
9.987355167
2.0736
nan
0.0
 
2019-05-11T16:07:34,522177958+02:00
57.0139465
9.9873535
1.6308
nan
0.0
 
2019-05-11T16:07:34,906415902+02:00
57.013945667
9.987355
0.9144
nan
0.0
 
2019-05-11T16:07:35,109166234+02:00
57.013944667
9.987356167
0.9396
nan
0.0
 
2019-05-11T16:07:35,317731353+02:00
57.013944
9.987356833
1.1412
nan
0.0
 
2019-05-11T16:07:35,715748258+02:00
57.0139465
9.987362
2.3544
nan
0.0
 
2019-05-11T16:07:35,900220957+02:00
57.013947
9.987362167
2.0304
nan
0.0
 
2019-05-11T16:07:36,115982293+02:00
57.013946167
9.9873605
1.1808
nan
0.0
 
2019-05-11T16:07:36,301765358+02:00
57.0139475
9.9873585
0.774
nan
0.0
 
2019-05-11T16:07:36,501878182+02:00
57.0139485
9.9873545
0.9036
nan
0.0
 
2019-05-11T16:07:36,704229949+02:00
57.013947833
9.987355
0.3528
nan
0.0
 
2019-05-11T16:07:37,102144393+02:00
57.013947
9.987353833
0.324
nan
0.0
 
2019-05-11T16:07:37,304188905+02:00
57.01395
9.987352167
0.972
nan
0.0
 
2019-05-11T16:07:37,501906578+02:00
57.013951333
9.9873535
1.2492
nan
0.0
 
2019-05-11T16:07:37,704260894+02:00
57.013952667
9.987353333
1.4652
nan
0.0
 
2019-05-11T16:07:38,113089787+02:00
57.013955333
9.987351167
1.4976
nan
0.0
 
2019-05-11T16:07:38,304991767+02:00
57.013955833
9.987350333
1.2996
nan
0.0
 
2019-05-11T16:07:38,504205572+02:00
57.013957333
9.987351
1.5408
nan
0.0
 
2019-05-11T16:07:38,720736144+02:00
57.0139585
9.987351167
1.5768
nan
0.0
 
2019-05-11T16:07:38,909636039+02:00
57.0139605
9.98735
1.872
nan
0.0
 
2019-05-11T16:07:39,105616052+02:00
57.013961833
9.987348
1.836
nan
0.0
 
2019-05-11T16:07:39,309906364+02:00
57.0139625
9.987344667
1.7172
nan
0.0
 
2019-05-11T16:07:39,537003914+02:00
57.013962
9.987343333
1.3248
nan
0.0
 
2019-05-11T16:07:39,725311374+02:00
57.013960667
9.987341
1.2888
nan
0.0
 
2019-05-11T16:07:39,909040890+02:00
57.013962
9.987337833
1.764
nan
0.0
 
2019-05-11T16:07:40,303612823+02:00
57.013965667
9.987332667
2.4516
nan
0.0
 
2019-05-11T16:07:40,509980532+02:00
57.013965833
9.987331667
2.0952
nan
0.0
 
2019-05-11T16:07:40,703885898+02:00
57.013967
9.987331
1.7784
nan
0.0
 
2019-05-11T16:07:41,109213793+02:00
57.013968
9.987327
1.7352
nan
0.0
 
2019-05-11T16:07:41,315148900+02:00
57.013969667
9.987325833
1.8684
nan
0.0
 
2019-05-11T16:07:41,498697419+02:00
57.0139715
9.987325
2.1636
nan
0.0
 
2019-05-11T16:07:41,704640489+02:00
57.013970833
9.987325667
1.53
nan
0.0
 
2019-05-11T16:07:41,904880605+02:00
57.013971167
9.987326667
1.1736
nan
0.0
 
2019-05-11T16:07:42,115476845+02:00
57.0139725
9.987326667
1.4616
nan
0.0
 
2019-05-11T16:07:42,306384634+02:00
57.013972667
9.987323167
1.5912
nan
0.0
 
2019-05-11T16:07:42,506741292+02:00
57.013971667
9.987321333
1.3896
nan
0.0
 
2019-05-11T16:07:42,701516557+02:00
57.013972
9.9873205
1.1484
nan
0.0
 
2019-05-11T16:07:42,903822152+02:00
57.013972833
9.9873185
1.3248
nan
0.0
 
2019-05-11T16:07:43,108346791+02:00
57.013972833
9.987319333
0.846
nan
0.0
 
2019-05-11T16:07:43,310622862+02:00
57.013972167
9.987321
0.2412
nan
0.0
 
2019-05-11T16:07:43,710314405+02:00
57.013972667
9.987325667
1.1664
nan
0.0
 
2019-05-11T16:07:43,905792564+02:00
57.013973333
9.9873255
1.08
nan
0.0
 
2019-05-11T16:07:44,310558838+02:00
57.013971
9.9873215
0.7524
nan
0.0
 
2019-05-11T16:07:44,509827899+02:00
57.013970333
9.987319833
1.1016
nan
0.0
 
2019-05-11T16:07:44,712324352+02:00
57.01397
9.98732
1.008
nan
0.0
 
2019-05-11T16:07:44,928093538+02:00
57.0139715
9.987320667
0.2232
nan
0.0
 
2019-05-11T16:07:45,102310345+02:00
57.01397
9.987320667
0.7776
nan
0.0
 
2019-05-11T16:07:45,313767055+02:00
57.0139695
9.987319167
1.0188
nan
0.0
 
2019-05-11T16:07:45,704957729+02:00
57.013967833
9.987318167
1.3788
nan
0.0
 
2019-05-11T16:07:45,908917982+02:00
57.0139685
9.987317167
1.026
nan
0.0
 
2019-05-11T16:07:46,308044689+02:00
57.013971167
9.987316333
0.1584
nan
0.0
 
2019-05-11T16:07:46,521002472+02:00
57.0139715
9.987315333
0.3204
nan
0.0
 
2019-05-11T16:07:46,908098552+02:00
57.0139735
9.987317667
0.6948
nan
0.0
 
2019-05-11T16:07:47,119612175+02:00
57.013974333
9.987319
1.0512
nan
0.0
 
2019-05-11T16:07:47,503646664+02:00
57.0139715
9.987318167
0.6948
nan
0.0
 
2019-05-11T16:07:47,713079733+02:00
57.0139725
9.987314667
0.7128
nan
0.0
 
2019-05-11T16:07:47,934835532+02:00
57.013973833
9.987316167
0.1332
nan
0.0
 
2019-05-11T16:07:48,308317582+02:00
57.013975167
9.987316833
0.3348
nan
0.0
 
2019-05-11T16:07:48,507980116+02:00
57.0139735
9.987318833
0.7308
nan
0.0
 
2019-05-11T16:07:48,740208632+02:00
57.013973167
9.987318667
0.7596
nan
0.0
 
2019-05-11T16:07:48,905569241+02:00
57.0139755
9.987317667
0.36
nan
0.0
 
2019-05-11T16:07:49,102131093+02:00
57.013976167
9.9873155
0.3096
nan
0.0
 
2019-05-11T16:07:49,305387559+02:00
57.0139775
9.987317
0.7812
nan
0.0
 
2019-05-11T16:07:49,535184950+02:00
57.013976333
9.987317333
0.4032
nan
0.0
 
2019-05-11T16:07:49,734276324+02:00
57.013974833
9.9873185
0.864
nan
0.0
 
2019-05-11T16:07:49,911503713+02:00
57.013974833
9.987318333
0.792
nan
0.0
 
2019-05-11T16:07:50,111958652+02:00
57.0139765
9.987318167
0.4968
nan
0.0
 
2019-05-11T16:07:50,301924837+02:00
57.013978
9.987317
0.4572
nan
0.0
 
2019-05-11T16:07:50,507537679+02:00
57.013978167
9.987316
0.2808
nan
0.0
 
2019-05-11T16:07:50,719927871+02:00
57.01398
9.987316
0.7812
nan
0.0
 
2019-05-11T16:07:51,105222056+02:00
57.013979833
9.987312667
0.6552
nan
0.0
 
2019-05-11T16:07:51,325211420+02:00
57.013979333
9.987311333
0.8316
nan
0.0
 
2019-05-11T16:07:51,702970376+02:00
57.013979667
9.987310333
0.6732
nan
0.0
 
2019-05-11T16:07:51,917059056+02:00
57.013979833
9.9873095
0.7272
nan
0.0
 
2019-05-11T16:07:52,306636618+02:00
57.0139775
9.987309167
1.2528
nan
0.0
 
2019-05-11T16:07:52,501270503+02:00
57.013977
9.987308667
1.3428
nan
0.0
 
2019-05-11T16:07:52,735826701+02:00
57.013976167
9.987306667
1.6992
nan
0.0
 
2019-05-11T16:07:53,104537742+02:00
57.013977333
9.987304
1.3608
nan
0.0
 
2019-05-11T16:07:53,320382051+02:00
57.013979167
9.987300833
1.5516
nan
0.0
 
2019-05-11T16:07:53,538596661+02:00
57.013979167
9.9872975
2.0304
nan
0.0
 
2019-05-11T16:07:53,711205093+02:00
57.0139775
9.987298333
1.7892
nan
0.0
 
2019-05-11T16:07:53,902057039+02:00
57.013976
9.9872995
1.8144
nan
0.0
 
2019-05-11T16:07:54,105746326+02:00
57.0139755
9.987298833
1.8432
nan
0.0
 
2019-05-11T16:07:54,331109126+02:00
57.013976667
9.987300667
1.1088
nan
0.0
 
2019-05-11T16:07:54,507811976+02:00
57.013978333
9.987299
0.6588
nan
0.0
 
2019-05-11T16:07:54,708271272+02:00
57.013979667
9.9872975
0.702
nan
0.0
 
2019-05-11T16:07:54,911279789+02:00
57.013981833
9.987296
1.0008
nan
0.0
 
2019-05-11T16:07:55,108505145+02:00
57.013984167
9.9872965
1.1088
nan
0.0
 
2019-05-11T16:07:55,312357503+02:00
57.013984167
9.9872975
0.6372
nan
0.0
 
2019-05-11T16:07:55,708743500+02:00
57.013985833
9.987296
0.7488
nan
0.0
 
2019-05-11T16:07:55,905537379+02:00
57.013985833
9.987296333
0.4212
nan
0.0
 
2019-05-11T16:07:56,138355423+02:00
57.013985333
9.987296667
0.324
nan
0.0
 
2019-05-11T16:07:56,504121422+02:00
57.013985833
9.987298167
0.3276
nan
0.0
 
2019-05-11T16:07:56,728260734+02:00
57.013987
9.987295833
0.3528
nan
0.0
 
2019-05-11T16:07:57,113358716+02:00
57.013989833
9.987294833
0.8064
nan
0.0
 
2019-05-11T16:07:57,501924158+02:00
57.013989667
9.987292667
0.7452
nan
0.0
 
2019-05-11T16:07:57,710039438+02:00
57.01399
9.9872895
1.4508
nan
0.0
 
2019-05-11T16:07:57,916215956+02:00
57.013992
9.987288667
1.3824
nan
0.0
 
2019-05-11T16:07:58,304167826+02:00
57.013995833
9.987290667
1.4004
nan
0.0
 
2019-05-11T16:07:58,511518563+02:00
57.013994667
9.98729
0.63
nan
0.0
 
2019-05-11T16:07:58,704466400+02:00
57.0139935
9.98729
0.4752
nan
0.0
 
2019-05-11T16:07:58,925323210+02:00
57.013994
9.9872895
0.4176
nan
0.0
 
2019-05-11T16:07:59,100708617+02:00
57.013995833
9.9872935
0.8856
nan
0.0
 
2019-05-11T16:07:59,304096632+02:00
57.013997167
9.9872955
1.3104
nan
0.0
 
2019-05-11T16:07:59,724971846+02:00
57.0139985
9.987294
0.5868
nan
0.0
 
2019-05-11T16:07:59,936305991+02:00
57.0139975
9.987291667
0.4068
nan
0.0
 
2019-05-11T16:08:00,316377228+02:00
57.013998833
9.98729
0.4428
nan
0.0
 
2019-05-11T16:08:00,520663152+02:00
57.013999
9.987291167
0.1152
nan
0.0
 
2019-05-11T16:08:00,700130987+02:00
57.0139995
9.987293
0.4896
nan
0.0
 
2019-05-11T16:08:00,928672853+02:00
57.014000833
9.987293
0.4644
nan
0.0
 
2019-05-11T16:08:01,143591349+02:00
57.014003167
9.9872935
1.0044
nan
0.0
 
2019-05-11T16:08:01,331979726+02:00
57.014005
9.9872935
1.2564
nan
0.0
 
2019-05-11T16:08:01,706469403+02:00
57.014007333
9.987291833
1.1016
nan
0.0
 
2019-05-11T16:08:01,906750132+02:00
57.0140085
9.987289667
1.1124
nan
0.0
 
2019-05-11T16:08:02,306863251+02:00
57.014009667
9.987292833
0.8928
nan
0.0
 
2019-05-11T16:08:02,509123953+02:00
57.014010833
9.9872935
1.0584
nan
0.0
 
2019-05-11T16:08:02,715001123+02:00
57.014011833
9.9872925
0.8316
nan
0.0
 
2019-05-11T16:08:03,103397199+02:00
57.0140135
9.987293333
0.756
nan
0.0
 
2019-05-11T16:08:03,313481284+02:00
57.014014167
9.987292333
0.6264
nan
0.0
 
2019-05-11T16:08:03,709000499+02:00
57.014014833
9.987290333
0.702
nan
0.0
 
2019-05-11T16:08:03,904581300+02:00
57.014014
9.987288667
0.9468
nan
0.0
 
2019-05-11T16:08:04,308238815+02:00
57.014012167
9.987285833
1.6668
nan
0.0
 
2019-05-11T16:08:04,507764451+02:00
57.0140125
9.9872835
2.016
nan
0.0
 
2019-05-11T16:08:04,713255719+02:00
57.014013667
9.987280333
2.4768
nan
0.0
 
2019-05-11T16:08:05,104583772+02:00
57.014011333
9.987279667
2.1492
nan
0.0
 
2019-05-11T16:08:06,113255952+02:00
57.014006
9.987279
2.0628
nan
0.0
 
2019-05-11T16:08:06,503965221+02:00
57.014010833
9.9872795
0.5148
nan
0.0
 
2019-05-11T16:08:06,730249101+02:00
57.014012333
9.987278667
0.918
nan
0.0
 
2019-05-11T16:08:07,114186048+02:00
57.014014
9.987277667
1.098
nan
0.0
 
2019-05-11T16:08:07,503330096+02:00
57.014011833
9.987273667
1.2744
nan
0.0
 
2019-05-11T16:08:07,728348721+02:00
57.014013167
9.987274
0.9144
nan
0.0
 
2019-05-11T16:08:07,931544257+02:00
57.014015
9.9872745
0.8172
nan
0.0
 
2019-05-11T16:08:08,303051642+02:00
57.014017667
9.9872745
1.08
nan
0.0
 
2019-05-11T16:08:08,505789601+02:00
57.014018
9.9872735
1.0116
nan
0.0
 
2019-05-11T16:08:08,902838617+02:00
57.014018833
9.987272333
0.9396
nan
0.0
 
2019-05-11T16:08:09,123242539+02:00
57.014019833
9.9872695
1.476
nan
0.0
 
2019-05-11T16:08:09,498524112+02:00
57.014020667
9.987269167
1.2708
nan
0.0
 
2019-05-11T16:08:09,710348709+02:00
57.0140195
9.987268333
1.4256
nan
0.0
 
2019-05-11T16:08:09,932310702+02:00
57.014018167
9.987267167
1.7136
nan
0.0
 
2019-05-11T16:08:10,302429510+02:00
57.014019667
9.9872695
0.7128
nan
0.0
 
2019-05-11T16:08:10,518374455+02:00
57.014021167
9.987272
0.5256
nan
0.0
 
2019-05-11T16:08:10,905186106+02:00
57.014022833
9.987274333
0.8316
nan
0.0
 
2019-05-11T16:08:11,109101905+02:00
57.014025167
9.987276833
1.638
nan
0.0
 
2019-05-11T16:08:11,307661520+02:00
57.014025333
9.987276167
1.2348
nan
0.0
 
2019-05-11T16:08:11,503632590+02:00
57.0140265
9.987276
1.2456
nan
0.0
 
2019-05-11T16:08:11,703570244+02:00
57.014028833
9.987276
1.7172
nan
0.0
 
2019-05-11T16:08:11,911563860+02:00
57.014029167
9.987273667
1.4976
nan
0.0
 
2019-05-11T16:08:12,314840565+02:00
57.014029
9.987275667
0.702
nan
0.0
 
2019-05-11T16:08:12,525177208+02:00
57.014027333
9.987273833
0.5976
nan
0.0
 
2019-05-11T16:08:12,902616343+02:00
57.014024667
9.987272167
1.4184
nan
0.0
 
2019-05-11T16:08:13,107808970+02:00
57.014024333
9.987271167
1.4688
nan
0.0
 
2019-05-11T16:08:13,341548760+02:00
57.014025
9.987271667
1.1664
nan
0.0
 
2019-05-11T16:08:13,716293953+02:00
57.0140275
9.987272333
0.5292
nan
0.0
 
2019-05-11T16:08:13,914938503+02:00
57.014028167
9.987272333
0.5004
nan
0.0
 
2019-05-11T16:08:14,117348104+02:00
57.014027667
9.9872715
0.756
nan
0.0
 
2019-05-11T16:08:14,303564743+02:00
57.014026
9.987271
1.242
nan
0.0
 
2019-05-11T16:08:14,506434545+02:00
57.014025667
9.987272167
1.1628
nan
0.0
 
2019-05-11T16:08:14,719742272+02:00
57.014025667
9.9872735
1.0116
nan
0.0
 
2019-05-11T16:08:14,917261189+02:00
57.014024167
9.987273333
1.5156
nan
0.0
 
2019-05-11T16:08:15,129075507+02:00
57.014022167
9.987273333
2.1312
nan
0.0
 
2019-05-11T16:08:15,501807821+02:00
57.014020167
9.987270167
2.7936
nan
0.0
 
2019-05-11T16:08:15,708064828+02:00
57.014018667
9.9872695
3.1608
nan
0.0
 
2019-05-11T16:08:16,109679892+02:00
57.014019833
9.987265833
2.4732
nan
0.0
 
2019-05-11T16:08:16,305830366+02:00
57.014019167
9.987263833
2.6784
nan
0.0
 
2019-05-11T16:08:16,508878396+02:00
57.014018333
9.987263333
2.7216
nan
0.0
 
2019-05-11T16:08:16,906093213+02:00
57.014017333
9.987263833
2.6136
nan
0.0
 
2019-05-11T16:08:17,112751060+02:00
57.0140165
9.987262333
2.736
nan
0.0
 
2019-05-11T16:08:17,322852853+02:00
57.014016833
9.9872605
2.4516
nan
0.0
 
2019-05-11T16:08:17,709733506+02:00
57.014013167
9.987257333
3.2652
nan
0.0
 
2019-05-11T16:08:17,902615066+02:00
57.014012167
9.9872575
3.15
nan
0.0
 
2019-05-11T16:08:18,315459572+02:00
57.014008667
9.987255667
3.5856
nan
0.0
 
2019-05-11T16:08:18,506358484+02:00
57.0140095
9.987254833
2.9592
nan
0.0
 
2019-05-11T16:08:18,701086996+02:00
57.014011333
9.987255667
2.0124
nan
0.0
 
2019-05-11T16:08:18,913930366+02:00
57.014014167
9.987258
0.9
nan
0.0
 
2019-05-11T16:08:19,117225002+02:00
57.014015167
9.987257167
0.5868
nan
0.0
 
2019-05-11T16:08:19,323743739+02:00
57.014017
9.987255
0.5076
nan
0.0
 
2019-05-11T16:08:19,709813089+02:00
57.01402
9.987254667
0.4176
nan
0.0
 
2019-05-11T16:08:19,907085246+02:00
57.014020667
9.987255833
0.2304
nan
0.0
 
2019-05-11T16:08:20,115541698+02:00
57.014022167
9.987258167
0.6912
nan
0.0
 
2019-05-11T16:08:20,312467772+02:00
57.014025
9.9872595
1.314
nan
0.0
 
2019-05-11T16:08:20,529677334+02:00
57.014028167
9.9872585
1.7496
nan
0.0
 
2019-05-11T16:08:20,711540894+02:00
57.014032
9.987258
2.412
nan
0.0
 
2019-05-11T16:08:21,104939504+02:00
57.014034667
9.987256833
2.016
nan
0.0
 
2019-05-11T16:08:21,308946353+02:00
57.014035333
9.987253667
1.7604
nan
0.0
 
2019-05-11T16:08:21,517415121+02:00
57.0140395
9.987252667
2.4984
nan
0.0
 
2019-05-11T16:08:21,904751129+02:00
57.014044333
9.987254667
2.6604
nan
0.0
 
2019-05-11T16:08:22,112323946+02:00
57.014047
9.987256167
2.898
nan
0.0
 
2019-05-11T16:08:22,515041322+02:00
57.014051
9.987258833
2.8152
nan
0.0
 
2019-05-11T16:08:22,705527191+02:00
57.0140515
9.987256667
2.0772
nan
0.0
 
2019-05-11T16:08:23,104096202+02:00
57.014054833
9.987257333
1.872
nan
0.0
 
2019-05-11T16:08:23,309154698+02:00
57.0140555
9.9872565
1.4796
nan
0.0
 
2019-05-11T16:08:23,714322121+02:00
57.014058833
9.9872555
1.476
nan
0.0
 
2019-05-11T16:08:23,918004316+02:00
57.0140625
9.987256833
2.1204
nan
0.0
 
2019-05-11T16:08:24,143326964+02:00
57.014066167
9.987260167
2.772
nan
0.0
 
2019-05-11T16:08:24,508251302+02:00
57.014065667
9.987256333
1.2564
nan
0.0
 
2019-05-11T16:08:24,713711738+02:00
57.0140655
9.987253833
1.1772
nan
0.0
 
2019-05-11T16:08:25,103182081+02:00
57.014066833
9.9872515
1.2204
nan
0.0
 
2019-05-11T16:08:25,310565423+02:00
57.014067667
9.987250833
1.314
nan
0.0
 
2019-05-11T16:08:25,515645213+02:00
57.014068667
9.987250333
1.3716
nan
0.0
 
2019-05-11T16:08:25,904261429+02:00
57.0140685
9.987251167
0.7884
nan
0.0
 
2019-05-11T16:08:26,308511142+02:00
57.014068333
9.987249833
0.8208
nan
0.0
 
2019-05-11T16:08:26,510202485+02:00
57.014070667
9.987253167
0.5976
nan
0.0
 
2019-05-11T16:08:26,708292048+02:00
57.014072667
9.987253833
1.134
nan
0.0
 
2019-05-11T16:08:27,100844734+02:00
57.014074667
9.9872555
1.4364
nan
0.0
 
2019-05-11T16:08:27,314915986+02:00
57.0140745
9.987254833
1.1736
nan
0.0
 
2019-05-11T16:08:27,544196596+02:00
57.014074333
9.987254667
1.008
nan
0.0
 
2019-05-11T16:08:27,708324312+02:00
57.014075
9.987254667
1.08
nan
0.0
 
2019-05-11T16:08:27,921059162+02:00
57.014076
9.987255833
1.224
nan
0.0
 
2019-05-11T16:08:28,305250695+02:00
57.0140785
9.987257667
1.71
nan
0.0
 
2019-05-11T16:08:28,533762925+02:00
57.014078667
9.987259
1.5552
nan
0.0
 
2019-05-11T16:08:28,904613100+02:00
57.014076333
9.9872595
0.3168
nan
0.0
 
2019-05-11T16:08:29,126517544+02:00
57.014076
9.987261
0.2916
nan
0.0
 
2019-05-11T16:08:29,316874013+02:00
57.014077333
9.987263833
1.0188
nan
0.0
 
2019-05-11T16:08:29,699670308+02:00
57.014077333
9.987266167
0.9504
nan
0.0
 
2019-05-11T16:08:29,915848166+02:00
57.014076667
9.987264667
0.3672
nan
0.0
 
2019-05-11T16:08:30,306156349+02:00
57.014077833
9.987267167
0.918
nan
0.0
 
2019-05-11T16:08:30,517828021+02:00
57.014076667
9.987267167
0.4536
nan
0.0
 
2019-05-11T16:08:30,734345527+02:00
57.014077333
9.987268167
0.6768
nan
0.0
 
2019-05-11T16:08:30,938497149+02:00
57.014078333
9.9872695
1.008
nan
0.0
 
2019-05-11T16:08:31,312552732+02:00
57.014078167
9.9872675
0.63
nan
0.0
 
2019-05-11T16:08:31,721766353+02:00
57.0140785
9.987267167
0.6192
nan
0.0
 
2019-05-11T16:08:31,913016719+02:00
57.014077333
9.987265
0.666
nan
0.0
 
2019-05-11T16:08:32,119382370+02:00
57.014077
9.987264667
0.5328
nan
0.0
 
2019-05-11T16:08:32,317020354+02:00
57.0140775
9.987265833
0.324
nan
0.0
 
2019-05-11T16:08:32,706968663+02:00
57.014075333
9.987262333
0.972
nan
0.0
 
2019-05-11T16:08:33,106754173+02:00
57.014074167
9.987262
0.7164
nan
0.0
 
2019-05-11T16:08:33,316985296+02:00
57.014073667
9.987262
0.6012
nan
0.0
 
2019-05-11T16:08:33,705111579+02:00
57.014072333
9.987259333
1.044
nan
0.0
 
2019-05-11T16:08:33,902727326+02:00
57.014069167
9.987257333
1.8684
nan
0.0
 
2019-05-11T16:08:34,139358395+02:00
57.014067167
9.987256333
2.0268
nan
0.0
 
2019-05-11T16:08:34,333151807+02:00
57.014066667
9.9872565
1.6488
nan
0.0
 
2019-05-11T16:08:34,706620405+02:00
57.014065167
9.987256667
1.3248
nan
0.0
 
2019-05-11T16:08:34,948432912+02:00
57.0140655
9.987257
0.8892
nan
0.0
 
2019-05-11T16:08:35,142859607+02:00
57.014064667
9.987256667
0.9072
nan
0.0
 
2019-05-11T16:08:35,305322601+02:00
57.014063667
9.987255667
1.0872
nan
0.0
 
2019-05-11T16:08:35,513097822+02:00
57.014063
9.987255167
1.08
nan
0.0
 
2019-05-11T16:08:35,902611072+02:00
57.014062667
9.987255667
0.6912
nan
0.0
 
2019-05-11T16:08:36,134413600+02:00
57.014061667
9.987255667
0.81
nan
0.0
 
2019-05-11T16:08:36,506563839+02:00
57.014061333
9.987255167
0.6156
nan
0.0
 
2019-05-11T16:08:36,719892899+02:00
57.014063167
9.987255667
0.1404
nan
0.0
 
2019-05-11T16:08:37,107255994+02:00
57.0140675
9.9872575
1.53
nan
0.0
 
2019-05-11T16:08:37,319124480+02:00
57.014068167
9.9872575
1.4688
nan
0.0
 
2019-05-11T16:08:37,710952168+02:00
57.0140695
9.987257167
1.3104
nan
0.0
 
2019-05-11T16:08:37,905638814+02:00
57.014070167
9.987256667
1.206
nan
0.0
 
2019-05-11T16:08:38,108250735+02:00
57.014070833
9.987256333
1.1448
nan
0.0
 
2019-05-11T16:08:38,305334542+02:00
57.014071167
9.987256333
1.0296
nan
0.0
 
2019-05-11T16:08:38,506479940+02:00
57.014071167
9.987255333
0.8748
nan
0.0
 
2019-05-11T16:08:38,704975846+02:00
57.014069333
9.987254
0.5616
nan
0.0
 
2019-05-11T16:08:38,926942575+02:00
57.0140665
9.987252167
1.1052
nan
0.0
 
2019-05-11T16:08:39,117619415+02:00
57.014064
9.987250667
1.5516
nan
0.0
 
2019-05-11T16:08:39,519821226+02:00
57.014058
9.987246167
2.9016
nan
0.0
 
2019-05-11T16:08:39,723820922+02:00
57.014055333
9.987244167
3.2328
nan
0.0
 
2019-05-11T16:08:39,903919220+02:00
57.014053833
9.987243167
3.114
nan
0.0
 
2019-05-11T16:08:40,103540059+02:00
57.014048167
9.98724
4.2336
nan
230.69
 
2019-05-11T16:08:40,329412859+02:00
57.014042
9.987236667
5.3244
nan
209.95
 
2019-05-11T16:08:40,501524258+02:00
57.014036
9.987233167
6.2028
nan
202.39
 
2019-05-11T16:08:40,703439210+02:00
57.014035833
9.987232333
5.6448
nan
200.12
 
2019-05-11T16:08:40,916635648+02:00
57.014035833
9.9872315
5.2344
nan
199.04
 
2019-05-11T16:08:41,302961520+02:00
57.0140365
9.987230833
4.2876
nan
197.61
 
2019-05-11T16:08:41,501337263+02:00
57.014039833
9.987233333
3.0204
nan
193.51
 
2019-05-11T16:08:41,899650193+02:00
57.014045667
9.987235833
1.4364
nan
0.0
 
2019-05-11T16:08:42,098153095+02:00
57.0140465
9.987236
1.3572
nan
0.0
 
2019-05-11T16:08:42,312051596+02:00
57.014048
9.987236
1.0728
nan
0.0
 
2019-05-11T16:08:42,541532917+02:00
57.014049833
9.987237
0.9108
nan
0.0
 
2019-05-11T16:08:42,737100522+02:00
57.014052333
9.987237167
0.3564
nan
0.0
 
2019-05-11T16:08:43,096803863+02:00
57.014057
9.987238667
0.162
nan
0.0
 
2019-05-11T16:08:43,311762023+02:00
57.014058333
9.987238833
0.1368
nan
0.0
 
2019-05-11T16:08:43,508005973+02:00
57.014049833
9.9872345
1.836
nan
0.0
 
2019-05-11T16:08:43,904172436+02:00
57.014039
9.987230667
2.8908
nan
196.33
 
2019-05-11T16:08:44,119373227+02:00
57.014035
9.9872295
2.8872
nan
195.86
 
2019-05-11T16:08:44,335939244+02:00
57.014029333
9.9872275
3.492
nan
193.54
 
2019-05-11T16:08:44,520272438+02:00
57.0140235
9.987224833
4.1472
nan
194.04
 
2019-05-11T16:08:44,716739694+02:00
57.014017833
9.987222667
4.6836
nan
193.33
 
2019-05-11T16:08:44,901107262+02:00
57.014013167
9.987221167
4.8024
nan
192.38
 
2019-05-11T16:08:45,114467141+02:00
57.014008333
9.9872195
5.058
nan
191.26
 
2019-05-11T16:08:45,304362548+02:00
57.014010833
9.987220667
4.0284
nan
190.84
 
2019-05-11T16:08:45,502339151+02:00
57.014012
9.987221833
3.6468
nan
188.1
 
2019-05-11T16:08:45,716143842+02:00
57.014013667
9.9872225
3.132
nan
187.23
 
2019-05-11T16:08:45,940332205+02:00
57.014015333
9.987223167
2.7396
nan
186.58
 
2019-05-11T16:08:46,143764650+02:00
57.014017
9.987223833
2.3796
nan
0.0
 
2019-05-11T16:08:46,507463027+02:00
57.014021833
9.987226833
1.2096
nan
0.0
 
2019-05-11T16:08:46,711105811+02:00
57.014024833
9.987228333
0.4572
nan
0.0
 
2019-05-11T16:08:46,913153863+02:00
57.014026833
9.987229333
0.4068
nan
0.0
 
2019-05-11T16:08:47,312742937+02:00
57.014029167
9.9872295
0.2088
nan
0.0
 
2019-05-11T16:08:47,504392931+02:00
57.01403
9.987229167
0.3744
nan
0.0
 
2019-05-11T16:08:47,720566753+02:00
57.0140315
9.987229667
0.216
nan
0.0
 
2019-05-11T16:08:47,921746740+02:00
57.014032667
9.987229833
0.2592
nan
0.0
 
2019-05-11T16:08:48,105976246+02:00
57.0140335
9.987229667
0.288
nan
0.0
 
2019-05-11T16:08:48,316394385+02:00
57.014035
9.987229667
0.198
nan
0.0
 
2019-05-11T16:08:48,711374046+02:00
57.014035667
9.987229
0.5328
nan
0.0
 
2019-05-11T16:08:48,910248533+02:00
57.014036667
9.987229667
0.3528
nan
0.0
 
2019-05-11T16:08:49,105257287+02:00
57.014036167
9.987228833
0.7956
nan
0.0
 
2019-05-11T16:08:49,502101435+02:00
57.014036667
9.987228667
0.9216
nan
0.0
 
2019-05-11T16:08:49,703460318+02:00
57.0140375
9.987229167
0.8172
nan
0.0
 
2019-05-11T16:08:50,104633949+02:00
57.014038333
9.987229167
0.918
nan
0.0
 
2019-05-11T16:08:50,318370874+02:00
57.014039333
9.9872295
0.6804
nan
0.0
 
2019-05-11T16:08:50,519723319+02:00
57.0140405
9.987230833
0.666
nan
0.0
 
2019-05-11T16:08:50,704540160+02:00
57.014041
9.987231
0.7092
nan
0.0
 
2019-05-11T16:08:50,916191553+02:00
57.0140425
9.987232167
0.522
nan
0.0
 
2019-05-11T16:08:51,099767027+02:00
57.014042333
9.987232333
0.792
nan
0.0
 
2019-05-11T16:08:51,306359168+02:00
57.014040333
9.987230833
1.5948
nan
0.0
 
2019-05-11T16:08:51,511538611+02:00
57.014039833
9.987230167
1.8864
nan
0.0
 
2019-05-11T16:08:51,709711017+02:00
57.014040167
9.987230333
1.7964
nan
0.0
 
2019-05-11T16:08:51,911939701+02:00
57.014040667
9.987230833
1.6308
nan
0.0
 
2019-05-11T16:08:52,107865983+02:00
57.014041
9.987231167
1.5696
nan
0.0
 
2019-05-11T16:08:52,319525408+02:00
57.014041667
9.987231333
1.4148
nan
0.0
 
2019-05-11T16:08:52,719283294+02:00
57.014040667
9.98723
1.8576
nan
0.0
 
2019-05-11T16:08:52,920555811+02:00
57.014041167
9.987230333
1.6632
nan
0.0
 
2019-05-11T16:08:53,111905185+02:00
57.0140405
9.9872295
1.9548
nan
0.0
 
2019-05-11T16:08:53,329637933+02:00
57.0140395
9.987228167
2.3868
nan
192.92
 
2019-05-11T16:08:53,509112602+02:00
57.014039833
9.987228
2.2608
nan
0.0
 
2019-05-11T16:08:53,733379661+02:00
57.014041333
9.987229333
1.6128
nan
0.0
 
2019-05-11T16:08:54,107943439+02:00
57.014040333
9.987229167
1.35
nan
0.0
 
2019-05-11T16:08:54,303705393+02:00
57.014039
9.9872285
1.1592
nan
0.0
 
2019-05-11T16:08:54,509315981+02:00
57.014037833
9.987228333
0.9936
nan
0.0
 
2019-05-11T16:08:54,905721682+02:00
57.0140315
9.987224333
2.1384
nan
0.0
 
2019-05-11T16:08:55,115565519+02:00
57.01403
9.987222833
2.1636
nan
0.0
 
2019-05-11T16:08:55,511496683+02:00
57.0140265
9.987220667
2.0232
nan
0.0
 
2019-05-11T16:08:55,713799360+02:00
57.014024667
9.9872195
2.0232
nan
0.0
 
2019-05-11T16:08:56,110226598+02:00
57.014022167
9.987217833
1.4652
nan
0.0
 
2019-05-11T16:08:56,309462196+02:00
57.0140235
9.987218833
0.6876
nan
0.0
 
2019-05-11T16:08:56,517377047+02:00
57.0140245
9.987218833
0.4428
nan
0.0
 
2019-05-11T16:08:56,705080093+02:00
57.014023833
9.987217
0.0792
nan
0.0
 
2019-05-11T16:08:56,911869350+02:00
57.014023667
9.9872165
0.234
nan
0.0
 
2019-05-11T16:08:57,122242609+02:00
57.014023
9.987216333
0.3204
nan
0.0
 
2019-05-11T16:08:57,307199567+02:00
57.014021167
9.987215833
0.1116
nan
0.0
 
2019-05-11T16:08:57,504056604+02:00
57.0140185
9.987215
0.6696
nan
0.0
 
2019-05-11T16:08:57,706098314+02:00
57.014016667
9.9872145
0.8532
nan
0.0
 
2019-05-11T16:08:57,908603748+02:00
57.014017167
9.987214833
0.2124
nan
0.0
 
2019-05-11T16:08:58,117438352+02:00
57.014018
9.987215333
0.4572
nan
0.0
 
2019-05-11T16:08:58,307285137+02:00
57.014019
9.987215833
0.9396
nan
0.0
 
2019-05-11T16:08:58,513966641+02:00
57.014019667
9.987216833
1.368
nan
0.0
 
2019-05-11T16:08:58,718533064+02:00
57.014019333
9.987217833
1.4436
nan
0.0
 
2019-05-11T16:08:58,905329244+02:00
57.014018667
9.987218
1.224
nan
0.0
 
2019-05-11T16:08:59,108934306+02:00
57.014017833
9.987218
0.972
nan
0.0
 
2019-05-11T16:08:59,314608200+02:00
57.014015833
9.987216333
0.1908
nan
0.0
 
2019-05-11T16:08:59,705144564+02:00
57.0140135
9.987213833
0.6336
nan
0.0
 
2019-05-11T16:08:59,916236586+02:00
57.014013
9.987213667
0.5868
nan
0.0
 
2019-05-11T16:09:00,316274467+02:00
57.014010333
9.987213167
0.9864
nan
0.0
 
2019-05-11T16:09:00,518182313+02:00
57.01401
9.987213
0.7416
nan
0.0
 
2019-05-11T16:09:00,712602049+02:00
57.014009167
9.987213
0.6876
nan
0.0
 
2019-05-11T16:09:01,122231533+02:00
57.0140045
9.987210167
1.9116
nan
0.0
 
2019-05-11T16:09:01,309704732+02:00
57.0140015
9.987208167
2.6136
nan
198.15
 
2019-05-11T16:09:01,514299580+02:00
57.013999
9.987206833
2.8584
nan
199.44
 
2019-05-11T16:09:01,726911661+02:00
57.013997333
9.987206333
2.6928
nan
199.1
 
2019-05-11T16:09:02,109886104+02:00
57.013995
9.9872055
2.358
nan
196.28
 
2019-05-11T16:09:02,332553825+02:00
57.013992167
9.987204667
2.6496
nan
195.31
 
2019-05-11T16:09:02,523283311+02:00
57.01399
9.987204167
2.8116
nan
194.13
 
2019-05-11T16:09:02,706585961+02:00
57.013987167
9.987203167
3.2184
nan
192.77
 
2019-05-11T16:09:03,104305917+02:00
57.013982333
9.9872005
3.6612
nan
193.9
 
2019-05-11T16:09:03,323295550+02:00
57.013981833
9.987200833
3.0168
nan
192.67
 
2019-05-11T16:09:03,708089307+02:00
57.013981333
9.987201167
2.25
nan
0.0
 
2019-05-11T16:09:03,916459703+02:00
57.013981667
9.987201333
1.5732
nan
0.0
 
2019-05-11T16:09:04,123053124+02:00
57.0139825
9.987202667
1.0476
nan
0.0
 
2019-05-11T16:09:04,342857641+02:00
57.013982833
9.987203167
0.7668
nan
0.0
 
2019-05-11T16:09:04,522489062+02:00
57.013982833
9.987202833
0.6372
nan
0.0
 
2019-05-11T16:09:04,706229446+02:00
57.013982667
9.987202667
0.7128
nan
0.0
 
2019-05-11T16:09:04,929320887+02:00
57.013982833
9.9872025
0.5184
nan
0.0
 
2019-05-11T16:09:05,121183038+02:00
57.0139835
9.987202833
0.2772
nan
0.0
 
2019-05-11T16:09:05,322601742+02:00
57.013984167
9.987203167
0.1656
nan
0.0
 
2019-05-11T16:09:05,520343209+02:00
57.013983833
9.9872025
0.1512
nan
0.0
 
2019-05-11T16:09:05,863729107+02:00

 
