
2019-04-26T10:24:02,172263642+02:00
57.014032713
9.987080043
0.198
28.248
74.4247
 
2019-04-26T10:24:03,176421590+02:00
57.014031392
9.987084497
0.0828
28.164
276.6981
 
2019-04-26T10:24:04,172025333+02:00
57.014029791
9.987088083
0.1404
28.053
251.3028
 
2019-04-26T10:24:05,178547276+02:00
57.014028396
9.987090983
0.0324
28.095
117.7622
 
2019-04-26T10:24:06,176858608+02:00
57.014027466
9.987094321
0.036
28.15
278.4023
 
2019-04-26T10:24:07,180062645+02:00
57.014025981
9.987097297
0.198
28.233
249.4278
 
2019-04-26T10:24:08,175910085+02:00
57.014025097
9.987100521
0.1512
28.369
299.1162
 
2019-04-26T10:24:09,176110686+02:00
57.014024705
9.987103859
0.0756
28.516
59.438
 
2019-04-26T10:24:10,177269455+02:00
57.014024428
9.987108113
0.144
28.739
82.6666
 
2019-04-26T10:24:11,177294795+02:00
57.014024476
9.987112214
0.0396
28.903
67.9471
 
2019-04-26T10:24:12,175984483+02:00
57.014024806
9.987116886
0.1656
29.069
347.6577
 
2019-04-26T10:24:13,172673315+02:00
57.014024809
9.98712013
0.0612
29.451
211.6219
 
2019-04-26T10:24:14,174986691+02:00
57.014025068
9.98712301
0.0972
29.682
46.2315
 
2019-04-26T10:24:15,182797727+02:00
57.014024607
9.987125728
0.0756
29.787
270.2482
 
2019-04-26T10:24:16,177433139+02:00
57.014024866
9.987128465
0.27
29.792
279.6614
 
2019-04-26T10:24:17,178387624+02:00
57.014025435
9.987130535
0.27
30.061
300.8409
 
2019-04-26T10:24:18,180116116+02:00
57.014026214
9.987133615
0.054
30.255
200.529
 
2019-04-26T10:24:19,176394958+02:00
57.014026536
9.98713598
0.0684
30.506
73.9648
 
2019-04-26T10:24:20,173351471+02:00
57.01402698
9.987138727
0.216
30.748
265.9898
 
2019-04-26T10:24:21,174826493+02:00
57.014027646
9.98714115
0.1944
31.022
293.434
 
2019-04-26T10:24:22,175127772+02:00
57.014028094
9.987143248
0.1008
31.252
286.6713
 
2019-04-26T10:24:23,175516842+02:00
57.014028678
9.987145623
0.1224
31.436
316.6013
 
2019-04-26T10:24:24,173493497+02:00
57.01402884
9.987148913
0.108
31.603
264.1176
 
2019-04-26T10:24:25,188928710+02:00
57.014029041
9.987151307
0.18
31.815
245.0734
 
2019-04-26T10:24:26,174403731+02:00
57.014029117
9.987153615
0.0432
32.06
225.1083
 
2019-04-26T10:24:27,180771516+02:00
57.014029284
9.987155551
0.0324
32.239
117.7623
 
2019-04-26T10:24:28,171369104+02:00
57.014029137
9.987157011
0.108
32.559
218.2208
 
2019-04-26T10:24:29,177857922+02:00
57.01402919
9.987157823
0.144
32.901
275.43
 
2019-04-26T10:24:30,176373267+02:00
57.014029257
9.987158177
0.1404
33.218
203.3025
 
2019-04-26T10:24:31,175976152+02:00
57.014029287
9.987158664
0.0972
33.55
159.8003
 
2019-04-26T10:24:32,173467505+02:00
57.014029901
9.987159922
0.1548
33.494
347.4057
 
2019-04-26T10:24:33,177395818+02:00
57.014030132
9.987160991
0.1116
33.704
315.5808
 
2019-04-26T10:24:34,173351208+02:00
57.014030582
9.987161477
0.1296
33.79
294.5268
 
2019-04-26T10:24:35,179609611+02:00
57.014031001
9.987162116
0.0648
33.986
90.8984
 
2019-04-26T10:24:36,176828204+02:00
57.014031577
9.987163299
0.0468
34.183
239.5608
 
2019-04-26T10:24:37,181459858+02:00
57.014032058
9.987164949
0.0612
34.28
273.6712
 
2019-04-26T10:24:38,185755532+02:00
57.014032699
9.987166789
0.0828
34.388
211.622
 
2019-04-26T10:24:39,179171741+02:00
57.014033204
9.987168058
0.1152
34.519
163.1605
 
