
2019-04-26T10:28:36,189539185+02:00
57.014082303
9.987300156
0.0612
34.964
167.8742
 
2019-04-26T10:28:37,194395833+02:00
57.014081006
9.987299574
0.0972
34.581
232.8459
 
2019-04-26T10:28:38,188892336+02:00
57.014079972
9.987298238
0.1332
34.19
315.2773
 
2019-04-26T10:28:39,193323371+02:00
57.014078726
9.987297361
0.1368
33.792
151.4014
 
2019-04-26T10:28:40,192095325+02:00
57.014077898
9.987296158
0.054
33.458
116.7426
 
2019-04-26T10:28:41,204772103+02:00
57.014077481
9.98729426
0.1044
33.107
251.7845
 
2019-04-26T10:28:42,194348088+02:00
57.014077127
9.9872924
0.0684
32.953
287.6811
 
2019-04-26T10:28:43,220919353+02:00
57.014076882
9.987291084
0.0432
32.792
83.2941
 
2019-04-26T10:28:44,202592360+02:00
57.01407636
9.987289863
0.0288
32.735
11.8565
 
2019-04-26T10:28:45,195208940+02:00
57.014075324
9.987289024
0.0828
32.559
263.2941
 
2019-04-26T10:28:46,192619968+02:00
57.014074201
9.987287909
0.0828
32.438
276.6982
 
2019-04-26T10:28:47,196284581+02:00
57.014073709
9.987286888
0.0504
32.259
72.5798
 
2019-04-26T10:28:48,196398483+02:00
57.014073444
9.987286268
0.09
32.182
184.0337
 
2019-04-26T10:28:49,193777630+02:00
57.014072575
9.987285639
0.1224
32.114
202.9822
 
2019-04-26T10:28:50,194030127+02:00
57.014072112
9.987285315
0.0432
32.028
83.2941
 
2019-04-26T10:28:51,192072976+02:00
57.014071737
9.987284505
0.0576
31.948
141.4146
 
2019-04-26T10:28:52,194292403+02:00
57.014071575
9.987283646
0.0432
31.829
109.4155
 
2019-04-26T10:28:53,192885181+02:00
57.014071176
9.987283217
0.054
31.715
129.4372
 
2019-04-26T10:28:54,197408247+02:00
57.014071025
9.987282693
0.0432
31.809
125.0121
 
2019-04-26T10:28:55,193997211+02:00
57.014070859
9.98728172
0.0396
31.761
247.9472
 
2019-04-26T10:28:56,190963894+02:00
57.014070753
9.987280528
0.0504
31.757
187.212
 
2019-04-26T10:28:57,200086468+02:00
57.014070853
9.98727947
0.0612
31.809
151.8427
 
2019-04-26T10:28:58,193780684+02:00
57.014070588
9.98727844
0.0864
31.781
312.7676
 
2019-04-26T10:28:59,199530254+02:00
57.014070496
9.987277496
0.0792
31.728
255.9797
 
2019-04-26T10:29:00,191322780+02:00
57.014070421
9.987276914
0.1116
31.555
108.3652
 
2019-04-26T10:29:01,205561567+02:00
57.014070403
9.987276761
0.1476
31.437
105.956
 
2019-04-26T10:29:02,193614829+02:00
57.014070245
9.987276426
0.0108
31.198
31.6223
 
2019-04-26T10:29:03,200311719+02:00
57.014070193
9.987275406
0.0504
31.094
226.2316
 
2019-04-26T10:29:04,202752539+02:00
57.014069944
9.987275091
0.1008
30.933
134.3313
 
2019-04-26T10:29:05,194565851+02:00
57.01407031
9.987274918
0.0792
30.788
104.4867
 
2019-04-26T10:29:06,193550316+02:00
57.014070567
9.987274555
0.1224
30.638
111.6819
 
2019-04-26T10:29:07,196125265+02:00
57.01407038
9.987274078
0.0864
30.485
235.7254
 
2019-04-26T10:29:08,197862929+02:00
57.014070657
9.98727322
0.0864
30.441
235.7254
 
2019-04-26T10:29:09,195667996+02:00
57.014070881
9.987272809
0.0504
30.21
72.5798
 
2019-04-26T10:29:10,197729964+02:00
57.014070854
9.987272579
0.1368
30.033
151.4014
 
2019-04-26T10:29:11,194334597+02:00
57.014070715
9.987272455
0.0792
29.876
180.0
 
2019-04-26T10:29:12,193635255+02:00
57.014070698
9.987271949
0.0648
29.77
297.7625
 
2019-04-26T10:29:13,196112886+02:00
57.014070843
9.987271339
0.1404
29.652
131.5021
 
2019-04-26T10:29:14,213188427+02:00
57.014071109
9.987270699
0.1368
29.573
151.4014
 
2019-04-26T10:29:15,204177128+02:00
57.01407133
9.987269821
0.0648
29.426
297.7625
 
2019-04-26T10:29:16,200895793+02:00
57.014071443
9.98726881
0.1368
29.239
266.5761
 
2019-04-26T10:29:17,200350260+02:00
57.014071303
9.987267722
0.1152
28.951
141.4146
 
2019-04-26T10:29:18,197677914+02:00
57.014071267
9.9872661
0.1296
28.596
146.8271
 
