
2019-03-18T11:59:24,903557993+01:00
57.013995167
9.9872915
0.0684
nan
0.0
 
2019-03-18T11:59:25,109256609+01:00
57.013995
9.9872915
0.0756
nan
0.0
 
2019-03-18T11:59:25,306231454+01:00
57.013994667
9.987291
0.18
nan
0.0
 
2019-03-18T11:59:25,505956808+01:00
57.0139945
9.987291
0.1188
nan
0.0
 
2019-03-18T11:59:25,704103967+01:00
57.0139945
9.987291
0.0864
nan
0.0
 
2019-03-18T11:59:25,906306242+01:00
57.013994167
9.987290667
0.2952
nan
0.0
 
2019-03-18T11:59:26,107407726+01:00
57.013994
9.987290333
0.2016
nan
0.0
 
2019-03-18T11:59:26,310408267+01:00
57.013993833
9.987290333
0.3708
nan
0.0
 
2019-03-18T11:59:26,709533414+01:00
57.013993667
9.98729
0.432
nan
0.0
 
2019-03-18T11:59:26,903960516+01:00
57.0139935
9.987289667
0.198
nan
0.0
 
2019-03-18T11:59:27,109171976+01:00
57.0139935
9.987289833
0.1728
nan
0.0
 
2019-03-18T11:59:27,305355329+01:00
57.0139935
9.987289667
0.3132
nan
0.0
 
2019-03-18T11:59:27,506046117+01:00
57.013993333
9.9872895
0.2268
nan
0.0
 
2019-03-18T11:59:27,707570733+01:00
57.013993167
9.987289167
0.2916
nan
0.0
 
2019-03-18T11:59:27,911363328+01:00
57.013993167
9.987289167
0.1584
nan
0.0
 
2019-03-18T11:59:28,306372509+01:00
57.013993167
9.987288833
0.09
nan
0.0
 
2019-03-18T11:59:28,506918353+01:00
57.013993167
9.987288833
0.0396
nan
0.0
 
2019-03-18T11:59:28,906099958+01:00
57.013992833
9.987288
0.1224
nan
0.0
 
2019-03-18T11:59:29,108847397+01:00
57.013992667
9.987287833
0.0972
nan
0.0
 
2019-03-18T11:59:29,305823753+01:00
57.013992667
9.987288
0.144
nan
0.0
 
2019-03-18T11:59:29,510048917+01:00
57.013992667
9.987287833
0.1944
nan
0.0
 
2019-03-18T11:59:29,704813241+01:00
57.0139925
9.987287333
0.3492
nan
0.0
 
2019-03-18T11:59:29,909103202+01:00
57.0139925
9.987287167
0.1332
nan
0.0
 
2019-03-18T11:59:30,114269251+01:00
57.0139925
9.987287
0.1728
nan
0.0
 
2019-03-18T11:59:30,506348341+01:00
57.013992333
9.987286667
0.4176
nan
0.0
 
2019-03-18T11:59:30,913923680+01:00
57.013992333
9.987286333
0.4644
nan
0.0
 
2019-03-18T11:59:31,333658057+01:00
57.013992
9.987286
0.3492
nan
0.0
 
2019-03-18T11:59:31,710824398+01:00
57.013992
9.9872865
0.2268
nan
0.0
 
2019-03-18T11:59:32,106192474+01:00
57.013991833
9.9872865
0.1188
nan
0.0
 
2019-03-18T11:59:32,306360720+01:00
57.013991667
9.987286667
0.2124
nan
0.0
 
2019-03-18T11:59:32,505305855+01:00
57.013991667
9.987286333
0.162
nan
0.0
 
2019-03-18T11:59:32,708471362+01:00
57.013991667
9.987286333
0.0288
nan
0.0
 
2019-03-18T11:59:32,911593946+01:00
57.0139915
9.987286
0.1152
nan
0.0
 
2019-03-18T11:59:33,104288756+01:00
57.013991333
9.987285667
0.1764
nan
0.0
 
2019-03-18T11:59:33,314560827+01:00
57.013991333
9.9872855
0.0756
nan
0.0
 
2019-03-18T11:59:33,519115325+01:00
57.013991167
9.9872855
0.126
nan
0.0
 
2019-03-18T11:59:33,743899698+01:00
57.013991
9.9872855
0.0648
nan
0.0
 
2019-03-18T11:59:34,110048664+01:00
57.013990833
9.987285
0.1476
nan
0.0
 
2019-03-18T11:59:34,326855147+01:00
57.013990833
9.9872845
0.1404
nan
0.0
 
2019-03-18T11:59:34,508195346+01:00
57.013990667
9.987284167
0.2268
nan
0.0
 
2019-03-18T11:59:34,726006875+01:00
57.0139905
9.987284167
0.2376
nan
0.0
 
2019-03-18T11:59:35,111784752+01:00
57.0139905
9.987283833
0.2664
nan
0.0
 
2019-03-18T11:59:35,302995098+01:00
57.013990333
9.987283333
0.378
nan
0.0
 
2019-03-18T11:59:35,510464186+01:00
57.013990167
9.987282833
0.2232
nan
0.0
 
2019-03-18T11:59:35,708864593+01:00
57.013990333
9.9872825
0.2052
nan
0.0
 
2019-03-18T11:59:36,119322869+01:00
57.013990167
9.987281833
0.3816
nan
0.0
 
2019-03-18T11:59:36,328896006+01:00
57.013990333
9.987281667
0.1944
nan
0.0
 
2019-03-18T11:59:36,507666663+01:00
57.013990167
9.987281167
0.3276
nan
0.0
 
2019-03-18T11:59:36,704840583+01:00
57.013990167
9.987280833
0.036
nan
0.0
 
2019-03-18T11:59:36,908051474+01:00
57.013990167
9.987280667
0.0684
nan
0.0
 
2019-03-18T11:59:37,131449417+01:00
57.013990167
9.987280333
0.1296
nan
0.0
 
2019-03-18T11:59:37,326468315+01:00
57.013990167
9.987280333
0.0864
nan
0.0
 
2019-03-18T11:59:37,534909761+01:00
57.013990167
9.987280333
0.108
nan
0.0
 
2019-03-18T11:59:37,909263067+01:00
57.013990167
9.987279833
0.2232
nan
0.0
 
2019-03-18T11:59:38,104876240+01:00
57.013990167
9.987279667
0.0432
nan
0.0
 
2019-03-18T11:59:38,307521579+01:00
57.013990167
9.987279667
0.18
nan
0.0
 
2019-03-18T11:59:38,512037040+01:00
57.01399
9.9872795
0.09
nan
0.0
 
2019-03-18T11:59:38,708406319+01:00
57.01399
9.987279333
0.2232
nan
0.0
 
2019-03-18T11:59:38,904290930+01:00
57.01399
9.987279
0.4104
nan
0.0
 
2019-03-18T11:59:39,105459419+01:00
57.01399
9.987279
0.3384
nan
0.0
 
2019-03-18T11:59:39,339177902+01:00
57.013989833
9.987278833
0.3816
nan
0.0
 
2019-03-18T11:59:39,708601151+01:00
57.013989833
9.9872785
0.2484
nan
0.0
 
2019-03-18T11:59:39,931253124+01:00
57.013990167
9.987278333
0.3024
nan
0.0
 
2019-03-18T11:59:40,108236142+01:00
57.013990167
9.987278333
0.2232
nan
0.0
 
2019-03-18T11:59:40,305946726+01:00
57.013990333
9.987278167
0.3096
nan
0.0
 
2019-03-18T11:59:40,506234114+01:00
57.0139905
9.987278167
0.2016
nan
0.0
 
2019-03-18T11:59:40,703383109+01:00
57.0139905
9.987278
0.1872
nan
0.0
 
2019-03-18T11:59:40,905243794+01:00
57.0139905
9.987277833
0.2016
nan
0.0
 
2019-03-18T11:59:41,111671736+01:00
57.0139905
9.9872775
0.1008
nan
0.0
 
2019-03-18T11:59:41,311676548+01:00
57.013990667
9.9872775
0.054
nan
0.0
 
2019-03-18T11:59:41,508878090+01:00
57.0139905
9.987277
0.2088
nan
0.0
 
2019-03-18T11:59:41,711944661+01:00
57.0139905
9.987276667
0.0612
nan
0.0
 
2019-03-18T11:59:41,906888986+01:00
57.013990667
9.9872765
0.0936
nan
0.0
 
2019-03-18T11:59:42,102778009+01:00
57.0139905
9.987276333
0.1512
nan
0.0
 
2019-03-18T11:59:42,307264282+01:00
57.013990667
9.987276
0.1368
nan
0.0
 
2019-03-18T11:59:42,510728961+01:00
57.013990667
9.987275833
0.2088
nan
0.0
 
2019-03-18T11:59:42,708621774+01:00
57.0139905
9.987275667
0.1872
nan
0.0
 
2019-03-18T11:59:42,906964818+01:00
57.0139905
9.987275
0.3348
nan
0.0
 
2019-03-18T11:59:43,110273703+01:00
57.0139905
9.987274833
0.2124
nan
0.0
 
2019-03-18T11:59:43,309342391+01:00
57.0139905
9.9872745
0.5292
nan
0.0
 
2019-03-18T11:59:43,516059433+01:00
57.013990333
9.9872745
0.306
nan
0.0
 
2019-03-18T11:59:43,714499610+01:00
57.013990333
9.987273833
0.4464
nan
0.0
 
2019-03-18T11:59:43,904296751+01:00
57.013990167
9.9872735
0.3636
nan
0.0
 
2019-03-18T11:59:44,126187029+01:00
57.013990333
9.9872735
0.1296
nan
0.0
 
2019-03-18T11:59:44,303081200+01:00
57.013990167
9.987273
0.3132
nan
0.0
 
2019-03-18T11:59:44,502899343+01:00
57.013990167
9.987272833
0.288
nan
0.0
 
2019-03-18T11:59:44,712462153+01:00
57.013990167
9.987272667
0.2484
nan
0.0
 
2019-03-18T11:59:44,902757147+01:00
57.013990333
9.9872725
0.2268
nan
0.0
 
2019-03-18T11:59:45,108079447+01:00
57.01399
9.987272
0.3564
nan
0.0
 
2019-03-18T11:59:45,328228798+01:00
57.01399
9.987271667
0.3636
15.9
nan
 
2019-03-18T11:59:45,516249163+01:00
57.01399
9.987271667
0.0504
nan
0.0
 
2019-03-18T11:59:45,738072193+01:00
57.013989833
9.9872715
0.1836
nan
0.0
 
2019-03-18T11:59:45,907557825+01:00
57.013989833
9.987271
0.1008
nan
0.0
 
2019-03-18T11:59:46,106452732+01:00
57.013989833
9.9872705
0.1044
nan
0.0
 
2019-03-18T11:59:46,306480679+01:00
57.013989667
9.987270333
0.2376
nan
0.0
 
2019-03-18T11:59:46,511629311+01:00
57.013989667
9.98727
0.1692
nan
0.0
 
2019-03-18T11:59:46,722944520+01:00
57.0139895
9.987269667
0.1332
nan
0.0
 
2019-03-18T11:59:46,923614140+01:00
57.013989333
9.987269333
0.3672
nan
0.0
 
2019-03-18T11:59:47,304721793+01:00
57.013989333
9.987268833
0.2196
nan
0.0
 
2019-03-18T11:59:47,511255103+01:00
57.013989333
9.987268667
0.306
nan
0.0
 
2019-03-18T11:59:47,703895311+01:00
57.013989333
9.987268167
0.3276
nan
0.0
 
2019-03-18T11:59:47,906441464+01:00
57.013989333
9.987267833
0.432
nan
0.0
 
2019-03-18T11:59:48,109301666+01:00
57.013989333
9.987267833
0.2592
nan
0.0
 
2019-03-18T11:59:48,311842907+01:00
57.013989167
9.987267333
0.432
nan
0.0
 
2019-03-18T11:59:48,510686778+01:00
57.013989333
9.987267
0.1368
nan
0.0
 
2019-03-18T11:59:48,714335084+01:00
57.013989167
9.9872665
0.3528
nan
0.0
 
2019-03-18T11:59:48,910219405+01:00
57.013989167
9.987266333
0.3024
nan
0.0
 
2019-03-18T11:59:49,105781789+01:00
57.013989333
9.987266
0.2196
nan
0.0
 
2019-03-18T11:59:49,311431773+01:00
57.013989167
9.9872655
0.1404
nan
0.0
 
2019-03-18T11:59:49,540461086+01:00
57.013989167
9.987265167
0.216
nan
0.0
 
2019-03-18T11:59:49,906436837+01:00
57.013989167
9.987264333
0.1224
nan
0.0
 
2019-03-18T11:59:50,117585315+01:00
57.013989167
9.987263833
0.0648
nan
0.0
 
2019-03-18T11:59:50,305520832+01:00
57.013989167
9.987263333
0.1548
nan
0.0
 
2019-03-18T11:59:50,706407138+01:00
57.013989
9.9872625
0.2052
nan
0.0
 
2019-03-18T11:59:50,906650074+01:00
57.013989167
9.987262167
0.2268
nan
0.0
 
2019-03-18T11:59:51,107296856+01:00
57.013989333
9.987261833
0.1548
nan
0.0
 
2019-03-18T11:59:51,317150263+01:00
57.013989333
9.987261667
0.0576
nan
0.0
 
2019-03-18T11:59:51,512263003+01:00
57.0139895
9.987261167
0.1332
nan
0.0
 
2019-03-18T11:59:51,708405499+01:00
57.013989333
9.987260833
0.342
nan
0.0
 
2019-03-18T11:59:51,913145558+01:00
57.0139895
9.9872605
0.252
nan
0.0
 
2019-03-18T11:59:52,121525114+01:00
57.0139895
9.987260167
0.4572
nan
0.0
 
2019-03-18T11:59:52,503278287+01:00
57.013989667
9.9872595
0.0036
nan
0.0
 
2019-03-18T11:59:52,723600553+01:00
57.0139895
9.987258833
0.3096
nan
0.0
 
2019-03-18T11:59:52,913981779+01:00
57.0139895
9.987258333
0.2772
nan
0.0
 
2019-03-18T11:59:53,103953572+01:00
57.013989667
9.987257833
0.4356
nan
0.0
 
2019-03-18T11:59:53,314002969+01:00
57.013989667
9.987257333
0.2628
nan
0.0
 
2019-03-18T11:59:53,506778569+01:00
57.013989667
9.987256833
0.2844
nan
0.0
 
2019-03-18T11:59:53,706451154+01:00
57.013989667
9.9872565
0.1224
nan
0.0
 
2019-03-18T11:59:53,919226437+01:00
57.0139895
9.987255833
0.252
nan
0.0
 
2019-03-18T11:59:54,133881228+01:00
57.0139895
9.9872555
0.0828
nan
0.0
 
2019-03-18T11:59:54,338390196+01:00
57.013989667
9.987255167
0.0936
nan
0.0
 
2019-03-18T11:59:54,517271455+01:00
57.013989667
9.987255167
0.1512
nan
0.0
 
2019-03-18T11:59:54,725854627+01:00
57.0139895
9.987254333
0.0468
nan
0.0
 
2019-03-18T11:59:54,909041555+01:00
57.0139895
9.987254167
0.1224
nan
0.0
 
2019-03-18T11:59:55,118585824+01:00
57.013989333
9.987253833
0.1656
nan
0.0
 
2019-03-18T11:59:55,324089162+01:00
57.0139895
9.987253167
0.1188
nan
0.0
 
2019-03-18T11:59:55,510980497+01:00
57.013989333
9.987253
0.0936
nan
0.0
 
2019-03-18T11:59:55,710856684+01:00
57.013989333
9.9872525
0.1512
nan
0.0
 
2019-03-18T11:59:55,918610003+01:00
57.013989167
9.987251833
0.2088
nan
0.0
 
2019-03-18T11:59:56,106803308+01:00
57.013989
9.987251333
0.2988
nan
0.0
 
2019-03-18T11:59:56,322410983+01:00
57.013989
9.987250833
0.2916
nan
0.0
 
2019-03-18T11:59:56,712221464+01:00
57.013989
9.987249833
0.09
nan
0.0
 
2019-03-18T11:59:56,936439064+01:00
57.013989
9.9872495
0.108
nan
0.0
 
2019-03-18T11:59:57,126932671+01:00
57.013989
9.987248833
0.252
nan
0.0
 
2019-03-18T11:59:57,305628962+01:00
57.013989
9.987248333
0.1836
nan
0.0
 
2019-03-18T11:59:57,523989384+01:00
57.013988833
9.9872475
0.1872
nan
0.0
 
2019-03-18T11:59:57,732301428+01:00
57.013988833
9.987247
0.054
nan
0.0
 
2019-03-18T11:59:57,921472641+01:00
57.013988833
9.9872465
0.0648
nan
0.0
 
2019-03-18T11:59:58,111099122+01:00
57.013988667
9.987245833
0.0324
nan
0.0
 
2019-03-18T11:59:58,331668613+01:00
57.0139885
9.987245333
0.0792
nan
0.0
 
2019-03-18T11:59:58,507541410+01:00
57.0139885
9.987244833
0.072
nan
0.0
 
2019-03-18T11:59:58,707746608+01:00
57.013988667
9.987244167
0.018
nan
0.0
 
2019-03-18T11:59:58,909781816+01:00
57.013988667
9.987243667
0.0828
nan
0.0
 
2019-03-18T11:59:59,108600223+01:00
57.013988667
9.987243333
0.0288
nan
0.0
 
2019-03-18T11:59:59,511338720+01:00
57.0139885
9.987242167
0.2808
nan
0.0
 
2019-03-18T11:59:59,710647717+01:00
57.013988667
9.987241833
0.1512
nan
0.0
 
2019-03-18T11:59:59,915692986+01:00
57.0139885
9.9872415
0.1008
nan
0.0
 
2019-03-18T12:00:00,129298970+01:00
57.0139885
9.987240667
0.3492
nan
0.0
 
2019-03-18T12:00:00,314664029+01:00
57.013988667
9.987240667
0.1656
nan
0.0
 
2019-03-18T12:00:00,515771876+01:00
57.013988667
9.987239833
0.4572
nan
0.0
 
2019-03-18T12:00:00,710961809+01:00
57.013988667
9.9872395
0.1584
nan
0.0
 
2019-03-18T12:00:00,911610650+01:00
57.013988833
9.987238833
0.3132
nan
0.0
 
2019-03-18T12:00:01,115013900+01:00
57.013988833
9.987238333
0.2088
nan
0.0
 
2019-03-18T12:00:01,312547472+01:00
57.013988833
9.987238
0.1008
nan
0.0
 
2019-03-18T12:00:01,510846112+01:00
57.013988833
9.9872375
0.1728
nan
0.0
 
2019-03-18T12:00:01,709069592+01:00
57.013989
9.987236667
0.3204
nan
0.0
 
2019-03-18T12:00:01,929385317+01:00
57.013989
9.987236333
0.1656
nan
0.0
 
2019-03-18T12:00:02,123890367+01:00
57.013989
9.987235667
0.108
nan
0.0
 
2019-03-18T12:00:02,326341494+01:00
57.013989167
9.987235167
0.0792
nan
0.0
 
2019-03-18T12:00:02,511274908+01:00
57.013989333
9.987234833
0.1512
nan
0.0
 
2019-03-18T12:00:02,714985045+01:00
57.013989167
9.987234667
0.3168
nan
0.0
 
2019-03-18T12:00:02,907009748+01:00
57.013989333
9.987234167
0.126
nan
0.0
 
2019-03-18T12:00:03,112941516+01:00
57.0139895
9.987233833
0.162
nan
0.0
 
2019-03-18T12:00:03,323921871+01:00
57.013989333
9.987233333
0.234
nan
0.0
 
2019-03-18T12:00:03,510904587+01:00
57.0139895
9.987233
0.1512
nan
0.0
 
2019-03-18T12:00:03,715017506+01:00
57.0139895
9.987232667
0.1152
nan
0.0
 
2019-03-18T12:00:03,914792871+01:00
57.0139895
9.987232333
0.0864
nan
0.0
 
2019-03-18T12:00:04,106451989+01:00
57.0139895
9.987232167
0.0828
nan
0.0
 
2019-03-18T12:00:04,308260817+01:00
57.0139895
9.9872315
0.3744
nan
0.0
 
2019-03-18T12:00:04,506957339+01:00
57.013989667
9.987231333
0.342
nan
0.0
 
2019-03-18T12:00:04,721766945+01:00
57.0139895
9.987230833
0.486
nan
0.0
 
2019-03-18T12:00:04,907564523+01:00
57.013989667
9.987230333
0.5688
nan
0.0
 
2019-03-18T12:00:05,112059676+01:00
57.013989833
9.98723
0.324
nan
0.0
 
2019-03-18T12:00:05,306079332+01:00
57.013989833
9.987229667
0.1728
nan
0.0
 
2019-03-18T12:00:05,513972816+01:00
57.013989833
9.987229333
0.2808
nan
0.0
 
2019-03-18T12:00:05,708129792+01:00
57.013989833
9.987229
0.27
nan
0.0
 
2019-03-18T12:00:05,920314158+01:00
57.01399
9.9872285
0.3672
nan
0.0
 
2019-03-18T12:00:06,108533008+01:00
57.01399
9.987228167
0.234
nan
0.0
 
2019-03-18T12:00:06,317710001+01:00
57.013989833
9.987227833
0.1476
nan
0.0
 
2019-03-18T12:00:06,539739665+01:00
57.01399
9.987227333
0.1188
nan
0.0
 
2019-03-18T12:00:06,907083347+01:00
57.01399
9.987226333
0.1872
nan
0.0
 
2019-03-18T12:00:07,126588442+01:00
57.013989833
9.987225833
0.234
nan
0.0
 
2019-03-18T12:00:07,306852252+01:00
57.01399
9.987225333
0.1152
nan
0.0
 
2019-03-18T12:00:07,509376462+01:00
57.013989833
9.987224833
0.1764
nan
0.0
 
2019-03-18T12:00:07,725205812+01:00
57.013989833
9.987224333
0.0432
nan
0.0
 
2019-03-18T12:00:07,907716689+01:00
57.013989833
9.987223833
0.0432
nan
0.0
 
2019-03-18T12:00:08,117791543+01:00
57.013989667
9.9872235
0.126
nan
0.0
 
2019-03-18T12:00:08,339745010+01:00
57.013989833
9.987223167
0.1152
nan
0.0
 
2019-03-18T12:00:08,708583553+01:00
57.013989833
9.987222167
0.342
nan
0.0
 
2019-03-18T12:00:08,946213022+01:00
57.013989667
9.987221833
0.4356
nan
0.0
 
2019-03-18T12:00:09,316799192+01:00
57.013989667
9.987220833
0.3312
nan
0.0
 
2019-03-18T12:00:09,542528136+01:00
57.013989667
9.987220333
0.2844
nan
0.0
 
2019-03-18T12:00:09,912800757+01:00
57.013989667
9.987219833
0.2772
nan
0.0
 
2019-03-18T12:00:10,307864045+01:00
57.013989833
9.987219167
0.0468
nan
0.0
 
2019-03-18T12:00:10,514964911+01:00
57.013989833
9.987218833
0.1008
nan
0.0
 
2019-03-18T12:00:10,718702107+01:00
57.01399
9.987218333
0.1008
nan
0.0
 
2019-03-18T12:00:10,941260822+01:00
57.013989833
9.987218167
0.126
nan
0.0
 
2019-03-18T12:00:11,322043036+01:00
57.01399
9.9872175
0.1404
nan
0.0
 
2019-03-18T12:00:11,546421724+01:00
57.01399
9.987217167
0.1368
nan
0.0
 
2019-03-18T12:00:11,745134455+01:00
57.013990167
9.987216833
0.1368
nan
0.0
 
2019-03-18T12:00:11,938765951+01:00
57.013990167
9.987216667
0.0144
nan
0.0
 
2019-03-18T12:00:12,313935614+01:00
57.013990333
9.987215833
0.1404
nan
0.0
 
2019-03-18T12:00:12,511181419+01:00
57.0139905
9.987215333
0.1692
nan
0.0
 
2019-03-18T12:00:12,710672405+01:00
57.0139905
9.987215
0.1188
nan
0.0
 
2019-03-18T12:00:13,116167815+01:00
57.013990833
9.987214167
0.5328
nan
0.0
 
2019-03-18T12:00:13,340957497+01:00
57.013990833
9.9872135
0.5652
nan
0.0
 
2019-03-18T12:00:13,717458203+01:00
57.013991
9.987212667
0.3204
nan
0.0
 
2019-03-18T12:00:13,913189135+01:00
57.013991
9.987212333
0.2412
nan
0.0
 
2019-03-18T12:00:14,110629794+01:00
57.013991167
9.987211667
0.4248
nan
0.0
 
2019-03-18T12:00:14,315922022+01:00
57.013991333
9.9872115
0.288
nan
0.0
 
2019-03-18T12:00:14,526390945+01:00
57.013991333
9.987211
0.27
nan
0.0
 
2019-03-18T12:00:14,753386310+01:00
57.0139915
9.987210333
0.324
nan
0.0
 
2019-03-18T12:00:15,113927549+01:00
57.013991667
9.9872095
0.0864
nan
0.0
 
2019-03-18T12:00:15,316013212+01:00
57.013991833
9.987209
0.1584
nan
0.0
 
2019-03-18T12:00:15,532741421+01:00
57.013991667
9.987208833
0.3384
nan
0.0
 
2019-03-18T12:00:15,712798137+01:00
57.013991833
9.987208333
0.1224
nan
0.0
 
2019-03-18T12:00:15,919953750+01:00
57.013991833
9.987207667
0.1512
nan
0.0
 
2019-03-18T12:00:16,110461000+01:00
57.013991833
9.987207333
0.0504
nan
0.0
 
2019-03-18T12:00:16,334981331+01:00
57.013992
9.987207
0.0756
nan
0.0
 
2019-03-18T12:00:16,535093764+01:00
57.013992
9.987206833
0.0972
nan
0.0
 
2019-03-18T12:00:16,711281955+01:00
57.013992167
9.9872065
0.0972
nan
0.0
 
2019-03-18T12:00:16,916285420+01:00
57.013992167
9.987205833
0.2088
nan
0.0
 
2019-03-18T12:00:17,126179567+01:00
57.013992167
9.987205667
0.3852
nan
0.0
 
2019-03-18T12:00:17,526337523+01:00
57.013992333
9.987204833
0.3096
nan
0.0
 
2019-03-18T12:00:17,710956959+01:00
57.013992333
9.987204167
0.3744
nan
0.0
 
2019-03-18T12:00:17,914714276+01:00
57.0139925
9.987203833
0.252
nan
0.0
 
2019-03-18T12:00:18,122146051+01:00
57.0139925
9.9872035
0.252
nan
0.0
 
2019-03-18T12:00:18,316365957+01:00
57.0139925
9.987202833
0.4284
nan
0.0
 
2019-03-18T12:00:18,517177973+01:00
57.0139925
9.987202667
0.144
nan
0.0
 
2019-03-18T12:00:18,725828096+01:00
57.013992667
9.987202333
0.1116
nan
0.0
 
2019-03-18T12:00:18,949587683+01:00
57.013992667
9.987201667
0.0324
nan
0.0
 
2019-03-18T12:00:19,323580703+01:00
57.013992833
9.987200833
0.2844
nan
0.0
 
2019-03-18T12:00:19,522407252+01:00
57.013992833
9.987200333
0.2304
nan
0.0
 
2019-03-18T12:00:19,708233499+01:00
57.013992833
9.987200333
0.3708
nan
0.0
 
2019-03-18T12:00:20,118643385+01:00
57.013992833
9.987199167
0.0252
nan
0.0
 
2019-03-18T12:00:20,308489637+01:00
57.013992833
9.987199167
0.0684
nan
0.0
 
2019-03-18T12:00:20,508223985+01:00
57.013992833
9.987198833
0.1188
nan
0.0
 
2019-03-18T12:00:20,707951371+01:00
57.013993
9.987198167
0.0612
nan
0.0
 
2019-03-18T12:00:20,908528484+01:00
57.013993
9.9871975
0.2628
nan
0.0
 
2019-03-18T12:00:21,112878450+01:00
57.013993
9.987198
0.216
nan
0.0
 
2019-03-18T12:00:21,311321102+01:00
57.013993167
9.987197667
0.3204
nan
0.0
 
2019-03-18T12:00:21,517082971+01:00
57.013993167
9.9871975
0.1152
nan
0.0
 
2019-03-18T12:00:21,710140900+01:00
57.013993167
9.987196833
0.1656
nan
0.0
 
2019-03-18T12:00:21,918484860+01:00
57.013993167
9.9871965
0.054
nan
0.0
 
2019-03-18T12:00:22,112972054+01:00
57.0139935
9.987195833
0.1764
nan
0.0
 
2019-03-18T12:00:22,329075537+01:00
57.0139935
9.987195167
0.2628
nan
0.0
