
2019-04-15T14:59:51,193056414+02:00
57.013952652
9.98719846
0.2736
10.012
158.0784
 
2019-04-15T14:59:52,186762246+02:00
57.0139523
9.987201996
0.2772
9.406
137.8228
 
2019-04-15T14:59:53,188450414+02:00
57.013952818
9.987205046
0.2052
8.939
143.7044
 
2019-04-15T14:59:54,188256814+02:00
57.013952803
9.987206885
0.2412
8.618
151.8155
 
2019-04-15T14:59:58,192426754+02:00
57.0139855
9.9872755
0.4248
19.1
0.0
 
2019-04-15T14:59:59,194958647+02:00
57.013995
9.987246167
0.18
20.7
0.0
 
2019-04-15T15:00:00,197009441+02:00
57.01401
9.987247
0.0792
21.8
0.0
 
2019-04-15T15:00:01,202531541+02:00
57.014021667
9.987253
0.4212
24.1
0.0
 
2019-04-15T15:00:02,223756760+02:00
57.0140295
9.987258
0.2376
24.3
0.0
 
2019-04-15T15:00:03,215152243+02:00
57.014030667
9.9872605
0.2664
23.0
0.0
 
2019-04-15T15:00:04,193282156+02:00
57.014036167
9.987266833
0.054
22.5
0.0
 
2019-04-15T15:00:05,212115495+02:00
57.0140395
9.9872725
0.2304
22.3
0.0
 
2019-04-15T15:00:06,201623804+02:00
57.014042333
9.987276167
0.0612
22.1
0.0
 
2019-04-15T15:07:38,047737838+02:00
57.0140425
9.9872815
0.1872
21.4
0.0
 
2019-04-15T15:07:39,374841718+02:00
57.0140735
9.9872275
0.1368
26.2
0.0
 
2019-04-15T15:07:40,429642614+02:00
57.014074667
9.987228333
0.0612
26.1
0.0
 
2019-04-15T15:07:42,352575538+02:00
57.014077333
9.987230167
0.0216
26.1
0.0
 
