
2019-05-07T15:03:03,097489051+02:00
57.014015333
9.987212833
0.1512
nan
0.0
 
2019-05-07T15:03:03,497773942+02:00
57.014015667
9.987213833
0.3276
nan
0.0
 
2019-05-07T15:03:03,695769846+02:00
57.014015833
9.9872145
0.3636
nan
0.0
 
2019-05-07T15:03:03,889764431+02:00
57.014016
9.987214667
0.2988
nan
0.0
 
2019-05-07T15:03:04,093546988+02:00
57.014016333
9.9872145
0.09
nan
0.0
 
2019-05-07T15:03:04,292619209+02:00
57.0140165
9.987214333
0.0612
nan
0.0
 
2019-05-07T15:03:04,502185406+02:00
57.014016667
9.987213667
0.2736
nan
0.0
 
2019-05-07T15:03:04,690979561+02:00
57.014016333
9.987212167
0.5256
nan
0.0
 
2019-05-07T15:03:04,892581154+02:00
57.0140165
9.987211667
0.432
nan
0.0
 
2019-05-07T15:03:05,090765427+02:00
57.014016667
9.9872115
0.3924
nan
0.0
 
2019-05-07T15:03:05,296527083+02:00
57.014016333
9.987210667
0.4572
nan
0.0
 
2019-05-07T15:03:05,496689976+02:00
57.0140165
9.987210167
0.2772
nan
0.0
 
2019-05-07T15:03:05,698226681+02:00
57.014016833
9.98721
0.2664
nan
0.0
 
2019-05-07T15:03:05,894226352+02:00
57.014016833
9.987210333
0.1332
nan
0.0
 
2019-05-07T15:03:06,094636471+02:00
57.014017
9.987209167
0.198
nan
0.0
 
2019-05-07T15:03:06,494918892+02:00
57.014017
9.987207333
0.126
nan
0.0
 
2019-05-07T15:03:06,689896920+02:00
57.014017167
9.987207667
0.144
nan
0.0
 
2019-05-07T15:03:07,098994669+02:00
57.014017
9.987206
0.2124
nan
0.0
 
2019-05-07T15:03:07,495375500+02:00
57.014017333
9.987205667
0.0972
nan
0.0
 
2019-05-07T15:03:07,702041038+02:00
57.014017667
9.987206667
0.2052
nan
0.0
 
2019-05-07T15:03:08,301631032+02:00
57.014018833
9.987207333
0.27
nan
0.0
 
2019-05-07T15:03:08,691280433+02:00
57.0140185
9.987205833
0.0864
nan
0.0
 
2019-05-07T15:03:08,893912587+02:00
57.014018167
9.987205
0.3528
nan
0.0
 
2019-05-07T15:03:09,095111746+02:00
57.014018333
9.987204833
0.3168
nan
0.0
 
2019-05-07T15:03:09,305011936+02:00
57.014019
9.987205667
0.1944
nan
0.0
 
2019-05-07T15:03:09,694690308+02:00
57.014019333
9.987205667
0.18
nan
0.0
 
2019-05-07T15:03:10,098781524+02:00
57.014019333
9.987205167
0.18
nan
0.0
 
2019-05-07T15:03:10,498401944+02:00
57.01402
9.987206333
0.1872
nan
0.0
 
2019-05-07T15:03:10,894757365+02:00
57.014020167
9.987206667
0.1872
nan
0.0
 
2019-05-07T15:03:11,092300490+02:00
57.014020167
9.987206333
0.0468
nan
0.0
 
2019-05-07T15:03:11,323477395+02:00
57.014020667
9.987207167
0.4464
nan
0.0
 
2019-05-07T15:03:11,711725905+02:00
57.0140215
9.987208667
0.5832
nan
0.0
 
2019-05-07T15:03:11,938895862+02:00
57.0140215
9.987209
0.486
nan
0.0
 
2019-05-07T15:03:12,306662768+02:00
57.014021833
9.987209167
0.4536
nan
0.0
 
2019-05-07T15:03:12,694049169+02:00
57.014021833
9.987209167
0.486
nan
0.0
 
2019-05-07T15:03:12,895684710+02:00
57.014022
9.987209833
0.2448
nan
0.0
 
2019-05-07T15:03:13,304927805+02:00
57.0140215
9.987208333
0.0468
nan
0.0
 
2019-05-07T15:03:13,698882017+02:00
57.014021167
9.987208
0.0756
nan
0.0
 
2019-05-07T15:03:14,105428274+02:00
57.014021333
9.987208333
0.0468
nan
0.0
 
2019-05-07T15:03:14,497826887+02:00
57.014021
9.9872085
0.0612
nan
0.0
 
2019-05-07T15:03:14,698282848+02:00
57.014021
9.987208667
0.252
nan
0.0
 
2019-05-07T15:03:15,104503402+02:00
57.014020667
9.987207833
0.0612
nan
0.0
 
2019-05-07T15:03:15,494159890+02:00
57.014020333
9.987207333
0.2556
nan
0.0
 
2019-05-07T15:03:15,717406791+02:00
57.014019667
9.9872065
0.252
nan
0.0
 
2019-05-07T15:03:16,097707797+02:00
57.014019667
9.987206667
0.2412
nan
0.0
 
2019-05-07T15:03:16,297376087+02:00
57.014019333
9.987206167
0.144
nan
0.0
 
2019-05-07T15:03:16,690879441+02:00
57.0140185
9.987205333
0.162
nan
0.0
 
2019-05-07T15:03:17,102602295+02:00
57.014018
9.987204333
0.1188
nan
0.0
 
2019-05-07T15:03:17,333481364+02:00
57.014017667
9.987203833
0.1044
nan
0.0
 
2019-05-07T15:03:17,706012252+02:00
57.014017333
9.987203
0.1548
nan
0.0
 
2019-05-07T15:03:18,110463157+02:00
57.014016833
9.987202167
0.1584
nan
0.0
 
2019-05-07T15:03:18,497687026+02:00
57.014017
9.987201667
0.4608
nan
0.0
 
2019-05-07T15:03:18,731405793+02:00
57.014017333
9.9872015
0.612
41.6
0.0
 
2019-05-07T15:03:19,087957357+02:00
57.014017333
9.987201
0.2664
nan
0.0
 
2019-05-07T15:03:19,492578612+02:00
57.014017333
9.987200333
0.27
nan
0.0
 
2019-05-07T15:03:19,891809603+02:00
57.0140175
9.987200667
0.4968
nan
0.0
 
2019-05-07T15:03:20,135096059+02:00
57.014017333
9.987200167
0.0864
nan
0.0
 
2019-05-07T15:03:20,510224518+02:00
57.014017167
9.987198833
0.3168
nan
0.0
 
2019-05-07T15:03:20,899623275+02:00
57.014016833
9.987198167
0.27
nan
0.0
 
2019-05-07T15:03:21,094993579+02:00
57.014017
9.987198
0.0936
nan
0.0
 
2019-05-07T15:03:21,488499061+02:00
57.014017
9.9871975
0.2016
nan
0.0
 
2019-05-07T15:03:21,887028421+02:00
57.014017333
9.987197167
0.072
nan
0.0
 
2019-05-07T15:03:22,492744726+02:00
57.014018
9.987197167
0.1728
nan
0.0
 
2019-05-07T15:03:22,897572595+02:00
57.014018
9.987196667
0.2556
nan
0.0
 
2019-05-07T15:03:23,094229773+02:00
57.014017833
9.987196
0.0576
nan
0.0
 
2019-05-07T15:03:23,495648430+02:00
57.014017333
9.987195
0.1404
nan
0.0
 
2019-05-07T15:03:23,905677354+02:00
57.014017333
9.9871955
0.234
nan
0.0
 
2019-05-07T15:03:24,496667037+02:00
57.014017833
9.987196
0.3708
nan
0.0
 
2019-05-07T15:03:24,895636520+02:00
57.014017
9.987195333
0.1728
nan
0.0
 
2019-05-07T15:03:25,297007272+02:00
57.014016167
9.987194333
0.216
nan
0.0
 
2019-05-07T15:03:25,896961338+02:00
57.0140165
9.987195167
0.3348
nan
0.0
 
2019-05-07T15:03:26,305279303+02:00
57.014016333
9.987195333
0.3312
nan
0.0
 
2019-05-07T15:03:26,705883041+02:00
57.014016
9.987194333
0.2952
nan
0.0
 
2019-05-07T15:03:27,102110711+02:00
57.014016333
9.987194333
0.5148
nan
0.0
 
2019-05-07T15:03:27,502553238+02:00
57.014016333
9.9871935
0.306
nan
0.0
 
2019-05-07T15:03:27,890550264+02:00
57.014015
9.987192
0.3276
nan
0.0
 
2019-05-07T15:03:28,094251497+02:00
57.014014667
9.987190833
0.2844
nan
0.0
 
2019-05-07T15:03:28,510721644+02:00
57.014013667
9.987187833
0.4752
nan
0.0
 
2019-05-07T15:03:28,893282339+02:00
57.014013333
9.987186167
0.4032
nan
0.0
 
2019-05-07T15:03:29,297892298+02:00
57.0140125
9.987184833
0.4608
nan
0.0
 
2019-05-07T15:03:29,915256351+02:00
57.014011333
9.987182333
0.2628
nan
0.0
 
2019-05-07T15:03:30,299029173+02:00
57.014010833
9.987181667
0.1512
nan
0.0
 
2019-05-07T15:03:30,692896289+02:00
57.014009167
9.9871795
0.4752
nan
0.0
 
2019-05-07T15:03:31,301815307+02:00
57.014007667
9.987177833
0.6804
nan
0.0
 
2019-05-07T15:03:31,704650489+02:00
57.0140065
9.987176833
0.6984
nan
0.0
 
2019-05-07T15:03:32,101997689+02:00
57.014003833
9.987175333
1.332
nan
127.13
 
2019-05-07T15:03:32,497154629+02:00
57.014002167
9.987174167
1.386
nan
162.01
 
2019-05-07T15:03:32,913680888+02:00
57.013999
9.987172667
2.0268
nan
182.15
 
2019-05-07T15:03:33,315291044+02:00
57.013997833
9.987171667
1.584
nan
188.1
 
2019-05-07T15:03:33,695562738+02:00
57.013999167
9.987172333
0.7128
nan
0.0
 
2019-05-07T15:03:33,888541706+02:00
57.013999333
9.987172167
0.6228
nan
0.0
 
2019-05-07T15:03:34,290166065+02:00
57.013999333
9.987172167
0.6624
nan
0.0
 
2019-05-07T15:03:34,711574266+02:00
57.014000667
9.987172833
0.0828
nan
0.0
 
2019-05-07T15:03:35,305921930+02:00
57.0139985
9.987172
0.8676
nan
0.0
 
2019-05-07T15:03:35,693003314+02:00
57.013998667
9.987171833
0.6516
nan
0.0
 
2019-05-07T15:03:36,130925162+02:00
57.013998667
9.987172
0.4572
nan
0.0
 
2019-05-07T15:03:36,698138150+02:00
57.013999333
9.987173167
0.4644
nan
0.0
 
2019-05-07T15:03:37,097165575+02:00
57.013999167
9.987173333
0.432
nan
0.0
 
2019-05-07T15:03:37,308454591+02:00
57.014000167
9.987174333
0.3492
nan
0.0
 
2019-05-07T15:03:37,694739436+02:00
57.014001167
9.987175
0.072
nan
0.0
 
2019-05-07T15:03:38,294132961+02:00
57.014002333
9.987176333
0.2844
nan
0.0
 
2019-05-07T15:03:38,701253672+02:00
57.014002667
9.987176833
0.1008
nan
0.0
 
2019-05-07T15:03:39,089589088+02:00
57.014002333
9.987177167
0.18
nan
0.0
 
2019-05-07T15:03:39,291433397+02:00
57.014001
9.987177167
0.8748
nan
0.0
 
2019-05-07T15:03:39,695124990+02:00
57.014002833
9.9871785
0.054
nan
0.0
 
2019-05-07T15:03:39,919429302+02:00
57.014002333
9.9871785
0.3132
nan
0.0
 
2019-05-07T15:03:40,296977898+02:00
57.014003167
9.987179167
0.0864
nan
0.0
 
2019-05-07T15:03:40,700661913+02:00
57.014003667
9.987180167
0.072
nan
0.0
 
2019-05-07T15:03:41,095890349+02:00
57.014004667
9.987181333
0.0828
nan
0.0
 
2019-05-07T15:03:41,488863628+02:00
57.014005167
9.9871825
0.3888
nan
0.0
 
2019-05-07T15:03:41,690922919+02:00
57.014005167
9.987183
0.3528
nan
0.0
 
2019-05-07T15:03:42,098377409+02:00
57.0140075
9.987184333
0.8064
nan
0.0
 
2019-05-07T15:03:42,302466882+02:00
57.014008333
9.987184667
0.684
nan
0.0
 
2019-05-07T15:03:42,515432386+02:00
57.014009
9.9871855
0.7128
nan
0.0
 
2019-05-07T15:03:42,901445399+02:00
57.014010333
9.9871865
0.8028
nan
0.0
 
2019-05-07T15:03:43,126383091+02:00
57.01401
9.987187
0.324
nan
0.0
 
2019-05-07T15:03:43,698481261+02:00
57.014012333
9.987188833
0.4428
nan
0.0
 
2019-05-07T15:03:44,106138263+02:00
57.014013167
9.987189833
0.396
nan
0.0
 
2019-05-07T15:03:44,695053541+02:00
57.014014833
9.987191833
0.4932
nan
0.0
 
2019-05-07T15:03:45,310149225+02:00
57.014016167
9.987193667
0.2736
nan
0.0
 
2019-05-07T15:03:45,890637926+02:00
57.014018
9.987195667
0.0828
nan
0.0
 
2019-05-07T15:03:46,299659016+02:00
57.0140195
9.987197167
0.1728
nan
0.0
 
2019-05-07T15:03:46,532896534+02:00
57.014019167
9.987197167
0.036
45.8
0.0
 
2019-05-07T15:03:46,909968916+02:00
57.014020333
9.987198667
0.108
nan
0.0
 
2019-05-07T15:03:47,108135541+02:00
57.014020667
9.987198833
0.0684
nan
0.0
 
2019-05-07T15:03:47,508158415+02:00
57.014021333
9.9871995
0.018
nan
0.0
 
2019-05-07T15:03:47,718845448+02:00
57.014021833
9.987200167
0.0432
nan
0.0
 
2019-05-07T15:03:47,926261885+02:00
57.0140225
9.987200833
0.0648
nan
0.0
 
2019-05-07T15:03:48,295775946+02:00
57.014023
9.987201833
0.0684
nan
0.0
 
2019-05-07T15:03:48,694882729+02:00
57.014023833
9.987202333
0.0936
nan
0.0
 
2019-05-07T15:03:49,297141521+02:00
57.0140245
9.987203
0.1152
nan
0.0
 
2019-05-07T15:03:49,516464968+02:00
57.014025
9.9872035
0.126
nan
0.0
 
2019-05-07T15:03:50,093710887+02:00
57.014026333
9.987204167
0.2016
nan
0.0
 
2019-05-07T15:03:50,706306329+02:00
57.014027
9.987204667
0.09
nan
0.0
 
2019-05-07T15:03:51,298432682+02:00
57.0140285
9.987205167
0.1944
nan
0.0
 
2019-05-07T15:03:51,706080653+02:00
57.014029667
9.987205833
0.2412
nan
0.0
 
2019-05-07T15:03:52,099859660+02:00
57.014030833
9.9872065
0.2772
nan
0.0
 
2019-05-07T15:03:52,499212109+02:00
57.014032
9.987207167
0.2808
nan
0.0
 
2019-05-07T15:03:52,906189329+02:00
57.014033
9.987207833
0.27
nan
0.0
 
2019-05-07T15:03:53,305078138+02:00
57.014034333
9.987209
0.3384
nan
0.0
 
2019-05-07T15:03:53,697956091+02:00
57.014035
9.98721
0.216
nan
0.0
 
2019-05-07T15:03:53,897080726+02:00
57.014035667
9.987210167
0.2052
nan
0.0
 
2019-05-07T15:03:54,110717765+02:00
57.014035667
9.987210333
0.1764
nan
0.0
 
2019-05-07T15:03:54,705329748+02:00
57.0140365
9.9872105
0.1224
nan
0.0
 
2019-05-07T15:03:55,097811159+02:00
57.014037667
9.987211
0.108
nan
0.0
 
2019-05-07T15:03:55,501005884+02:00
57.014038833
9.987212
0.144
nan
0.0
 
2019-05-07T15:03:55,734694821+02:00
57.0140395
9.987212167
0.2088
nan
0.0
 
2019-05-07T15:03:56,105285612+02:00
57.0140405
9.987212667
0.2772
nan
0.0
 
2019-05-07T15:03:56,692323841+02:00
57.0140415
9.987213333
0.09
nan
0.0
 
2019-05-07T15:03:57,097751125+02:00
57.0140425
9.987214167
0.1332
nan
0.0
 
2019-05-07T15:03:57,500339252+02:00
57.014043167
9.987214833
0.126
nan
0.0
 
2019-05-07T15:03:57,895462813+02:00
57.014043833
9.9872155
0.036
nan
0.0
 
2019-05-07T15:03:58,300952770+02:00
57.014045333
9.987216333
0.0576
nan
0.0
 
2019-05-07T15:03:58,694246056+02:00
57.0140465
9.987217667
0.0648
nan
0.0
 
2019-05-07T15:03:59,090897256+02:00
57.014047833
9.9872185
0.0396
nan
0.0
 
2019-05-07T15:03:59,511106861+02:00
57.014048833
9.987219
0.1296
nan
0.0
 
2019-05-07T15:04:00,107105771+02:00
57.014050167
9.987220167
0.2592
nan
0.0
 
2019-05-07T15:04:00,492315652+02:00
57.014050833
9.987220333
0.0756
nan
0.0
 
2019-05-07T15:04:00,898014934+02:00
57.014052
9.987220833
0.1692
nan
0.0
 
2019-05-07T15:04:01,501953298+02:00
57.014053167
9.987221333
0.0576
nan
0.0
 
2019-05-07T15:04:02,102312770+02:00
57.014054167
9.987221333
0.0612
nan
0.0
 
2019-05-07T15:04:02,500342405+02:00
57.0140555
9.987221
0.252
nan
0.0
 
2019-05-07T15:04:02,706141406+02:00
57.014056
9.987221333
0.18
nan
0.0
 
2019-05-07T15:04:03,094263227+02:00
57.014056667
9.987221167
0.0036
nan
0.0
 
2019-05-07T15:04:04,515335718+02:00
57.014058167
9.987220833
0.1872
nan
0.0
 
2019-05-07T15:04:04,901116240+02:00
57.014059
9.987222167
0.2592
nan
0.0
 
2019-05-07T15:04:05,503323315+02:00
57.01406
9.987222167
0.2124
nan
0.0
 
2019-05-07T15:04:05,898022813+02:00
57.014061
9.987221833
0.0216
nan
0.0
 
2019-05-07T15:04:06,301658785+02:00
57.014062333
9.987222
0.0684
nan
0.0
 
2019-05-07T15:04:06,900961823+02:00
57.014063333
9.987221833
0.1512
nan
0.0
 
2019-05-07T15:04:07,499134769+02:00
57.014064333
9.987222167
0.1548
nan
0.0
 
2019-05-07T15:04:07,916139259+02:00
57.014064667
9.987222167
0.1008
nan
0.0
 
2019-05-07T15:04:08,305087953+02:00
57.014065333
9.987222
0.0684
nan
0.0
 
2019-05-07T15:04:08,518326938+02:00
57.014065333
9.987222333
0.1656
nan
0.0
 
2019-05-07T15:04:08,899999933+02:00
57.0140655
9.987222167
0.2268
nan
0.0
 
2019-05-07T15:04:09,295587911+02:00
57.0140665
9.987221833
0.036
nan
0.0
 
2019-05-07T15:04:09,902843002+02:00
57.0140665
9.987220833
0.2844
nan
0.0
 
