
2019-05-07T15:50:02,823072095+02:00
57.014075167
9.987228
0.2772
nan
0.0
 
2019-05-07T15:50:03,028817441+02:00
57.014074667
9.987227833
0.1692
nan
0.0
 
2019-05-07T15:50:03,224641362+02:00
57.014074
9.987228
0.1224
nan
0.0
 
2019-05-07T15:50:03,628626069+02:00
57.014073
9.987228667
0.2088
nan
0.0
 
2019-05-07T15:50:03,825042572+02:00
57.014072333
9.987228833
0.0648
nan
0.0
 
2019-05-07T15:50:04,227180032+02:00
57.014071667
9.987229167
0.0432
nan
0.0
 
2019-05-07T15:50:04,426234033+02:00
57.014071
9.987229833
0.1944
nan
0.0
 
2019-05-07T15:50:04,624169723+02:00
57.014070833
9.98723
0.2196
nan
0.0
 
2019-05-07T15:50:04,825168438+02:00
57.014070333
9.987230167
0.0072
nan
0.0
 
2019-05-07T15:50:05,027406499+02:00
57.014069833
9.98723
0.1188
nan
0.0
 
2019-05-07T15:50:05,235258433+02:00
57.0140695
9.987230167
0.108
nan
0.0
 
2019-05-07T15:50:05,615156572+02:00
57.014068
9.987230333
0.2664
nan
0.0
 
2019-05-07T15:50:06,009885246+02:00
57.014065667
9.9872315
0.0432
nan
0.0
 
2019-05-07T15:50:06,209325446+02:00
57.014064167
9.987231833
0.2448
nan
0.0
 
2019-05-07T15:50:06,404469754+02:00
57.014063
9.987232167
0.108
nan
0.0
 
2019-05-07T15:50:06,604990531+02:00
57.014062
9.987232167
0.0864
nan
0.0
 
2019-05-07T15:50:06,798596223+02:00
57.014061
9.9872325
0.1872
nan
0.0
 
2019-05-07T15:50:07,014734401+02:00
57.014060333
9.987233
0.054
nan
0.0
 
2019-05-07T15:50:07,389572397+02:00
57.014058833
9.987234167
0.09
nan
0.0
 
2019-05-07T15:50:07,596209987+02:00
57.0140585
9.987234333
0.072
nan
0.0
 
2019-05-07T15:50:07,997602380+02:00
57.014057167
9.987234667
0.0828
nan
0.0
 
2019-05-07T15:50:08,186605810+02:00
57.014057
9.987235167
0.0936
nan
0.0
 
2019-05-07T15:50:08,592221782+02:00
57.014056667
9.9872355
0.1404
nan
0.0
 
2019-05-07T15:50:08,972107109+02:00
57.014055333
9.987236833
0.2808
nan
0.0
 
2019-05-07T15:50:09,376335290+02:00
57.014054167
9.987237833
0.1008
nan
0.0
 
2019-05-07T15:50:09,770472062+02:00
57.014053167
9.987238667
0.1728
nan
0.0
 
2019-05-07T15:50:10,183558173+02:00
57.014051833
9.987239167
0.0396
nan
0.0
 
2019-05-07T15:50:10,562595610+02:00
57.014050833
9.987239833
0.1008
nan
0.0
 
2019-05-07T15:50:10,959266676+02:00
57.014049833
9.987240833
0.3132
nan
0.0
 
2019-05-07T15:50:11,355139982+02:00
57.014048833
9.987241167
0.0072
nan
0.0
 
2019-05-07T15:50:11,760184308+02:00
57.014047833
9.987241667
0.1476
nan
0.0
 
2019-05-07T15:50:12,162310556+02:00
57.014046833
9.987243
0.1116
nan
0.0
 
2019-05-07T15:50:12,576330223+02:00
57.014046167
9.987244333
0.1296
nan
0.0
 
2019-05-07T15:50:12,962758767+02:00
57.014045833
9.987246333
0.126
nan
0.0
 
2019-05-07T15:50:13,342281984+02:00
57.014045167
9.987248
0.036
nan
0.0
 
2019-05-07T15:50:13,749235124+02:00
57.014043667
9.987249333
0.0756
nan
0.0
 
2019-05-07T15:50:14,333664766+02:00
57.014041833
9.987251333
0.0828
nan
0.0
 
2019-05-07T15:50:14,576167896+02:00
57.014041167
9.987252
0.2232
nan
0.0
 
2019-05-07T15:50:14,941350208+02:00
57.014040167
9.987253167
0.0864
nan
0.0
 
2019-05-07T15:50:15,325767983+02:00
57.014039167
9.987253667
0.3564
nan
0.0
 
2019-05-07T15:50:15,576238839+02:00
57.014039
9.9872545
0.0612
nan
0.0
 
2019-05-07T15:50:16,133933022+02:00
57.014037667
9.987255833
0.0072
nan
0.0
 
2019-05-07T15:50:16,543888739+02:00
57.014036833
9.987256667
0.2304
nan
0.0
 
2019-05-07T15:50:16,948024056+02:00
57.014036167
9.987257833
0.036
nan
0.0
 
2019-05-07T15:50:17,527028771+02:00
57.014035
9.987258833
0.0828
nan
0.0
 
2019-05-07T15:50:17,944571249+02:00
57.014033833
9.987259167
0.0288
nan
0.0
 
2019-05-07T15:50:18,326518322+02:00
57.014033333
9.987259333
0.072
nan
0.0
 
2019-05-07T15:50:18,731068227+02:00
57.014032833
9.987260333
0.054
nan
0.0
 
2019-05-07T15:50:19,117642084+02:00
57.014031833
9.987261333
0.1548
nan
0.0
 
2019-05-07T15:50:19,510516170+02:00
57.014030667
9.987261833
0.234
nan
0.0
 
2019-05-07T15:50:19,919855548+02:00
57.01403
9.9872625
0.144
nan
0.0
 
2019-05-07T15:50:20,320339500+02:00
57.014028833
9.987263167
0.1188
nan
0.0
 
2019-05-07T15:50:20,512382830+02:00
57.014028333
9.987263833
0.3348
nan
0.0
 
2019-05-07T15:50:20,911087532+02:00
57.014026833
9.987263833
0.1008
nan
0.0
 
2019-05-07T15:50:21,524107125+02:00
57.014025667
9.987264333
0.1008
nan
0.0
 
2019-05-07T15:50:21,923918484+02:00
57.014025167
9.987264667
0.108
nan
0.0
 
2019-05-07T15:50:22,317384572+02:00
57.0140245
9.9872655
0.1008
nan
0.0
 
2019-05-07T15:50:22,709997900+02:00
57.0140235
9.987265333
0.09
nan
0.0
 
2019-05-07T15:50:23,136732028+02:00
57.014021667
9.987265833
0.1404
nan
0.0
 
2019-05-07T15:50:23,708650380+02:00
57.014019333
9.987266
0.0828
nan
0.0
 
2019-05-07T15:50:24,109533479+02:00
57.014017667
9.987266167
0.0324
nan
0.0
 
2019-05-07T15:50:24,540092760+02:00
57.014015833
9.987266167
0.1152
nan
0.0
 
2019-05-07T15:50:24,905781216+02:00
57.0140145
9.987266167
0.0612
nan
0.0
 
2019-05-07T15:50:25,300975845+02:00
57.0140135
9.987266167
0.0936
nan
0.0
 
2019-05-07T15:50:25,705626546+02:00
57.014012333
9.987266333
0.144
nan
0.0
 
2019-05-07T15:50:26,134854877+02:00
57.0140105
9.987266167
0.1044
nan
0.0
 
2019-05-07T15:50:26,505170396+02:00
57.014009667
9.987266167
0.0108
nan
0.0
 
2019-05-07T15:50:26,935069633+02:00
57.014008667
9.987266333
0.0828
nan
0.0
 
2019-05-07T15:50:27,321202819+02:00
57.014007667
9.987266833
0.1764
nan
0.0
 
2019-05-07T15:50:27,701388339+02:00
57.014006667
9.987267333
0.1368
nan
0.0
 
2019-05-07T15:50:28,099921693+02:00
57.014005833
9.987267667
0.0612
nan
0.0
 
2019-05-07T15:50:28,309813945+02:00
57.0140055
9.987267667
0.0972
nan
0.0
 
2019-05-07T15:50:28,714726372+02:00
57.014004333
9.987268167
0.1692
nan
0.0
 
2019-05-07T15:50:29,115268794+02:00
57.014003667
9.987268333
0.0108
nan
0.0
 
2019-05-07T15:50:29,506560764+02:00
57.014002833
9.9872685
0.0756
nan
0.0
 
2019-05-07T15:50:29,916541146+02:00
57.014002
9.9872685
0.1044
nan
0.0
 
2019-05-07T15:50:30,313659221+02:00
57.014001167
9.9872685
0.0468
nan
0.0
 
2019-05-07T15:50:30,698501946+02:00
57.014
9.987268833
0.1296
nan
0.0
 
2019-05-07T15:50:31,118068757+02:00
57.0139995
9.987269167
0.1152
nan
0.0
 
2019-05-07T15:50:31,500938873+02:00
57.013998667
9.987269167
0.072
nan
0.0
 
2019-05-07T15:50:31,904044205+02:00
57.013997667
9.987268833
0.09
nan
0.0
 
2019-05-07T15:50:32,298663772+02:00
57.013997
9.987268833
0.1764
nan
0.0
 
2019-05-07T15:50:32,541875738+02:00
57.013996667
9.987268833
0.0432
nan
0.0
 
2019-05-07T15:50:32,929111643+02:00
57.013996167
9.987269
0.0756
nan
0.0
 
2019-05-07T15:50:33,317006619+02:00
57.0139955
9.987269
0.1728
nan
0.0
 
2019-05-07T15:50:33,727474615+02:00
57.013995167
9.987269167
0.1116
nan
0.0
 
2019-05-07T15:50:34,101961030+02:00
57.013994833
9.987269167
0.1548
nan
0.0
 
2019-05-07T15:50:34,518195718+02:00
57.013994167
9.987269
0.0864
nan
0.0
 
2019-05-07T15:50:34,884825257+02:00

 
