
2019-05-12T18:30:15,926035122+02:00
57.050990833
9.923020667
0.3924
nan
0.0
 
2019-05-12T18:30:16,126062776+02:00
57.050991
9.923020833
0.1548
nan
0.0
 
2019-05-12T18:30:16,519787062+02:00
57.050991167
9.923021
0.2304
nan
0.0
 
2019-05-12T18:30:16,723883688+02:00
57.050991167
9.923021
0.0504
nan
0.0
 
2019-05-12T18:30:16,926062590+02:00
57.050991
9.923020833
0.1404
nan
0.0
 
2019-05-12T18:30:17,330275356+02:00
57.050991
9.923021
0.1368
nan
0.0
 
2019-05-12T18:30:17,524847734+02:00
57.050991
9.923021
0.0576
nan
0.0
 
2019-05-12T18:30:17,725990886+02:00
57.050990833
9.923020833
0.1404
nan
0.0
 
2019-05-12T18:30:18,126127968+02:00
57.050991
9.923020833
0.2268
nan
0.0
 
2019-05-12T18:30:18,325776896+02:00
57.050990833
9.923020667
0.0864
nan
0.0
 
2019-05-12T18:30:18,525397721+02:00
57.050991
9.923020667
0.0396
nan
0.0
 
2019-05-12T18:30:18,725494121+02:00
57.050991
9.923020833
0.1764
nan
0.0
 
2019-05-12T18:30:18,924516542+02:00
57.050991
9.923021
0.1548
nan
0.0
 
2019-05-12T18:30:19,123525041+02:00
57.050991
9.923020667
0.1296
nan
0.0
 
2019-05-12T18:30:19,329383349+02:00
57.050991
9.923020667
0.0432
nan
0.0
 
2019-05-12T18:30:19,522244800+02:00
57.050991167
9.923020833
0.144
nan
0.0
 
2019-05-12T18:30:19,724950338+02:00
57.050991
9.923020667
0.2988
nan
0.0
 
2019-05-12T18:30:19,924060460+02:00
57.050991
9.923020833
0.0216
nan
0.0
 
2019-05-12T18:30:20,129400701+02:00
57.050991
9.923020833
0.0756
nan
0.0
 
2019-05-12T18:30:20,324969119+02:00
57.050991
9.923020833
0.0576
nan
0.0
 
2019-05-12T18:30:20,522969851+02:00
57.050991167
9.923021
0.216
nan
0.0
 
2019-05-12T18:30:20,719443202+02:00
57.050991
9.923021
0.1224
nan
0.0
 
2019-05-12T18:30:20,929016415+02:00
57.0509905
9.923020667
0.414
nan
0.0
 
2019-05-12T18:30:21,129883474+02:00
57.0509905
9.923020833
0.18
nan
0.0
 
2019-05-12T18:30:21,328184526+02:00
57.050990667
9.923020833
0.144
nan
0.0
 
2019-05-12T18:30:21,727516961+02:00
57.050990667
9.923020833
0.0612
nan
0.0
 
2019-05-12T18:30:21,945022539+02:00
57.050990667
9.923020833
0.0828
nan
0.0
 
2019-05-12T18:30:22,163143089+02:00
57.050990833
9.923021
0.1836
nan
0.0
 
2019-05-12T18:30:22,530141172+02:00
57.050990667
9.923020833
0.2376
nan
0.0
 
2019-05-12T18:30:22,740361029+02:00
57.050990333
9.923020667
0.108
nan
0.0
 
2019-05-12T18:30:22,925974516+02:00
57.050990333
9.923020667
0.0828
nan
0.0
 
2019-05-12T18:30:23,140092821+02:00
57.050990333
9.9230205
0.0432
nan
0.0
 
2019-05-12T18:30:23,337480630+02:00
57.050990167
9.9230205
0.0396
nan
0.0
 
2019-05-12T18:30:23,526483623+02:00
57.05099
9.9230205
0.1404
nan
0.0
 
2019-05-12T18:30:23,742408819+02:00
57.05099
9.923020333
0.0684
nan
0.0
 
2019-05-12T18:30:24,127484056+02:00
57.050989833
9.9230205
0.2592
nan
0.0
 
2019-05-12T18:30:24,342157176+02:00
57.050989833
9.923020333
0.0864
nan
0.0
 
2019-05-12T18:30:24,726167834+02:00
57.0509895
9.923020333
0.1512
nan
0.0
 
2019-05-12T18:30:24,940269662+02:00
57.050989667
9.923020333
0.0216
nan
0.0
 
2019-05-12T18:30:25,123287971+02:00
57.0509895
9.923020333
0.0684
nan
0.0
 
2019-05-12T18:30:25,352710289+02:00
57.0509895
9.9230205
0.1404
nan
0.0
 
2019-05-12T18:30:25,734728994+02:00
57.050989833
9.923020667
0.306
nan
0.0
 
2019-05-12T18:30:25,970147774+02:00
57.05099
9.923020667
0.1584
nan
0.0
 
2019-05-12T18:30:26,325897729+02:00
57.0509895
9.9230205
0.0648
nan
0.0
 
2019-05-12T18:30:26,539467569+02:00
57.050989333
9.9230205
0.1116
nan
0.0
 
2019-05-12T18:30:26,925383261+02:00
57.050988667
9.923020333
0.198
nan
0.0
 
2019-05-12T18:30:27,125939414+02:00
57.050988667
9.923020333
0.072
nan
0.0
 
2019-05-12T18:30:27,329481588+02:00
57.050989
9.9230205
0.0612
nan
0.0
 
2019-05-12T18:30:27,734745654+02:00
57.050988667
9.923020333
0.1404
nan
0.0
 
2019-05-12T18:30:28,130594112+02:00
57.050988833
9.9230205
0.072
nan
0.0
 
2019-05-12T18:30:28,526171073+02:00
57.050988833
9.9230205
0.1548
nan
0.0
 
2019-05-12T18:30:28,771457844+02:00
57.050989
9.9230205
0.1656
nan
0.0
 
2019-05-12T18:30:29,122468572+02:00
57.050989167
9.923020667
0.2592
nan
0.0
 
2019-05-12T18:30:29,331637825+02:00
57.050989167
9.923020333
0.2088
nan
0.0
 
2019-05-12T18:30:29,522493972+02:00
57.050989167
9.923020333
0.234
nan
0.0
 
2019-05-12T18:30:29,726333238+02:00
57.050989333
9.9230205
0.0972
nan
0.0
 
2019-05-12T18:30:29,921267355+02:00
57.050989333
9.9230205
0.252
nan
0.0
 
2019-05-12T18:30:30,126538134+02:00
57.050989333
9.9230205
0.0396
nan
0.0
 
2019-05-12T18:30:30,322397397+02:00
57.0509895
9.9230205
0.0432
nan
0.0
 
2019-05-12T18:30:30,525762865+02:00
57.050989333
9.9230205
0.0648
nan
0.0
 
2019-05-12T18:30:30,923392829+02:00
57.050989667
9.9230205
0.324
nan
0.0
 
2019-05-12T18:30:31,130722616+02:00
57.050989667
9.9230205
0.2448
nan
0.0
 
2019-05-12T18:30:31,367712539+02:00
57.05099
9.9230205
0.3492
nan
0.0
 
2019-05-12T18:30:31,724517859+02:00
57.05099
9.923020333
0.1116
nan
0.0
 
2019-05-12T18:30:31,969840311+02:00
57.050989667
9.923020333
0.0288
nan
0.0
 
2019-05-12T18:30:32,326382146+02:00
57.050989667
9.923020167
0.1008
nan
0.0
 
2019-05-12T18:30:32,526592344+02:00
57.050989333
9.923020167
0.216
nan
0.0
 
2019-05-12T18:30:32,926337705+02:00
57.050989167
9.923020333
0.3276
nan
0.0
 
2019-05-12T18:30:33,144260203+02:00
57.050989333
9.923020167
0.1944
nan
0.0
 
2019-05-12T18:30:33,327416764+02:00
57.050989167
9.923020333
0.0828
nan
0.0
 
2019-05-12T18:30:33,724590208+02:00
57.0509885
9.92302
0.1512
nan
0.0
 
2019-05-12T18:30:33,930457687+02:00
57.050988
9.923019833
0.4896
nan
0.0
 
2019-05-12T18:30:34,123774082+02:00
57.050988
9.92302
0.2124
nan
0.0
 
2019-05-12T18:30:34,326937005+02:00
57.050987833
9.923019833
0.216
nan
0.0
 
2019-05-12T18:30:34,527741533+02:00
57.050987667
9.923019833
0.1332
nan
0.0
 
2019-05-12T18:30:34,927998239+02:00
57.050987167
9.923019833
0.0792
nan
0.0
 
2019-05-12T18:30:35,122650825+02:00
57.050986833
9.923019667
0.144
nan
0.0
 
2019-05-12T18:30:35,354312066+02:00
57.050986667
9.923019667
0.0756
nan
0.0
 
2019-05-12T18:30:35,523816927+02:00
57.050986667
9.923019667
0.1692
nan
0.0
 
2019-05-12T18:30:35,738240464+02:00
57.050986667
9.923019667
0.0108
nan
0.0
 
2019-05-12T18:30:36,129840184+02:00
57.0509865
9.923019667
0.0576
nan
0.0
 
2019-05-12T18:30:36,534472076+02:00
57.0509865
9.923019333
0.1908
nan
0.0
 
2019-05-12T18:30:36,746241154+02:00
57.050986
9.9230195
0.4068
nan
0.0
 
2019-05-12T18:30:36,940021716+02:00
57.0509855
9.923019167
0.4608
nan
0.0
 
2019-05-12T18:30:37,327007389+02:00
57.050986
9.923019333
0.1872
nan
0.0
 
2019-05-12T18:30:37,522494122+02:00
57.050986167
9.923019333
0.144
nan
0.0
 
2019-05-12T18:30:37,739669481+02:00
57.050986167
9.923019167
0.2232
nan
0.0
 
2019-05-12T18:30:38,126515683+02:00
57.050986
9.923019167
0.4644
nan
0.0
 
2019-05-12T18:30:38,334657804+02:00
57.050986167
9.923019167
0.2844
nan
0.0
 
2019-05-12T18:30:38,938543159+02:00
57.0509865
9.923019167
0.1656
nan
0.0
 
2019-05-12T18:30:39,144737050+02:00
57.050986667
9.923019167
0.0864
nan
0.0
 
2019-05-12T18:30:39,340980323+02:00
57.050987
9.9230195
0.27
nan
0.0
 
2019-05-12T18:30:39,734065270+02:00
57.050987833
9.923019667
0.306
nan
0.0
 
2019-05-12T18:30:39,923330233+02:00
57.050987667
9.923019333
0.072
nan
0.0
 
2019-05-12T18:30:40,130720407+02:00
57.0509875
9.923019333
0.0972
nan
0.0
 
2019-05-12T18:30:40,349355559+02:00
57.050987833
9.923019333
0.0684
nan
0.0
 
2019-05-12T18:30:40,545431349+02:00
57.050988333
9.923019167
0.1872
nan
0.0
 
2019-05-12T18:30:40,741936229+02:00
57.050988333
9.923019167
0.0864
nan
0.0
 
2019-05-12T18:30:41,123747364+02:00
57.050988
9.923019
0.252
nan
0.0
 
2019-05-12T18:30:41,342669046+02:00
57.050987833
9.923018833
0.36
nan
0.0
 
2019-05-12T18:30:41,725308803+02:00
57.050988
9.923018833
0.0792
nan
0.0
 
2019-05-12T18:30:41,932580025+02:00
57.050988333
9.923018833
0.0756
nan
0.0
 
2019-05-12T18:30:42,543835041+02:00
57.050988667
9.923018667
0.108
nan
0.0
 
2019-05-12T18:30:42,931053323+02:00
57.050988333
9.923018167
0.1764
nan
0.0
 
2019-05-12T18:30:44,131048596+02:00
57.050988833
9.923018167
0.1764
nan
0.0
 
2019-05-12T18:30:44,329001631+02:00
57.050989667
9.9230185
0.2484
nan
0.0
 
2019-05-12T18:30:44,726951964+02:00
57.050990333
9.923018667
0.162
nan
0.0
 
2019-05-12T18:30:44,937537142+02:00
57.0509905
9.923018667
0.126
nan
0.0
 
2019-05-12T18:30:45,330620138+02:00
57.050990167
9.9230185
0.36
nan
0.0
 
2019-05-12T18:30:45,527640319+02:00
57.050990333
9.9230185
0.1116
nan
0.0
 
2019-05-12T18:30:45,750087812+02:00
57.050990667
9.9230185
0.0324
nan
0.0
 
2019-05-12T18:30:45,924820602+02:00
57.050990667
9.923018333
0.1404
nan
0.0
 
2019-05-12T18:30:46,134775546+02:00
57.050990833
9.923018333
0.1116
nan
0.0
 
2019-05-12T18:30:46,328913408+02:00
57.050991
9.923018333
0.0468
nan
0.0
 
2019-05-12T18:30:46,723266661+02:00
57.0509915
9.9230185
0.2916
nan
0.0
 
2019-05-12T18:30:46,927591315+02:00
57.0509915
9.923018333
0.0684
nan
0.0
 
2019-05-12T18:30:47,142459246+02:00
57.050991667
9.9230185
0.1152
nan
0.0
 
2019-05-12T18:30:47,528932281+02:00
57.050992
9.923018333
0.0108
nan
0.0
 
2019-05-12T18:30:47,732751345+02:00
57.050991833
9.923018333
0.1332
nan
0.0
 
2019-05-12T18:30:48,129666652+02:00
57.0509915
9.923017833
0.2772
nan
0.0
 
2019-05-12T18:30:48,340301993+02:00
57.050991667
9.923017833
0.2124
nan
0.0
 
2019-05-12T18:30:48,539850036+02:00
57.050991667
9.923017833
0.18
nan
0.0
 
2019-05-12T18:30:48,941897895+02:00
57.050992333
9.923017833
0.234
nan
0.0
 
2019-05-12T18:30:49,338877825+02:00
57.050992833
9.923018
0.3348
nan
0.0
 
2019-05-12T18:30:49,534029894+02:00
57.050992833
9.923017833
0.1116
nan
0.0
 
2019-05-12T18:30:49,734809109+02:00
57.050993
9.923018
0.1728
nan
0.0
 
2019-05-12T18:30:49,926782855+02:00
57.050993333
9.923018
0.1296
nan
0.0
 
2019-05-12T18:30:50,156392365+02:00
57.050993167
9.923018
0.0684
nan
0.0
 
2019-05-12T18:30:50,323971982+02:00
57.050993333
9.923017833
0.1188
nan
0.0
 
2019-05-12T18:30:50,527286324+02:00
57.050993667
9.923018167
0.1908
nan
0.0
 
2019-05-12T18:30:50,934414004+02:00
57.050994
9.923018167
0.0828
nan
0.0
 
2019-05-12T18:30:51,136627326+02:00
57.050994333
9.923018333
0.2304
nan
0.0
 
2019-05-12T18:30:51,522283456+02:00
57.050994667
9.923018333
0.2016
nan
0.0
 
2019-05-12T18:30:51,727092808+02:00
57.050994667
9.9230185
0.1656
nan
0.0
 
2019-05-12T18:30:51,928077899+02:00
57.050994833
9.9230185
0.2664
nan
0.0
 
2019-05-12T18:30:52,323542685+02:00
57.050995
9.9230185
0.1692
nan
0.0
 
2019-05-12T18:30:52,542128947+02:00
57.050995167
9.923018667
0.1728
nan
0.0
 
2019-05-12T18:30:52,932366162+02:00
57.0509955
9.923018833
0.2808
nan
0.0
 
2019-05-12T18:30:53,125606912+02:00
57.050995667
9.923019167
0.18
nan
0.0
 
2019-05-12T18:30:53,358006205+02:00
57.050995667
9.923019167
0.0432
nan
0.0
 
2019-05-12T18:30:53,525232926+02:00
57.050995833
9.923019167
0.1872
nan
0.0
 
2019-05-12T18:30:53,737217147+02:00
57.050995833
9.923019333
0.1116
nan
0.0
 
2019-05-12T18:30:53,923168049+02:00
57.050995833
9.923019333
0.1224
nan
0.0
 
2019-05-12T18:30:54,127017989+02:00
57.050995833
9.9230195
0.0288
nan
0.0
 
2019-05-12T18:30:54,355032008+02:00
57.050995833
9.923019333
0.234
nan
0.0
 
2019-05-12T18:30:54,539572097+02:00
57.050996
9.923019667
0.1476
nan
0.0
 
2019-05-12T18:30:54,758541954+02:00
57.050996167
9.923019667
0.1044
nan
0.0
 
2019-05-12T18:30:55,120640923+02:00
57.050996167
9.923019833
0.09
nan
0.0
 
2019-05-12T18:30:55,331474976+02:00
57.0509965
9.92302
0.1224
nan
0.0
 
2019-05-12T18:30:55,546370431+02:00
57.0509965
9.923020167
0.234
nan
0.0
 
2019-05-12T18:30:55,926799134+02:00
57.050996833
9.9230205
0.234
nan
0.0
 
2019-05-12T18:30:56,131281783+02:00
57.050996833
9.9230205
0.1512
nan
0.0
 
2019-05-12T18:30:56,358566076+02:00
57.050997167
9.923020667
0.288
nan
0.0
 
2019-05-12T18:30:56,724400604+02:00
57.050997167
9.923020667
0.1512
nan
0.0
 
2019-05-12T18:30:56,964040704+02:00
57.050997
9.923020667
0.1584
nan
0.0
 
2019-05-12T18:30:57,343213576+02:00
57.050997
9.923021
0.0972
nan
0.0
 
2019-05-12T18:30:57,724629157+02:00
57.050997167
9.923021
0.1728
nan
0.0
 
2019-05-12T18:30:57,926850403+02:00
57.050997333
9.923021333
0.0324
nan
0.0
 
2019-05-12T18:30:58,332427150+02:00
57.050997333
9.9230215
0.198
nan
0.0
 
2019-05-12T18:30:58,543066099+02:00
57.050997167
9.9230215
0.09
nan
0.0
 
2019-05-12T18:30:58,719169925+02:00
57.050997167
9.9230215
0.1512
nan
0.0
 
2019-05-12T18:30:58,925451236+02:00
57.050997167
9.923021667
0.0756
nan
0.0
 
2019-05-12T18:30:59,324341786+02:00
57.0509975
9.923021833
0.0864
nan
0.0
 
2019-05-12T18:30:59,520405992+02:00
57.050997667
9.923021833
0.1764
nan
0.0
 
2019-05-12T18:30:59,744472700+02:00
57.050997833
9.923022167
0.2232
nan
0.0
 
2019-05-12T18:30:59,962770950+02:00
57.050997667
9.923022167
0.0468
nan
0.0
 
2019-05-12T18:31:00,340162221+02:00
57.050998
9.9230225
0.1332
nan
0.0
 
2019-05-12T18:31:00,717008010+02:00
57.050998
9.923022833
0.342
nan
0.0
 
2019-05-12T18:31:00,925537370+02:00
57.050998167
9.923023167
0.2556
nan
0.0
 
2019-05-12T18:31:01,324331694+02:00
57.050998333
9.923023333
0.0792
nan
0.0
 
2019-05-12T18:31:01,528090295+02:00
57.050998333
9.923023333
0.0828
nan
0.0
 
2019-05-12T18:31:01,916316062+02:00
57.050998333
9.9230235
0.0252
nan
0.0
 
2019-05-12T18:31:02,120345830+02:00
57.050998333
9.923023667
0.0288
nan
0.0
 
2019-05-12T18:31:02,345923398+02:00
57.050998333
9.9230235
0.1008
nan
0.0
 
2019-05-12T18:31:02,723328001+02:00
57.050998667
9.9230235
0.0756
nan
0.0
 
2019-05-12T18:31:02,936991603+02:00
57.050998833
9.9230235
0.1152
nan
0.0
 
2019-05-12T18:31:03,142263858+02:00
57.050998667
9.923023667
0.1044
nan
0.0
 
2019-05-12T18:31:03,521561229+02:00
57.050998667
9.923023833
0.2016
nan
0.0
 
2019-05-12T18:31:03,719257604+02:00
57.050998667
9.9230235
0.0936
nan
0.0
 
2019-05-12T18:31:03,932496101+02:00
57.050998667
9.9230235
0.144
nan
0.0
 
2019-05-12T18:31:04,124583320+02:00
57.050998833
9.9230235
0.2052
nan
0.0
 
2019-05-12T18:31:04,334116393+02:00
57.050998833
9.923023333
0.1044
nan
0.0
 
2019-05-12T18:31:04,537411912+02:00
57.050999
9.9230235
0.1764
nan
0.0
 
2019-05-12T18:31:04,922035332+02:00
57.050998667
9.9230235
0.0576
nan
0.0
 
2019-05-12T18:31:05,135602626+02:00
57.0509985
9.9230235
0.1584
nan
0.0
 
2019-05-12T18:31:05,516548346+02:00
57.0509985
9.923023333
0.0972
nan
0.0
 
2019-05-12T18:31:05,721562405+02:00
57.050998333
9.9230235
0.0792
nan
0.0
 
2019-05-12T18:31:05,954173880+02:00
57.0509985
9.923023333
0.1404
nan
0.0
 
2019-05-12T18:31:06,125397435+02:00
57.050998333
9.923023333
0.126
nan
0.0
 
2019-05-12T18:31:06,334414977+02:00
57.0509985
9.9230235
0.1728
nan
0.0
 
2019-05-12T18:31:06,537161560+02:00
57.0509985
9.923023333
0.072
nan
0.0
 
2019-05-12T18:31:06,748703109+02:00
57.050998333
9.923023333
0.4824
nan
0.0
 
2019-05-12T18:31:06,942174468+02:00
57.050998167
9.9230235
0.5364
nan
0.0
 
2019-05-12T18:31:07,144863809+02:00
57.050997667
9.923024333
1.2852
nan
0.0
 
2019-05-12T18:31:07,339787224+02:00
57.0509975
9.9230255
1.4688
nan
0.0
 
2019-05-12T18:31:07,724607296+02:00
57.050997167
9.923028667
1.8432
nan
95.83
 
2019-05-12T18:31:07,926233532+02:00
57.0509975
9.923030333
2.0376
nan
90.48
 
2019-05-12T18:31:08,132458430+02:00
57.050996833
9.923032
1.9764
nan
98.11
 
2019-05-12T18:31:08,318766516+02:00
57.050997167
9.9230335
1.7604
nan
94.62
 
2019-05-12T18:31:08,530844687+02:00
57.050997333
9.923035
1.692
nan
91.16
 
2019-05-12T18:31:08,738315112+02:00
57.050997167
9.923036667
1.6596
nan
91.48
 
2019-05-12T18:31:09,128105683+02:00
57.050997
9.923039667
1.7676
nan
99.02
 
2019-05-12T18:31:09,326728771+02:00
57.050997167
9.9230415
1.8252
nan
93.85
 
2019-05-12T18:31:09,721663136+02:00
57.050997
9.923044333
1.3968
nan
0.0
 
2019-05-12T18:31:09,928834716+02:00
57.050996167
9.923045333
1.872
nan
119.93
 
2019-05-12T18:31:10,326903943+02:00
57.050995
9.923047333
1.6632
nan
135.78
 
2019-05-12T18:31:10,536275437+02:00
57.050994167
9.923048167
1.62
nan
141.42
 
2019-05-12T18:31:10,726896626+02:00
57.050993667
9.923048667
1.26
nan
0.0
 
2019-05-12T18:31:10,950865545+02:00
57.050993
9.923049
1.458
nan
147.42
 
2019-05-12T18:31:11,331457982+02:00
57.050991
9.923048833
1.6848
nan
166.74
 
2019-05-12T18:31:11,717425021+02:00
57.050989667
9.9230485
1.7424
nan
178.31
 
2019-05-12T18:31:11,932634278+02:00
57.050989333
9.9230485
1.4904
nan
177.23
 
2019-05-12T18:31:12,153171364+02:00
57.050988667
9.923049
2.0628
nan
166.42
 
2019-05-12T18:31:12,334803683+02:00
57.050989
9.92305
1.5984
nan
0.0
 
2019-05-12T18:31:12,543617641+02:00
57.050990333
9.923051333
1.3896
nan
0.0
 
2019-05-12T18:31:12,725376518+02:00
57.050993
9.923051667
2.0772
nan
116.86
 
2019-05-12T18:31:12,938730757+02:00
57.050997167
9.9230515
4.4064
nan
19.98
 
2019-05-12T18:31:13,140617973+02:00
57.051001833
9.923051667
6.1992
nan
8.33
 
2019-05-12T18:31:13,319150036+02:00
57.051007167
9.923052667
7.3836
nan
5.34
 
2019-05-12T18:31:13,739721370+02:00
57.051019667
9.9230575
12.0888
nan
10.3
 
2019-05-12T18:31:13,947843252+02:00
57.051027333
9.923062667
14.814
nan
14.73
 
2019-05-12T18:31:14,322264659+02:00
57.051046667
9.923082333
21.3948
nan
25.89
 
2019-05-12T18:31:14,550793276+02:00
57.0510575
9.9230935
23.616
nan
27.98
 
2019-05-12T18:31:14,749583801+02:00
57.051068
9.9231075
25.8336
nan
30.66
 
2019-05-12T18:31:15,339008570+02:00
57.051103333
9.923165333
32.0112
nan
41.6
 
2019-05-12T18:31:15,530356186+02:00
57.051115333
9.9231875
33.2856
nan
43.66
 
2019-05-12T18:31:15,748198034+02:00
57.051126833
9.9232075
32.0904
nan
44.73
 
2019-05-12T18:31:16,129284453+02:00
57.051145667
9.923241667
26.3844
nan
45.73
 
2019-05-12T18:31:16,320399478+02:00
57.051154167
9.923256833
24.1596
nan
45.6
 
2019-05-12T18:31:16,519066468+02:00
57.051161
9.923270167
20.9736
nan
47.0
 
2019-05-12T18:31:16,719910442+02:00
57.051166
9.9232825
18.18
nan
49.66
 
2019-05-12T18:31:16,924907272+02:00
57.051171
9.923294667
16.8912
nan
52.14
 
2019-05-12T18:31:17,119298620+02:00
57.051174833
9.923306333
15.2316
nan
55.41
 
2019-05-12T18:31:17,326939025+02:00
57.051177667
9.923318333
14.3532
nan
60.74
 
2019-05-12T18:31:17,718127104+02:00
57.051181333
9.923340667
12.5064
nan
69.66
 
2019-05-12T18:31:17,948315079+02:00
57.051182167
9.923350833
11.8044
nan
74.3
 
2019-05-12T18:31:18,319877161+02:00
57.051180333
9.923369833
10.4112
nan
83.73
 
2019-05-12T18:31:18,519807671+02:00
57.051177667
9.923377667
9.8532
nan
91.37
 
2019-05-12T18:31:18,735567671+02:00
57.051175333
9.923384833
9.4032
nan
97.45
 
2019-05-12T18:31:19,119390165+02:00
57.051169167
9.923397167
7.956
nan
110.17
 
2019-05-12T18:31:19,326444891+02:00
57.051166
9.923402167
7.4808
nan
115.75
 
2019-05-12T18:31:19,721553017+02:00
57.05116
9.923410667
6.4728
nan
125.63
 
2019-05-12T18:31:20,120000109+02:00
57.051154167
9.923415333
5.1948
nan
141.55
 
2019-05-12T18:31:20,321786132+02:00
57.051150833
9.923416667
5.0364
nan
151.38
 
2019-05-12T18:31:20,526616474+02:00
57.051148167
9.923416667
4.5
nan
161.57
 
2019-05-12T18:31:20,734708472+02:00
57.0511455
9.923416
4.464
nan
172.73
 
2019-05-12T18:31:20,943703940+02:00
57.051142833
9.923414167
4.4604
nan
185.33
 
2019-05-12T18:31:21,318431234+02:00
57.0511385
9.923409167
4.8852
nan
206.09
 
2019-05-12T18:31:21,732971963+02:00
57.051135
9.9234015
5.5908
nan
224.27
 
2019-05-12T18:31:22,122193521+02:00
57.051132667
9.923391833
5.67
nan
238.22
 
2019-05-12T18:31:22,520540798+02:00
57.0511295
9.923380167
7.0812
nan
245.42
 
2019-05-12T18:31:22,719582997+02:00
57.051128333
9.923373333
7.5384
nan
247.85
 
2019-05-12T18:31:22,931146777+02:00
57.0511265
9.923366167
8.0964
nan
246.58
 
2019-05-12T18:31:23,320874456+02:00
57.051122
9.923349333
9.7272
nan
245.43
 
2019-05-12T18:31:23,533575971+02:00
57.051119667
9.923340167
10.1988
nan
245.84
 
2019-05-12T18:31:23,921029911+02:00
57.051114167
9.923318333
12.1932
nan
246.5
 
2019-05-12T18:31:24,132386827+02:00
57.0511125
9.923308
11.8368
nan
249.69
 
2019-05-12T18:31:24,519930556+02:00
57.051110167
9.923287333
11.5236
nan
255.03
 
2019-05-12T18:31:24,728755313+02:00
57.0511095
9.923277833
10.782
nan
258.24
 
2019-05-12T18:31:24,921404093+02:00
57.0511095
9.923268667
10.2204
nan
262.26
 
2019-05-12T18:31:25,512970095+02:00
57.051112
9.923246333
7.8768
nan
274.43
 
2019-05-12T18:31:25,753484201+02:00
57.051112833
9.9232415
6.2316
nan
275.28
 
2019-05-12T18:31:26,117166418+02:00
57.0511135
9.923236167
2.6388
nan
276.07
 
2019-05-12T18:31:26,514157797+02:00
57.051113333
9.923236833
0.3924
nan
0.0
 
2019-05-12T18:31:26,715291820+02:00
57.0511125
9.923238333
1.6848
nan
215.78
 
2019-05-12T18:31:27,114818285+02:00
57.051110167
9.923245167
3.5568
nan
130.51
 
2019-05-12T18:31:27,513266090+02:00
57.0511055
9.923251833
6.3144
nan
144.98
 
2019-05-12T18:31:27,743456951+02:00
57.051102
9.923252333
7.1928
nan
158.99
 
2019-05-12T18:31:28,120485562+02:00
57.051092833
9.923248833
9.9
nan
186.0
 
2019-05-12T18:31:28,326683327+02:00
57.0510875
9.923244333
11.2104
nan
193.95
 
2019-05-12T18:31:28,717790638+02:00
57.051078
9.923231833
11.502
nan
209.06
 
2019-05-12T18:31:28,930832390+02:00
57.051074
9.9232245
11.3616
nan
214.99
 
2019-05-12T18:31:29,156035666+02:00
57.051070333
9.923216
11.4264
nan
221.9
 
2019-05-12T18:31:29,517426435+02:00
57.051063667
9.923196833
11.6856
nan
234.11
 
2019-05-12T18:31:29,718118492+02:00
57.051060833
9.923187333
11.2608
nan
238.2
 
2019-05-12T18:31:30,119129353+02:00
57.0510555
9.923168833
10.6776
nan
244.59
 
2019-05-12T18:31:30,319077846+02:00
57.051052833
9.923160833
10.008
nan
244.38
 
2019-05-12T18:31:30,724772163+02:00
57.051047833
9.923148
7.7688
nan
240.95
 
2019-05-12T18:31:31,118988204+02:00
57.051044833
9.923135667
6.8508
nan
247.62
 
2019-05-12T18:31:31,519368873+02:00
57.051042333
9.923126667
5.0976
nan
249.43
 
2019-05-12T18:31:32,131584104+02:00
57.051040333
9.923117167
3.0384
nan
252.39
 
2019-05-12T18:31:32,518776525+02:00
57.0510395
9.923117
0.432
nan
0.0
 
2019-05-12T18:31:32,933490925+02:00
57.051039167
9.9231205
1.9368
nan
152.4
 
2019-05-12T18:31:33,319940012+02:00
57.051039667
9.923126833
2.844
nan
92.6
 
2019-05-12T18:31:33,720774632+02:00
57.051039833
9.9231335
3.2508
nan
86.55
 
2019-05-12T18:31:34,163404678+02:00
57.051040667
9.923139833
3.366
nan
79.36
 
2019-05-12T18:31:34,542647205+02:00
57.051041833
9.9231455
3.0348
nan
72.32
 
2019-05-12T18:31:34,953646892+02:00
57.051041833
9.923148667
1.6992
nan
76.56
 
2019-05-12T18:31:35,346169429+02:00
57.051041667
9.92315
0.6084
nan
0.0
 
2019-05-12T18:31:35,719182255+02:00
57.051041167
9.923148667
1.2924
nan
164.21
 
2019-05-12T18:31:35,939075364+02:00
57.051040833
9.9231475
1.1196
nan
193.47
 
2019-05-12T18:31:36,329715315+02:00
57.051040333
9.923144667
1.782
nan
229.62
 
