
2019-05-07T15:45:22,001402108+02:00
57.013968333
9.987237667
0.1152
nan
0.0
 
2019-05-07T15:45:22,402869425+02:00
57.0139685
9.987237667
0.126
nan
0.0
 
2019-05-07T15:45:22,600408350+02:00
57.0139685
9.987237667
0.1404
nan
0.0
 
2019-05-07T15:45:22,799830775+02:00
57.0139685
9.9872375
0.1872
nan
0.0
 
2019-05-07T15:45:23,000185437+02:00
57.013968833
9.9872375
0.1404
nan
0.0
 
2019-05-07T15:45:23,400434405+02:00
57.013969167
9.9872375
0.234
nan
0.0
 
2019-05-07T15:45:23,605260831+02:00
57.0139685
9.987236833
0.5544
nan
0.0
 
2019-05-07T15:45:23,803894862+02:00
57.013968667
9.987236667
0.198
nan
0.0
 
2019-05-07T15:45:24,007113765+02:00
57.0139685
9.987236167
0.2916
nan
0.0
 
2019-05-07T15:45:24,193532837+02:00
57.013968833
9.9872365
0.2412
nan
0.0
 
2019-05-07T15:45:24,391898358+02:00
57.0139685
9.987236167
0.0504
nan
0.0
 
2019-05-07T15:45:24,580339207+02:00
57.013968667
9.987236167
0.2016
nan
0.0
 
2019-05-07T15:45:24,968627407+02:00
57.0139685
9.987236167
0.2736
nan
0.0
 
2019-05-07T15:45:25,163942552+02:00
57.013968167
9.987236167
0.09
nan
0.0
 
2019-05-07T15:45:25,354502671+02:00
57.013968167
9.987236
0.2628
nan
0.0
 
2019-05-07T15:45:25,546683968+02:00
57.013968333
9.987236167
0.378
nan
0.0
 
2019-05-07T15:45:25,931226844+02:00
57.013968
9.987235167
0.288
nan
0.0
 
2019-05-07T15:45:26,325948015+02:00
57.013968167
9.987234833
0.18
nan
0.0
 
2019-05-07T15:45:26,521054288+02:00
57.013968
9.9872345
0.1404
nan
0.0
 
2019-05-07T15:45:26,916268145+02:00
57.0139685
9.987234
0.0216
nan
0.0
 
2019-05-07T15:45:27,287719132+02:00
57.0139685
9.987233167
0.2592
nan
0.0
 
2019-05-07T15:45:27,679432059+02:00
57.013969
9.987232667
0.2592
nan
0.0
 
2019-05-07T15:45:28,068938014+02:00
57.0139685
9.987232
0.2124
nan
0.0
 
2019-05-07T15:45:28,307124619+02:00
57.0139685
9.987231667
0.0756
nan
0.0
 
2019-05-07T15:45:28,671670288+02:00
57.013968333
9.987230667
0.0972
nan
0.0
 
2019-05-07T15:45:29,062074322+02:00
57.013968167
9.98723
0.0576
nan
0.0
 
2019-05-07T15:45:29,443812920+02:00
57.013968
9.987229667
0.1872
nan
0.0
 
2019-05-07T15:45:29,843562493+02:00
57.013968167
9.987229
0.0468
nan
0.0
 
2019-05-07T15:45:30,064137603+02:00
57.013968333
9.987229
0.27
nan
0.0
 
2019-05-07T15:45:30,423756374+02:00
57.013968167
9.987228333
0.2124
nan
0.0
 
2019-05-07T15:45:30,645357165+02:00
57.013968167
9.987228
0.1656
nan
0.0
 
2019-05-07T15:45:31,221358777+02:00
57.013967333
9.987227167
0.18
nan
0.0
 
2019-05-07T15:45:31,614513755+02:00
57.013966667
9.987226333
0.0432
nan
0.0
 
2019-05-07T15:45:31,836874978+02:00
57.0139665
9.987226333
0.0144
nan
0.0
 
2019-05-07T15:45:32,216161515+02:00
57.013966333
9.987225833
0.108
nan
0.0
 
2019-05-07T15:45:32,596164566+02:00
57.013965833
9.9872255
0.1584
nan
0.0
 
2019-05-07T15:45:32,986484102+02:00
57.013965333
9.987224833
0.0972
nan
0.0
 
2019-05-07T15:45:33,398673590+02:00
57.013965167
9.987223833
0.2772
nan
0.0
 
2019-05-07T15:45:33,987927643+02:00
57.0139655
9.987222833
0.0324
nan
0.0
 
2019-05-07T15:45:34,370918395+02:00
57.0139655
9.9872225
0.1224
nan
0.0
 
2019-05-07T15:45:34,767392763+02:00
57.0139655
9.987222167
0.0864
nan
0.0
 
2019-05-07T15:45:35,039766830+02:00
57.0139655
9.987222
0.18
nan
0.0
 
2019-05-07T15:45:35,364113249+02:00
57.013965667
9.9872215
0.162
nan
0.0
 
2019-05-07T15:45:35,758054393+02:00
57.013965833
9.987221
0.396
nan
0.0
 
2019-05-07T15:45:35,953536189+02:00
57.013965667
9.9872205
0.3636
nan
0.0
 
2019-05-07T15:45:36,176384173+02:00
57.013965833
9.987220667
0.0864
nan
0.0
 
2019-05-07T15:45:36,563892339+02:00
57.013966
9.98722
0.1944
nan
0.0
 
2019-05-07T15:45:36,961156035+02:00
57.013966
9.987219667
0.2484
nan
0.0
 
2019-05-07T15:45:37,360636288+02:00
57.013966667
9.9872195
0.1728
nan
0.0
 
2019-05-07T15:45:37,940066887+02:00
57.013967
9.987219
0.1872
nan
0.0
 
2019-05-07T15:45:38,348219265+02:00
57.0139675
9.987219167
0.0504
nan
0.0
 
2019-05-07T15:45:38,737866844+02:00
57.013967333
9.987217833
0.4572
nan
0.0
 
2019-05-07T15:45:39,151157946+02:00
57.013968167
9.987217167
0.1692
nan
0.0
 
2019-05-07T15:45:39,531877592+02:00
57.013968667
9.987216833
0.0684
nan
0.0
 
2019-05-07T15:45:39,938206772+02:00
57.013969167
9.987216167
0.3492
nan
0.0
 
2019-05-07T15:45:40,363129669+02:00
57.0139695
9.987215833
0.2952
nan
0.0
 
2019-05-07T15:45:40,737079970+02:00
57.013969833
9.987215167
0.2772
nan
0.0
 
2019-05-07T15:45:41,152817235+02:00
57.013970667
9.987214667
0.2016
nan
0.0
 
2019-05-07T15:45:41,568547431+02:00
57.013971
9.987214333
0.0792
nan
0.0
 
2019-05-07T15:45:42,327932451+02:00
57.013971
9.987213
0.2664
nan
0.0
 
2019-05-07T15:45:42,722337180+02:00
57.013970833
9.987212
0.216
nan
0.0
 
2019-05-07T15:45:43,334185419+02:00
57.013971667
9.9872115
0.468
nan
0.0
 
2019-05-07T15:45:43,717920318+02:00
57.013971667
9.987211167
0.1692
nan
0.0
 
2019-05-07T15:45:44,119916956+02:00
57.013972
9.987210667
0.2196
nan
0.0
 
2019-05-07T15:45:44,526989844+02:00
57.0139715
9.9872095
0.1728
nan
0.0
 
2019-05-07T15:45:44,920059428+02:00
57.013971333
9.987208833
0.288
nan
0.0
 
2019-05-07T15:45:45,341010698+02:00
57.013971
9.987208333
0.4248
nan
0.0
 
2019-05-07T15:45:45,714776747+02:00
57.013970167
9.987208
0.5832
nan
0.0
 
2019-05-07T15:45:46,113130308+02:00
57.013969
9.987206833
1.0332
nan
0.0
 
2019-05-07T15:45:46,346403575+02:00
57.013969167
9.9872065
0.4824
nan
0.0
 
2019-05-07T15:45:46,908828231+02:00
57.013968667
9.987206667
0.4932
nan
0.0
 
2019-05-07T15:45:47,307261252+02:00
57.013968
9.987205667
0.1584
nan
0.0
 
2019-05-07T15:45:47,564120554+02:00
57.013966167
9.9872055
0.9648
nan
0.0
 
2019-05-07T15:45:47,911772534+02:00
57.0139675
9.987204667
0.1728
nan
0.0
 
2019-05-07T15:45:48,319315080+02:00
57.013968333
9.987204667
0.0756
nan
0.0
 
2019-05-07T15:45:48,707871773+02:00
57.013969667
9.987205
0.2628
nan
0.0
 
2019-05-07T15:45:48,938499460+02:00
57.013970167
9.987204667
0.09
nan
0.0
 
2019-05-07T15:45:49,317835764+02:00
57.013971
9.987204167
0.396
nan
0.0
 
2019-05-07T15:45:49,907411184+02:00
57.013971667
9.987204333
0.6012
nan
0.0
 
2019-05-07T15:45:50,305209256+02:00
57.013971167
9.987202833
0.378
nan
0.0
 
2019-05-07T15:45:50,707863967+02:00
57.013971167
9.9872015
0.2772
nan
0.0
 
2019-05-07T15:45:50,917376817+02:00
57.013971333
9.987200833
0.1836
nan
0.0
 
2019-05-07T15:45:51,303796499+02:00
57.013970667
9.987199833
0.0432
nan
0.0
 
2019-05-07T15:45:51,704821112+02:00
57.013970167
9.987198667
0.2556
nan
0.0
 
2019-05-07T15:45:52,305422733+02:00
57.013969
9.987197
0.1188
nan
0.0
 
2019-05-07T15:45:52,705338562+02:00
57.013968167
9.987195667
0.1332
nan
0.0
 
2019-05-07T15:45:53,120189656+02:00
57.013967333
9.987194667
0.2088
nan
0.0
 
2019-05-07T15:45:53,499664058+02:00
57.013966833
9.987194333
0.1368
nan
0.0
 
2019-05-07T15:45:54,099650229+02:00
57.013966333
9.987193333
0.0648
nan
0.0
 
2019-05-07T15:45:54,507245911+02:00
57.013966833
9.987193
0.756
nan
0.0
 
2019-05-07T15:45:54,909282968+02:00
57.013966167
9.987191667
0.3276
nan
0.0
 
2019-05-07T15:45:55,312542226+02:00
57.013966333
9.987192167
0.3132
nan
0.0
 
2019-05-07T15:45:55,700779637+02:00
57.013966333
9.9871915
0.2268
nan
0.0
 
2019-05-07T15:45:56,107574891+02:00
57.013965333
9.9871905
0.6048
nan
0.0
 
2019-05-07T15:45:56,501975615+02:00
57.0139655
9.98719
0.306
nan
0.0
 
2019-05-07T15:45:56,910377381+02:00
57.013965167
9.987188833
0.2268
nan
0.0
 
2019-05-07T15:45:57,303063671+02:00
57.013965167
9.9871875
0.4536
nan
0.0
 
2019-05-07T15:45:57,705128367+02:00
57.013964667
9.987186833
0.3708
nan
0.0
 
2019-05-07T15:45:58,122911826+02:00
57.013963833
9.987186333
0.1116
nan
0.0
 
2019-05-07T15:45:58,506910488+02:00
57.013962833
9.987185833
0.1152
nan
0.0
 
2019-05-07T15:45:58,736183791+02:00
57.0139625
9.987185667
0.1728
nan
0.0
 
2019-05-07T15:45:59,111562131+02:00
57.013960833
9.987185
0.1116
nan
0.0
 
2019-05-07T15:45:59,511293146+02:00
57.013959667
9.987184333
0.1728
nan
0.0
 
2019-05-07T15:45:59,911229189+02:00
57.013958833
9.987183
0.1872
nan
0.0
 
2019-05-07T15:46:00,311812728+02:00
57.0139575
9.9871825
0.126
nan
0.0
 
2019-05-07T15:46:00,708865402+02:00
57.013957
9.987181667
0.3384
nan
0.0
 
2019-05-07T15:46:01,110423654+02:00
57.013956167
9.987181
0.1944
nan
0.0
 
2019-05-07T15:46:01,515561378+02:00
57.013955833
9.987180333
0.2052
nan
0.0
 
2019-05-07T15:46:01,931572899+02:00
57.013955
9.987180167
0.27
nan
0.0
 
2019-05-07T15:46:02,321134991+02:00
57.013954333
9.987179667
0.2088
nan
0.0
 
2019-05-07T15:46:02,726851754+02:00
57.013953667
9.987179
0.2304
nan
0.0
 
2019-05-07T15:46:03,119652873+02:00
57.013952667
9.987178333
0.3492
nan
0.0
 
2019-05-07T15:46:04,519365599+02:00
57.013951333
9.987177667
0.1188
nan
0.0
 
2019-05-07T15:46:04,926764504+02:00
57.013951333
9.987176833
0.1116
nan
0.0
 
2019-05-07T15:46:05,328436878+02:00
57.013951167
9.9871765
0.0396
nan
0.0
 
2019-05-07T15:46:05,720113686+02:00
57.013952
9.987176833
0.2412
nan
0.0
 
2019-05-07T15:46:06,120420071+02:00
57.013953
9.987176
0.1584
nan
0.0
 
2019-05-07T15:46:06,531905782+02:00
57.013953333
9.987176
0.0972
nan
0.0
 
2019-05-07T15:46:06,936564522+02:00
57.0139535
9.987175
0.2016
nan
0.0
 
2019-05-07T15:46:07,322214358+02:00
57.013953667
9.987175
0.1692
nan
0.0
 
2019-05-07T15:46:07,745853683+02:00
57.013953833
9.987174667
0.1044
nan
0.0
 
2019-05-07T15:46:08,155932852+02:00
57.013953833
9.9871735
0.0216
nan
0.0
 
2019-05-07T15:46:08,519002775+02:00
57.013953
9.987173833
0.1152
nan
0.0
 
2019-05-07T15:46:08,940338673+02:00
57.013952667
9.987173167
0.1584
nan
0.0
 
2019-05-07T15:46:09,366330602+02:00
57.013952
9.987172833
0.0684
nan
0.0
 
2019-05-07T15:46:09,749993221+02:00
57.0139515
9.987172167
0.1008
nan
0.0
 
2019-05-07T15:46:10,365197235+02:00
57.0139505
9.987171
0.1044
nan
0.0
 
2019-05-07T15:46:10,715799593+02:00
57.01395
9.98717
0.1188
nan
0.0
 
2019-05-07T15:46:10,958780249+02:00
57.0139495
9.98717
0.0936
nan
0.0
 
2019-05-07T15:46:11,529675294+02:00
57.013949
9.987168667
0.0828
nan
0.0
 
2019-05-07T15:46:11,922392950+02:00
57.013948667
9.987168
0.1512
nan
0.0
 
2019-05-07T15:46:12,322482994+02:00
57.013948333
9.987167333
0.2052
nan
0.0
 
2019-05-07T15:46:12,726000271+02:00
57.0139475
9.987167333
0.0504
nan
0.0
 
2019-05-07T15:46:13,123885997+02:00
57.013946833
9.987166667
0.0576
nan
0.0
 
2019-05-07T15:46:13,526080496+02:00
57.013946
9.9871655
0.1296
nan
0.0
 
2019-05-07T15:46:13,927798818+02:00
57.013945333
9.987164833
0.0252
nan
0.0
 
2019-05-07T15:46:14,319688156+02:00
57.013945167
9.987163833
0.1188
nan
0.0
 
2019-05-07T15:46:14,535688452+02:00
57.013944667
9.987163833
0.2952
nan
0.0
 
2019-05-07T15:46:14,731026646+02:00
57.013944333
9.987163333
0.18
nan
0.0
 
2019-05-07T15:46:15,135473001+02:00
57.0139435
9.987163333
0.1224
nan
0.0
 
2019-05-07T15:46:15,526577766+02:00
57.013942667
9.987163
0.0612
nan
0.0
 
2019-05-07T15:46:15,962752870+02:00
57.013942667
9.987162833
0.1728
nan
0.0
 
2019-05-07T15:46:16,323763081+02:00
57.013942
9.987162833
0.0828
nan
0.0
 
2019-05-07T15:46:16,537797357+02:00
57.013941667
9.987163
0.1224
nan
0.0
 
2019-05-07T15:46:16,921984779+02:00
57.013941833
9.987162333
0.108
nan
0.0
 
2019-05-07T15:46:17,139378646+02:00
57.013941667
9.987162667
0.3384
nan
0.0
 
2019-05-07T15:46:17,361932932+02:00
57.0139415
9.9871625
0.216
nan
0.0
 
2019-05-07T15:46:17,538274249+02:00
57.013941667
9.987162
0.0972
nan
0.0
 
2019-05-07T15:46:17,725089076+02:00
57.013941667
9.987162
0.126
nan
0.0
 
2019-05-07T15:46:18,134759177+02:00
57.0139415
9.987161167
0.1404
nan
0.0
 
2019-05-07T15:46:18,530581081+02:00
57.0139415
9.987160833
0.0504
nan
0.0
 
2019-05-07T15:46:18,935797334+02:00
57.0139415
9.987160167
0.1116
nan
0.0
 
2019-05-07T15:46:19,332435668+02:00
57.013941167
9.9871595
0.0612
nan
0.0
 
2019-05-07T15:46:19,733589620+02:00
57.013941167
9.987158333
0.0936
nan
0.0
 
2019-05-07T15:46:20,132247459+02:00
57.013941
9.987157167
0.2124
nan
0.0
 
2019-05-07T15:46:20,353373456+02:00
57.013940833
9.987156833
0.1188
nan
0.0
 
2019-05-07T15:46:20,564841136+02:00
57.013941
9.987156667
0.1152
nan
0.0
 
2019-05-07T15:46:20,933640874+02:00
57.013940667
9.987156333
0.0828
nan
0.0
 
2019-05-07T15:46:21,131956199+02:00
57.013940667
9.987156333
0.18
nan
0.0
 
2019-05-07T15:46:21,344705909+02:00
57.0139405
9.987156833
0.342
nan
0.0
 
2019-05-07T15:46:21,732325290+02:00
57.013940833
9.987156333
0.0792
nan
0.0
 
2019-05-07T15:46:22,344435785+02:00
57.013940667
9.987156
0.144
nan
0.0
 
2019-05-07T15:46:22,757489704+02:00
57.013940667
9.987155833
0.054
nan
0.0
 
2019-05-07T15:46:23,134053305+02:00
57.013940833
9.987156
0.0684
nan
0.0
 
2019-05-07T15:46:23,542689287+02:00
57.013941
9.987155833
0.0468
nan
0.0
 
2019-05-07T15:46:23,933321592+02:00
57.013941333
9.9871555
0.0684
nan
0.0
 
2019-05-07T15:46:24,334900013+02:00
57.013941667
9.987155167
0.0972
nan
0.0
 
2019-05-07T15:46:24,728836608+02:00
57.013941833
9.987154833
0.108
nan
0.0
 
2019-05-07T15:46:25,133106841+02:00
57.013942167
9.987154833
0.0468
nan
0.0
 
2019-05-07T15:46:25,548469010+02:00
57.0139425
9.9871545
0.1512
nan
0.0
 
2019-05-07T15:46:25,936332829+02:00
57.013942833
9.987154167
0.1188
nan
0.0
 
2019-05-07T15:46:26,352867390+02:00
57.013943
9.987154
0.0792
nan
0.0
 
2019-05-07T15:46:26,528904339+02:00
57.013943
9.987153833
0.0396
nan
0.0
 
2019-05-07T15:46:27,136932624+02:00
57.0139435
9.987153333
0.1908
nan
0.0
 
2019-05-07T15:46:27,365871644+02:00
57.013943667
9.987153333
0.108
nan
0.0
 
2019-05-07T15:46:27,761531987+02:00
57.013943833
9.987153333
0.1476
nan
0.0
 
2019-05-07T15:46:28,131505532+02:00
57.013943833
9.9871535
0.0576
nan
0.0
 
2019-05-07T15:46:28,333021897+02:00
57.013944
9.9871535
0.1152
nan
0.0
 
2019-05-07T15:46:28,736829980+02:00
57.013944
9.987153667
0.1548
nan
0.0
 
2019-05-07T15:46:29,130416476+02:00
57.013944167
9.987153667
0.0756
nan
0.0
 
2019-05-07T15:46:29,349359355+02:00
57.013944167
9.987154
0.0864
nan
0.0
 
2019-05-07T15:46:29,735258013+02:00
57.013944167
9.987153833
0.1152
nan
0.0
 
2019-05-07T15:46:30,139537545+02:00
57.013944167
9.987154167
0.108
nan
0.0
 
2019-05-07T15:46:30,530105739+02:00
57.013944167
9.987154333
0.054
nan
0.0
 
2019-05-07T15:46:30,932915287+02:00
57.013944167
9.987154667
0.0324
nan
0.0
 
2019-05-07T15:46:31,130065175+02:00
57.013944167
9.987154833
0.0396
nan
0.0
 
2019-05-07T15:46:31,347560233+02:00
57.013944167
9.987155
0.0468
nan
0.0
 
2019-05-07T15:46:31,533017033+02:00
57.013944167
9.987155167
0.1476
nan
0.0
 
2019-05-07T15:46:31,749667613+02:00
57.013944167
9.987155167
0.1116
nan
0.0
 
2019-05-07T15:46:32,131469811+02:00
57.013944167
9.987155333
0.0468
nan
0.0
 
2019-05-07T15:46:32,544469256+02:00
57.013944333
9.9871555
0.1512
nan
0.0
 
2019-05-07T15:46:32,750632297+02:00
57.013944333
9.9871555
0.0864
nan
0.0
 
2019-05-07T15:46:33,137333273+02:00
57.013944167
9.987155333
0.3312
nan
0.0
 
2019-05-07T15:46:33,534205042+02:00
57.013944167
9.987155167
0.126
nan
0.0
 
2019-05-07T15:46:33,740788095+02:00
57.013944167
9.987155
0.108
nan
0.0
 
2019-05-07T15:46:33,975122484+02:00
57.013944
9.987155333
0.0072
nan
0.0
 
2019-05-07T15:46:34,340196568+02:00
57.013944
9.987155667
0.0612
nan
0.0
 
2019-05-07T15:46:34,565145581+02:00
57.013944167
9.987155333
0.1728
nan
0.0
 
2019-05-07T15:46:34,733006886+02:00
57.013944
9.987155667
0.1764
nan
0.0
 
2019-05-07T15:46:35,131831604+02:00
57.013944
9.987155333
0.0684
nan
0.0
 
2019-05-07T15:46:35,532500945+02:00
57.013944
9.987155
0.1728
nan
0.0
 
2019-05-07T15:46:35,928500656+02:00
57.013944167
9.987155
0.0324
nan
0.0
 
2019-05-07T15:46:36,335484326+02:00
57.013944
9.987155333
0.072
nan
0.0
 
2019-05-07T15:46:36,533038561+02:00
57.013944167
9.987155667
0.4464
nan
0.0
 
2019-05-07T15:46:36,733462572+02:00
57.013944
9.987155667
0.0612
nan
0.0
 
2019-05-07T15:46:37,159949788+02:00
57.013944
9.987156333
0.2628
nan
0.0
 
2019-05-07T15:46:37,536246243+02:00
57.013943833
9.987156
0.1008
nan
0.0
 
2019-05-07T15:46:37,935148017+02:00
57.013944
9.987155667
0.0828
nan
0.0
 
2019-05-07T15:46:38,140771190+02:00
57.013943833
9.987155333
0.162
nan
0.0
 
2019-05-07T15:46:38,545273728+02:00
57.013943833
9.9871555
0.0828
nan
0.0
 
2019-05-07T15:46:38,957144767+02:00
57.0139435
9.987154833
0.162
nan
0.0
 
2019-05-07T15:46:39,349442930+02:00
57.013943333
9.987155167
0.036
nan
0.0
 
2019-05-07T15:46:39,745427559+02:00
57.013943
9.9871555
0.126
nan
0.0
 
2019-05-07T15:46:40,142795795+02:00
57.013942667
9.987156
0.0252
nan
0.0
 
2019-05-07T15:46:40,548889726+02:00
57.0139425
9.987156333
0.162
nan
0.0
 
2019-05-07T15:46:40,937215770+02:00
57.013942333
9.987156333
0.1116
nan
0.0
 
2019-05-07T15:46:41,337409072+02:00
57.013942333
9.987156333
0.126
nan
0.0
 
2019-05-07T15:46:41,733225288+02:00
57.013942333
9.987156333
0.09
nan
0.0
 
2019-05-07T15:46:41,960102581+02:00
57.0139425
9.987156333
0.0756
nan
0.0
 
2019-05-07T15:46:42,344469474+02:00
57.0139425
9.987156167
0.108
nan
0.0
 
2019-05-07T15:46:42,759092934+02:00
57.013942167
9.987156
0.1548
nan
0.0
 
2019-05-07T15:46:43,340357910+02:00
57.013941833
9.987155167
0.1872
nan
0.0
 
2019-05-07T15:46:43,568253374+02:00
57.013941833
9.987155333
0.0828
nan
0.0
 
2019-05-07T15:46:43,941934228+02:00
57.013941667
9.987155167
0.1512
nan
0.0
 
2019-05-07T15:46:44,346506658+02:00
57.013941167
9.987155333
0.2448
nan
0.0
 
2019-05-07T15:46:44,536960310+02:00
57.013940833
9.987155
0.108
nan
0.0
 
2019-05-07T15:46:44,947674822+02:00
57.013940333
9.987155667
0.162
nan
0.0
 
2019-05-07T15:46:45,345859879+02:00
57.013939667
9.987155667
0.2448
nan
0.0
 
2019-05-07T15:46:45,585625621+02:00
57.013939333
9.987155667
0.1656
nan
0.0
 
2019-05-07T15:46:45,951775583+02:00
57.013938667
9.987155833
0.072
nan
0.0
 
2019-05-07T15:46:46,362761139+02:00
57.013938167
9.987155667
0.0576
nan
0.0
 
2019-05-07T15:46:46,741570375+02:00
57.013937667
9.987155667
0.2268
nan
0.0
 
2019-05-07T15:46:47,141500181+02:00
57.0139375
9.987156167
0.3204
nan
0.0
 
2019-05-07T15:46:47,343792252+02:00
57.013937167
9.987156333
0.2052
nan
0.0
 
2019-05-07T15:46:47,747293998+02:00
57.013935333
9.9871565
0.8676
nan
0.0
 
2019-05-07T15:46:47,934797674+02:00
57.0139345
9.987156167
1.0404
nan
0.0
 
2019-05-07T15:46:48,149456214+02:00
57.013933667
9.9871565
0.9756
nan
0.0
 
2019-05-07T15:46:48,353164358+02:00
57.013933167
9.987156833
0.774
nan
0.0
 
2019-05-07T15:46:48,735888981+02:00
57.0139325
9.9871575
0.3708
nan
0.0
 
2019-05-07T15:46:48,946248785+02:00
57.0139325
9.987157
0.342
nan
0.0
 
2019-05-07T15:46:49,261587940+02:00

 
