
2019-02-27T16:50:37,123333950+01:00
57.014085667
9.987379167
0.11
21.1
0.0
 
2019-02-27T16:50:38,127225772+01:00
57.014086167
9.987377667
0.082
21.0
0.0
 
2019-02-27T16:50:39,129068422+01:00
57.014089333
9.987378
0.1
21.0
0.0
 
2019-02-27T16:50:40,128314723+01:00
57.014089667
9.987379
0.095
20.7
0.0
 
2019-02-27T16:50:41,126293483+01:00
57.014092833
9.9873845
0.209
20.5
0.0
 
2019-02-27T16:50:42,133981064+01:00
57.014091333
9.987382167
0.096
20.2
0.0
 
2019-02-27T16:50:43,138787217+01:00
57.0140955
9.987385
0.212
19.9
0.0
 
2019-02-27T16:50:44,123203979+01:00
57.014090667
9.987383167
0.015
19.5
0.0
 
2019-02-27T16:50:45,131687003+01:00
57.0140865
9.98738
0.105
19.3
0.0
 
2019-02-27T16:50:46,136668010+01:00
57.014080667
9.987379667
0.227
19.0
0.0
 
2019-02-27T16:50:47,142458692+01:00
57.014075833
9.987385167
0.319
18.4
0.0
 
2019-02-27T16:50:48,130020311+01:00
57.014069667
9.987378333
0.4
18.2
0.0
 
2019-02-27T16:50:49,141917679+01:00
57.014072167
9.987377667
0.147
18.3
0.0
 
2019-02-27T16:50:50,141876364+01:00
57.014072
9.987380833
0.108
18.3
0.0
 
2019-02-27T16:50:51,142026631+01:00
57.014071167
9.987375333
0.12
18.6
0.0
 
2019-02-27T16:50:52,139088016+01:00
57.014075833
9.987376167
0.103
19.1
0.0
 
2019-02-27T16:50:53,140850479+01:00
57.014074833
9.987369833
0.117
19.4
0.0
 
2019-02-27T16:50:54,139737078+01:00
57.014076
9.987372667
0.054
19.7
0.0
 
2019-02-27T16:50:55,137735741+01:00
57.014076667
9.987378833
0.053
19.5
0.0
 
2019-02-27T16:50:56,136900894+01:00
57.014071667
9.987381667
0.216
19.8
0.0
 
2019-02-27T16:50:57,137576381+01:00
57.014069167
9.987379333
0.249
20.2
0.0
 
2019-02-27T16:50:58,131584914+01:00
57.014064
9.987385167
0.349
20.1
0.0
 
2019-02-27T16:50:59,136542542+01:00
57.014063167
9.987386
0.276
20.1
0.0
 
2019-02-27T16:51:00,142551126+01:00
57.014060333
9.987383
0.371
20.4
0.0
 
2019-02-27T16:51:01,134207935+01:00
57.014060667
9.987385167
0.305
20.4
0.0
 
2019-02-27T16:51:02,137921212+01:00
57.014065167
9.987381833
0.066
20.7
0.0
 
2019-02-27T16:51:03,143041617+01:00
57.014062333
9.987383167
0.166
20.6
0.0
 
2019-02-27T16:51:04,133261514+01:00
57.0140575
9.987381667
0.28
20.6
0.0
 
2019-02-27T16:51:05,136313025+01:00
57.014058167
9.987379
0.213
20.5
0.0
 
2019-02-27T16:51:06,132692054+01:00
57.014056
9.987378167
0.24
20.2
0.0
 
2019-02-27T16:51:07,145722963+01:00
57.014057333
9.9873825
0.105
20.2
0.0
 
2019-02-27T16:51:08,133428520+01:00
57.014061833
9.987387167
0.125
20.5
0.0
 
2019-02-27T16:51:09,136184238+01:00
57.014066
9.9873905
0.246
20.4
0.0
 
2019-02-27T16:51:10,133961898+01:00
57.0140635
9.987391167
0.126
20.8
0.0
 
2019-02-27T16:51:11,135722779+01:00
57.014059167
9.987394833
0.183
20.8
0.0
 
2019-02-27T16:51:12,135991591+01:00
57.014061667
9.9874
0.229
20.8
0.0
 
2019-02-27T16:51:13,132822661+01:00
57.014058
9.987398667
0.193
21.0
0.0
 
2019-02-27T16:51:14,139416861+01:00
57.014054667
9.987394
0.154
20.8
0.0
 
2019-02-27T16:51:15,135541868+01:00
57.0140545
9.987396333
0.123
21.1
0.0
 
2019-02-27T16:51:16,131946930+01:00
57.014051833
9.987385833
0.1
21.1
0.0
 
2019-02-27T16:51:17,142874181+01:00
57.014050333
9.987384833
0.048
21.3
0.0
 
2019-02-27T16:51:18,132502268+01:00
57.014055
9.987388667
0.217
21.6
0.0
 
2019-02-27T16:51:19,151166512+01:00
57.014049667
9.987383667
0.016
21.5
0.0
 
2019-02-27T16:51:20,131877345+01:00
57.014045333
9.987381833
0.088
21.4
0.0
 
2019-02-27T16:51:21,134755082+01:00
57.014041333
9.987379833
0.147
21.3
0.0
 
2019-02-27T16:51:22,129281433+01:00
57.014039833
9.987388833
0.221
21.1
0.0
 
2019-02-27T16:51:23,134669110+01:00
57.014038167
9.987393333
0.264
21.5
0.0
 
2019-02-27T16:51:24,134161830+01:00
57.014031
9.987384667
0.31
22.1
0.0
 
2019-02-27T16:51:25,136612457+01:00
57.014033833
9.987377833
0.08
22.4
0.0
 
2019-02-27T16:51:26,128900527+01:00
57.014030333
9.987369667
0.159
22.1
0.0
 
2019-02-27T16:51:27,134824564+01:00
57.014026833
9.987360333
0.235
21.9
0.0
 
2019-02-27T16:51:28,132458249+01:00
57.014025333
9.987357
0.162
22.1
0.0
 
2019-02-27T16:51:29,132160603+01:00
57.014019
9.987352833
0.295
22.1
0.0
 
2019-02-27T16:51:30,129295708+01:00
57.014013667
9.987353667
0.331
22.1
0.0
 
2019-02-27T16:51:31,133388899+01:00
57.014010667
9.9873585
0.329
22.2
0.0
 
2019-02-27T16:51:32,134865411+01:00
57.014009833
9.987364
0.266
22.4
0.0
 
2019-02-27T16:51:33,128003567+01:00
57.014010833
9.987358167
0.131
22.7
0.0
 
2019-02-27T16:51:34,124287821+01:00
57.014014167
9.9873605
0.238
22.8
0.0
 
2019-02-27T16:51:35,130306400+01:00
57.0140105
9.987352833
0.064
23.1
0.0
 
2019-02-27T16:51:36,131472717+01:00
57.01401
9.987356
0.227
23.3
0.0
 
2019-02-27T16:51:37,127495839+01:00
57.014010833
9.9873525
0.23
23.1
0.0
 
2019-02-27T16:51:38,126751389+01:00
57.013998833
9.987343833
0.279
23.1
0.0
 
2019-02-27T16:51:39,126190022+01:00
57.013999167
9.987351
0.191
22.9
0.0
 
2019-02-27T16:51:40,124612097+01:00
57.013991167
9.987332333
0.318
22.8
0.0
 
2019-02-27T16:51:41,138565410+01:00
57.013994667
9.987335
0.136
23.0
0.0
 
2019-02-27T16:51:42,125521519+01:00
57.0140005
9.9873445
0.368
22.6
0.0
 
2019-02-27T16:51:43,130425932+01:00
57.0139995
9.9873445
0.266
22.3
0.0
 
2019-02-27T16:51:44,126821450+01:00
57.014002833
9.9873465
0.373
22.2
0.0
 
2019-02-27T16:51:45,125257860+01:00
57.013997333
9.987341333
0.171
22.1
0.0
 
2019-02-27T16:51:46,122658884+01:00
57.0139955
9.987327833
0.056
22.3
0.0
 
2019-02-27T16:51:47,135404965+01:00
57.013994
9.9873195
0.086
22.5
0.0
 
2019-02-27T16:51:48,132615069+01:00
57.013992667
9.9873255
0.144
21.9
0.0
 
2019-02-27T16:51:49,139529572+01:00
57.0139955
9.987328333
0.272
21.3
0.0
 
2019-02-27T16:51:50,141221637+01:00
57.013989667
9.987318833
0.02
20.7
0.0
 
2019-02-27T16:51:51,151388932+01:00
57.013988667
9.9873225
0.144
20.2
0.0
 
2019-02-27T16:51:52,171518962+01:00
57.013985
9.987314833
0.131
20.1
0.0
 
2019-02-27T16:51:53,163751130+01:00
57.013994333
9.987326
0.361
19.5
0.0
 
2019-02-27T16:51:54,165948472+01:00
57.013990833
9.9873215
0.176
19.0
0.0
 
2019-02-27T16:51:55,170706297+01:00
57.013988167
9.987323
0.194
18.3
0.0
 
2019-02-27T16:51:56,174963349+01:00
57.013986833
9.9873215
0.161
18.0
0.0
 
2019-02-27T16:51:57,179281387+01:00
57.013979333
9.987312333
0.112
17.4
0.0
 
2019-02-27T16:51:58,175731749+01:00
57.013977167
9.987311167
0.054
16.5
0.0
 
2019-02-27T16:51:59,185819828+01:00
57.013968833
9.987312167
0.245
15.9
0.0
 
2019-02-27T16:52:00,185336798+01:00
57.0139555
9.987299
0.535
14.8
0.0
 
2019-02-27T16:52:01,191274591+01:00
57.013950833
9.987303167
0.443
14.0
0.0
 
2019-02-27T16:52:02,196353529+01:00
57.013948667
9.987306
0.301
13.5
0.0
 
2019-02-27T16:52:03,193267687+01:00
57.0139455
9.987305833
0.276
13.0
0.0
 
2019-02-27T16:52:04,192697361+01:00
57.013937667
9.987301167
0.365
12.3
0.0
 
2019-02-27T16:52:05,207156961+01:00
57.013929667
9.987289833
0.508
12.2
0.0
 
2019-02-27T16:52:06,198343488+01:00
57.0139235
9.987294667
0.456
11.5
0.0
 
2019-02-27T16:52:07,210049286+01:00
57.013917
9.987288167
0.471
10.8
0.0
 
2019-02-27T16:52:08,219199113+01:00
57.013914333
9.987283333
0.395
10.5
0.0
 
2019-02-27T16:52:09,206632935+01:00
57.0139105
9.987282333
0.379
9.9
0.0
 
2019-02-27T16:52:10,212176398+01:00
57.013903167
9.987274833
0.487
9.0
0.0
 
2019-02-27T16:52:11,214154220+01:00
57.013902833
9.987264167
0.429
8.6
0.0
 
2019-02-27T16:52:12,217975283+01:00
57.013896167
9.987261
0.527
7.9
0.0
 
2019-02-27T16:52:13,224208898+01:00
57.013895333
9.987263833
0.369
7.5
0.0
 
2019-02-27T16:52:14,217834392+01:00
57.013891667
9.987260667
0.297
7.0
0.0
 
2019-02-27T16:52:15,223318403+01:00
57.013886167
9.987276167
0.192
6.3
0.0
 
2019-02-27T16:52:16,218561435+01:00
57.013883
9.987275667
0.135
5.7
0.0
 
2019-02-27T16:52:17,224692014+01:00
57.013877833
9.987281833
0.274
5.2
0.0
 
2019-02-27T16:52:18,223338813+01:00
57.013872667
9.987271667
0.233
4.8
0.0
 
2019-02-27T16:52:19,248405270+01:00
57.013868167
9.987266667
0.283
4.1
0.0
 
2019-02-27T16:52:20,229251144+01:00
57.0138715
9.987269833
0.134
4.0
0.0
 
2019-02-27T16:52:21,227111249+01:00
57.0138715
9.987281
0.25
3.6
0.0
 
2019-02-27T16:52:22,225353306+01:00
57.0138725
9.987280167
0.166
3.5
0.0
 
2019-02-27T16:52:23,243117375+01:00
57.013874667
9.987290833
0.348
3.4
0.0
 
2019-02-27T16:52:24,227786372+01:00
57.0138715
9.987285833
0.187
3.4
0.0
 
2019-02-27T16:52:25,237405130+01:00
57.013876333
9.987289667
0.172
3.2
0.0
 
2019-02-27T16:52:26,223789179+01:00
57.013877833
9.987302333
0.33
3.1
0.0
 
2019-02-27T16:52:27,235031894+01:00
57.013878333
9.987307833
0.297
2.7
0.0
 
2019-02-27T16:52:28,232119782+01:00
57.01388
9.987310333
0.252
2.4
0.0
 
2019-02-27T16:52:29,236339934+01:00
57.013880667
9.9873085
0.148
2.2
0.0
 
2019-02-27T16:52:30,247837749+01:00
57.0138825
9.987304833
0.07
2.0
0.0
 
2019-02-27T16:52:31,235266647+01:00
57.013883333
9.987305667
0.147
1.9
0.0
 
2019-02-27T16:52:32,234593464+01:00
57.013885
9.987303667
0.106
1.9
0.0
 
2019-02-27T16:52:33,236418458+01:00
57.013889333
9.987311333
0.196
1.9
0.0
 
2019-02-27T16:52:34,237819164+01:00
57.0138905
9.987310667
0.159
1.7
0.0
 
2019-02-27T16:52:35,246522116+01:00
57.013892333
9.987310667
0.168
1.6
0.0
 
2019-02-27T16:52:36,241882413+01:00
57.0138945
9.987309
0.145
1.4
0.0
 
2019-02-27T16:52:37,256212544+01:00
57.013892667
9.9873005
0.065
1.2
0.0
 
2019-02-27T16:52:38,242939397+01:00
57.013895
9.987300167
0.044
1.5
0.0
 
2019-02-27T16:52:39,242676285+01:00
57.013896
9.9872915
0.018
1.7
0.0
 
2019-02-27T16:52:40,238313762+01:00
57.013898333
9.987299833
0.191
2.1
0.0
 
2019-02-27T16:52:41,243203683+01:00
57.0139035
9.987304333
0.272
2.6
0.0
 
2019-02-27T16:52:42,250053676+01:00
57.0139025
9.987303833
0.186
3.1
0.0
 
2019-02-27T16:52:43,245631027+01:00
57.013902833
9.987306167
0.231
3.4
0.0
 
2019-02-27T16:52:44,242500562+01:00
57.013903833
9.987312667
0.286
3.5
0.0
 
2019-02-27T16:52:45,252170365+01:00
57.013907
9.987321167
0.349
3.8
0.0
 
2019-02-27T16:52:46,253579927+01:00
57.01391
9.987326167
0.33
3.7
0.0
 
2019-02-27T16:52:47,251121688+01:00
57.013915333
9.987329167
0.294
4.0
0.0
 
2019-02-27T16:52:48,243017815+01:00
57.0139205
9.987327
0.188
4.2
0.0
 
2019-02-27T16:52:49,265958858+01:00
57.013922833
9.987326333
0.129
4.6
0.0
 
2019-02-27T16:52:50,250316171+01:00
57.013926167
9.987334833
0.206
5.0
0.0
 
2019-02-27T16:52:51,250169217+01:00
57.013930833
9.987330667
0.181
5.1
0.0
 
2019-02-27T16:52:52,246560695+01:00
57.013935
9.987327
0.177
5.4
0.0
 
2019-02-27T16:52:53,236356817+01:00
57.013939833
9.987326667
0.221
5.5
0.0
 
2019-02-27T16:52:54,227489446+01:00
57.013941
9.987341833
0.275
5.5
0.0
 
2019-02-27T16:52:55,231759541+01:00
57.013944833
9.987346333
0.269
5.8
0.0
 
2019-02-27T16:52:56,221176967+01:00
57.013955
9.987360167
0.564
6.3
0.0
 
2019-02-27T16:52:57,219981626+01:00
57.0139545
9.987355667
0.253
6.5
0.0
 
2019-02-27T16:52:58,220975004+01:00
57.013953667
9.987349333
0.077
6.6
0.0
 
2019-02-27T16:52:59,211822972+01:00
57.013957167
9.987356333
0.247
6.7
0.0
 
2019-02-27T16:53:00,209826965+01:00
57.013954667
9.987362667
0.271
6.7
0.0
 
