
2019-05-11T17:55:35,542025964+02:00
57.013895833
9.987118833
0.1152
nan
0.0
 
2019-05-11T17:55:35,709075756+02:00
57.0138965
9.987119167
0.5436
nan
0.0
 
2019-05-11T17:55:35,907006843+02:00
57.0138965
9.987119667
0.3888
nan
0.0
 
2019-05-11T17:55:36,110748554+02:00
57.013896667
9.987120333
0.612
nan
0.0
 
2019-05-11T17:55:36,312401838+02:00
57.013896833
9.987121167
0.6588
nan
0.0
 
2019-05-11T17:55:36,511475636+02:00
57.013897
9.9871225
0.9468
nan
0.0
 
2019-05-11T17:55:36,708426501+02:00
57.013897333
9.987123667
1.0116
nan
0.0
 
2019-05-11T17:55:36,909218414+02:00
57.0138975
9.987124333
0.9828
nan
0.0
 
2019-05-11T17:55:37,106259325+02:00
57.013898167
9.987124667
1.0188
nan
0.0
 
2019-05-11T17:55:37,313982386+02:00
57.013898167
9.987125
0.7452
nan
0.0
 
2019-05-11T17:55:37,509447786+02:00
57.013897833
9.987125333
0.54
nan
0.0
 
2019-05-11T17:55:37,713663906+02:00
57.0138975
9.987124833
0.2844
nan
0.0
 
2019-05-11T17:55:37,910160143+02:00
57.013897
9.987125333
0.1872
nan
0.0
 
2019-05-11T17:55:38,112433619+02:00
57.013896667
9.987126
0.2988
nan
0.0
 
2019-05-11T17:55:38,307368774+02:00
57.0138965
9.9871265
0.3132
nan
0.0
 
2019-05-11T17:55:38,509112146+02:00
57.013896167
9.987127
0.3636
nan
0.0
 
2019-05-11T17:55:38,708342366+02:00
57.013896333
9.987128
0.2484
nan
0.0
 
2019-05-11T17:55:38,908505228+02:00
57.013895833
9.987128333
0.3492
nan
0.0
 
2019-05-11T17:55:39,110820568+02:00
57.013895833
9.9871285
0.2124
nan
0.0
 
2019-05-11T17:55:39,311608229+02:00
57.013897
9.987129667
0.5796
nan
0.0
 
2019-05-11T17:55:39,509841802+02:00
57.013897667
9.987130833
0.7704
nan
0.0
 
2019-05-11T17:55:39,710409999+02:00
57.013897833
9.987131
0.7272
nan
0.0
 
2019-05-11T17:55:39,907672670+02:00
57.013897833
9.9871315
0.7128
nan
0.0
 
2019-05-11T17:55:40,115582220+02:00
57.013897833
9.987131833
0.6732
nan
0.0
 
2019-05-11T17:55:40,310983369+02:00
57.013899833
9.9871315
0.7956
nan
0.0
 
2019-05-11T17:55:40,517984226+02:00
57.013900167
9.987132
0.7092
nan
0.0
 
2019-05-11T17:55:40,714137476+02:00
57.0139005
9.987132333
0.8748
nan
0.0
 
2019-05-11T17:55:40,918247750+02:00
57.013902
9.987133167
0.7632
nan
0.0
 
2019-05-11T17:55:41,113065637+02:00
57.0139025
9.987133167
0.7128
nan
0.0
 
2019-05-11T17:55:41,315389077+02:00
57.013902833
9.987132833
0.72
nan
0.0
 
2019-05-11T17:55:41,513450664+02:00
57.013903
9.987133
0.7344
nan
0.0
 
2019-05-11T17:55:41,713174544+02:00
57.013903833
9.987134
0.9036
nan
0.0
 
2019-05-11T17:55:41,914103577+02:00
57.013906
9.987135333
1.5624
nan
0.0
 
2019-05-11T17:55:42,121413898+02:00
57.013907167
9.987137
1.6524
nan
0.0
 
2019-05-11T17:55:42,309058096+02:00
57.013908
9.987137333
1.5984
nan
0.0
 
2019-05-11T17:55:42,511425014+02:00
57.0139075
9.987137667
1.1556
nan
0.0
 
2019-05-11T17:55:42,713522733+02:00
57.013908833
9.987137833
1.3176
nan
0.0
 
2019-05-11T17:55:42,911724392+02:00
57.013907167
9.987136833
0.6588
nan
0.0
 
2019-05-11T17:55:43,115250404+02:00
57.013908333
9.987138833
1.1124
nan
0.0
 
2019-05-11T17:55:43,318044489+02:00
57.013909667
9.9871395
1.2636
nan
0.0
 
2019-05-11T17:55:43,509488027+02:00
57.01391
9.987138667
0.9252
nan
0.0
 
2019-05-11T17:55:43,724267216+02:00
57.013909
9.987139167
0.6588
nan
0.0
 
2019-05-11T17:55:43,909745694+02:00
57.013909
9.987139167
0.4428
nan
0.0
 
2019-05-11T17:55:44,126146690+02:00
57.013908333
9.9871385
0.4608
nan
0.0
 
2019-05-11T17:55:44,312547040+02:00
57.0139095
9.987139167
0.6624
nan
0.0
 
2019-05-11T17:55:44,512039103+02:00
57.013909667
9.98714
0.8172
nan
0.0
 
2019-05-11T17:55:44,711179121+02:00
57.013907333
9.9871375
0.216
nan
0.0
 
2019-05-11T17:55:44,925421042+02:00
57.013903833
9.987133
1.0188
nan
0.0
 
2019-05-11T17:55:45,116060858+02:00
57.013904333
9.987132667
0.4536
nan
0.0
 
2019-05-11T17:55:45,313563672+02:00
57.013903667
9.987132167
0.6084
nan
0.0
 
2019-05-11T17:55:45,509713652+02:00
57.013902167
9.98713
0.9288
nan
0.0
 
2019-05-11T17:55:45,716156357+02:00
57.0139015
9.987130167
1.0476
nan
0.0
 
2019-05-11T17:55:45,911992190+02:00
57.0139005
9.9871295
1.17
nan
0.0
 
2019-05-11T17:55:46,116003301+02:00
57.013901167
9.987131
0.7344
nan
0.0
 
2019-05-11T17:55:46,313914995+02:00
57.013901667
9.987130333
0.3456
nan
0.0
 
2019-05-11T17:55:46,519940358+02:00
57.013902
9.987131333
0.2376
nan
0.0
 
2019-05-11T17:55:46,714040900+02:00
57.013901833
9.987132167
0.1656
nan
0.0
 
2019-05-11T17:55:46,918560086+02:00
57.013901667
9.987134667
0.3276
nan
0.0
 
2019-05-11T17:55:47,115046997+02:00
57.013900833
9.987136167
0.3168
nan
0.0
 
2019-05-11T17:55:47,316406429+02:00
57.0139005
9.987137333
0.3924
nan
0.0
 
2019-05-11T17:55:47,512725243+02:00
57.013901833
9.987138667
0.6084
nan
0.0
 
2019-05-11T17:55:47,711823559+02:00
57.0139025
9.987141167
0.864
nan
0.0
 
2019-05-11T17:55:47,908038178+02:00
57.013903667
9.987144167
1.3932
nan
0.0
 
2019-05-11T17:55:48,107781435+02:00
57.013904
9.987146833
1.674
nan
0.0
 
2019-05-11T17:55:48,310651636+02:00
57.013903167
9.987147333
1.206
nan
0.0
 
2019-05-11T17:55:48,514143370+02:00
57.013901333
9.987148167
1.1196
nan
0.0
 
2019-05-11T17:55:48,711897006+02:00
57.013902
9.9871495
1.368
nan
0.0
 
2019-05-11T17:55:48,918492689+02:00
57.013903833
9.987153833
1.9548
nan
0.0
 
2019-05-11T17:55:49,110841724+02:00
57.013907
9.987157333
2.8764
nan
29.97
 
2019-05-11T17:55:49,315717778+02:00
57.013907667
9.9871575
2.7432
nan
0.0
 
2019-05-11T17:55:49,508803527+02:00
57.0139085
9.987158833
2.808
nan
0.0
 
2019-05-11T17:55:49,726856944+02:00
57.0139095
9.9871615
2.7936
nan
0.0
 
2019-05-11T17:55:49,910783886+02:00
57.013909333
9.987167333
3.006
nan
0.0
 
2019-05-11T17:55:50,113086062+02:00
57.013908833
9.987170667
2.736
nan
0.0
 
2019-05-11T17:55:50,318553543+02:00
57.013908
9.987169167
2.214
nan
0.0
 
2019-05-11T17:55:50,514747408+02:00
57.013909167
9.987172333
2.5452
nan
0.0
 
2019-05-11T17:55:50,711505384+02:00
57.0139085
9.9871735
2.3436
nan
0.0
 
2019-05-11T17:55:50,910226566+02:00
57.013907167
9.987172667
1.908
nan
0.0
 
2019-05-11T17:55:51,111168787+02:00
57.013905667
9.987173333
1.8288
nan
0.0
 
2019-05-11T17:55:51,317560853+02:00
57.013905833
9.9871745
1.4976
nan
0.0
 
2019-05-11T17:55:51,514451677+02:00
57.013905333
9.987173333
1.1736
nan
0.0
 
2019-05-11T17:55:51,714151566+02:00
57.013905167
9.987174667
1.296
nan
0.0
 
2019-05-11T17:55:51,919744646+02:00
57.013907333
9.987175
1.3752
nan
0.0
 
2019-05-11T17:55:52,115838633+02:00
57.0139065
9.987174
0.9396
nan
0.0
 
2019-05-11T17:55:52,317271288+02:00
57.013905167
9.987175
0.9504
nan
0.0
 
2019-05-11T17:55:52,512395960+02:00
57.013903
9.987176
1.3284
nan
0.0
 
2019-05-11T17:55:52,715313793+02:00
57.013902333
9.987177167
1.3356
nan
0.0
 
2019-05-11T17:55:52,919989130+02:00
57.013902833
9.9871785
0.882
nan
0.0
 
2019-05-11T17:55:53,113121282+02:00
57.013905333
9.987180167
0.8388
nan
0.0
 
2019-05-11T17:55:53,317089645+02:00
57.013905
9.987181
0.8064
nan
0.0
 
2019-05-11T17:55:53,511064676+02:00
57.013903667
9.987182333
0.918
nan
0.0
 
2019-05-11T17:55:53,720033599+02:00
57.013903333
9.987183833
0.9108
nan
0.0
 
2019-05-11T17:55:53,912270751+02:00
57.013903
9.987186667
1.062
nan
0.0
 
2019-05-11T17:55:54,115161113+02:00
57.013901833
9.9871875
0.666
nan
0.0
 
2019-05-11T17:55:54,308993680+02:00
57.0139015
9.987188
0.612
nan
0.0
 
2019-05-11T17:55:54,512532082+02:00
57.013900833
9.987189
0.6084
nan
0.0
 
2019-05-11T17:55:54,706811290+02:00
57.013901167
9.987189667
0.6264
nan
0.0
 
2019-05-11T17:55:54,907083310+02:00
57.013901667
9.987189833
0.6912
nan
0.0
 
2019-05-11T17:55:55,112987773+02:00
57.013901667
9.987191
0.7632
nan
0.0
 
2019-05-11T17:55:55,312262654+02:00
57.013902
9.987192333
0.7272
nan
0.0
 
2019-05-11T17:55:55,516079841+02:00
57.013901667
9.987193667
0.8064
nan
0.0
 
2019-05-11T17:55:55,713122529+02:00
57.013899833
9.987194
0.252
nan
0.0
 
2019-05-11T17:55:55,913945736+02:00
57.013898333
9.987194667
0.3312
nan
0.0
 
2019-05-11T17:55:56,110301029+02:00
57.013897
9.987195333
0.3636
nan
0.0
 
2019-05-11T17:55:56,309706158+02:00
57.013897333
9.987195667
0.18
nan
0.0
 
2019-05-11T17:55:56,515334864+02:00
57.013898167
9.987196167
0.1332
nan
0.0
 
2019-05-11T17:55:56,712569522+02:00
57.013895167
9.987196833
1.0152
nan
0.0
 
2019-05-11T17:55:56,911346744+02:00
57.013892833
9.9871995
1.5012
nan
0.0
 
2019-05-11T17:55:57,111461524+02:00
57.013891833
9.9872005
1.3644
nan
0.0
 
2019-05-11T17:55:57,320866829+02:00
57.013893167
9.987201833
0.9792
nan
0.0
 
2019-05-11T17:55:57,516330389+02:00
57.013894667
9.987201667
0.3204
nan
0.0
 
2019-05-11T17:55:57,707367411+02:00
57.013894667
9.987201667
0.4104
nan
0.0
 
2019-05-11T17:55:57,908469776+02:00
57.013894667
9.987203167
0.7416
nan
0.0
 
2019-05-11T17:55:58,118611346+02:00
57.013894333
9.9872045
0.6192
nan
0.0
 
2019-05-11T17:55:58,309626894+02:00
57.0138935
9.9872055
0.81
nan
0.0
 
2019-05-11T17:55:58,515252830+02:00
57.013893167
9.987206167
0.9756
nan
0.0
 
2019-05-11T17:55:58,713744208+02:00
57.0138925
9.987207667
1.008
nan
0.0
 
2019-05-11T17:55:58,913922029+02:00
57.013892
9.987209333
0.9684
nan
0.0
 
2019-05-11T17:55:59,106708377+02:00
57.013892667
9.98721
0.774
nan
0.0
 
2019-05-11T17:55:59,312740498+02:00
57.013891667
9.9872105
0.738
nan
0.0
 
2019-05-11T17:55:59,510368422+02:00
57.0138895
9.9872125
1.2852
nan
0.0
 
2019-05-11T17:55:59,711404045+02:00
57.013889167
9.987213833
1.2348
nan
0.0
 
2019-05-11T17:55:59,914669774+02:00
57.013888333
9.987215833
1.3536
nan
0.0
 
2019-05-11T17:56:00,114098521+02:00
57.013885333
9.987215833
1.332
nan
0.0
 
2019-05-11T17:56:00,312156116+02:00
57.013884167
9.987216333
1.062
nan
0.0
 
2019-05-11T17:56:00,512389794+02:00
57.0138845
9.987218333
0.6336
nan
0.0
 
2019-05-11T17:56:00,713584990+02:00
57.013885167
9.987219667
0.6264
nan
0.0
 
2019-05-11T17:56:00,915260862+02:00
57.0138855
9.987220167
0.432
nan
0.0
 
2019-05-11T17:56:01,119597082+02:00
57.013883833
9.987220167
1.0584
nan
0.0
 
2019-05-11T17:56:01,312378029+02:00
57.013881
9.9872215
1.584
nan
0.0
 
2019-05-11T17:56:01,507796862+02:00
57.01388
9.987223167
1.5696
nan
0.0
 
2019-05-11T17:56:01,717053560+02:00
57.013879167
9.9872215
1.4724
nan
0.0
 
2019-05-11T17:56:01,907545991+02:00
57.013878667
9.987223833
1.4724
nan
0.0
 
2019-05-11T17:56:02,118056514+02:00
57.013878833
9.987224667
1.1412
nan
0.0
 
2019-05-11T17:56:02,319562962+02:00
57.0138795
9.987225167
1.1232
nan
0.0
 
2019-05-11T17:56:02,511185055+02:00
57.01388
9.9872255
0.8748
nan
0.0
 
2019-05-11T17:56:02,725786980+02:00
57.0138795
9.987226667
1.1628
nan
0.0
 
2019-05-11T17:56:02,910804225+02:00
57.013878333
9.987227667
1.3068
nan
0.0
 
2019-05-11T17:56:03,110560627+02:00
57.013876333
9.987226667
1.5984
nan
0.0
 
2019-05-11T17:56:03,308379630+02:00
57.0138765
9.987229167
1.6596
nan
0.0
 
2019-05-11T17:56:03,510042175+02:00
57.013875667
9.987231333
1.872
nan
0.0
 
2019-05-11T17:56:03,715536588+02:00
57.013875333
9.9872345
2.0772
nan
0.0
 
2019-05-11T17:56:03,909314045+02:00
57.013875333
9.987236833
1.8684
nan
0.0
 
2019-05-11T17:56:04,114598031+02:00
57.0138755
9.987238
1.494
nan
0.0
 
2019-05-11T17:56:04,316822599+02:00
57.013877167
9.987241833
1.4832
nan
0.0
 
2019-05-11T17:56:04,519227497+02:00
57.0138775
9.987241667
1.0764
nan
0.0
 
2019-05-11T17:56:04,713340963+02:00
57.013877667
9.987241333
0.7416
nan
0.0
 
2019-05-11T17:56:04,911973102+02:00
57.013878167
9.987245333
1.3608
nan
0.0
 
2019-05-11T17:56:05,110651486+02:00
57.013877167
9.987246167
1.1052
nan
0.0
 
2019-05-11T17:56:05,318308614+02:00
57.013876
9.987246667
0.9972
nan
0.0
 
2019-05-11T17:56:05,509394840+02:00
57.013876667
9.987248833
0.8496
nan
0.0
 
2019-05-11T17:56:05,715965595+02:00
57.013876333
9.987249333
0.5904
nan
0.0
 
2019-05-11T17:56:05,911601055+02:00
57.013874833
9.987247167
0.648
nan
0.0
 
2019-05-11T17:56:06,111538287+02:00
57.013874
9.9872455
0.5364
nan
0.0
 
2019-05-11T17:56:06,315057399+02:00
57.013873333
9.9872455
0.6696
nan
0.0
 
2019-05-11T17:56:06,516088679+02:00
57.013873833
9.987244167
0.1584
nan
0.0
 
2019-05-11T17:56:06,717093897+02:00
57.013872
9.987242833
0.9288
nan
0.0
 
2019-05-11T17:56:06,915126232+02:00
57.013870167
9.987242833
1.6092
nan
0.0
 
2019-05-11T17:56:07,115852586+02:00
57.013870833
9.9872475
1.7424
nan
0.0
 
2019-05-11T17:56:07,321924057+02:00
57.013871
9.987248333
1.2528
nan
0.0
 
2019-05-11T17:56:07,507239648+02:00
57.013871667
9.9872495
0.7848
nan
0.0
 
2019-05-11T17:56:07,712169810+02:00
57.013872
9.9872505
0.6912
nan
0.0
 
2019-05-11T17:56:07,911441853+02:00
57.013871833
9.987253333
1.0692
nan
0.0
 
2019-05-11T17:56:08,112513470+02:00
57.013870333
9.9872555
1.4436
nan
0.0
 
2019-05-11T17:56:08,315148046+02:00
57.013866167
9.987255833
2.1024
nan
0.0
 
2019-05-11T17:56:08,514771227+02:00
57.013862833
9.987257167
2.394
nan
0.0
 
2019-05-11T17:56:08,712580831+02:00
57.013860833
9.987261167
2.736
nan
0.0
 
2019-05-11T17:56:08,913991928+02:00
57.013858167
9.987262833
2.952
nan
0.0
 
2019-05-11T17:56:09,108335658+02:00
57.013855667
9.987264333
3.06
nan
0.0
 
2019-05-11T17:56:09,314049651+02:00
57.013853667
9.987266667
2.8872
nan
0.0
 
2019-05-11T17:56:09,513009538+02:00
57.0138525
9.987266833
2.1564
nan
0.0
 
2019-05-11T17:56:09,714951197+02:00
57.013853667
9.987270333
1.7352
nan
0.0
 
2019-05-11T17:56:09,918641598+02:00
57.013855167
9.987272167
1.2456
nan
0.0
 
2019-05-11T17:56:10,109336485+02:00
57.013855
9.987275333
1.6092
nan
0.0
 
2019-05-11T17:56:10,310733500+02:00
57.0138565
9.9872795
1.9944
nan
0.0
 
2019-05-11T17:56:10,522477201+02:00
57.013857
9.987282167
1.9512
nan
0.0
 
2019-05-11T17:56:10,714411712+02:00
57.013856
9.987281167
1.4724
nan
0.0
 
2019-05-11T17:56:10,927174665+02:00
57.0138545
9.987282167
1.4184
nan
0.0
 
2019-05-11T17:56:11,108506672+02:00
57.0138535
9.987284333
1.3212
nan
0.0
 
2019-05-11T17:56:11,311638772+02:00
57.013854
9.9872865
1.638
nan
0.0
 
2019-05-11T17:56:11,506184289+02:00
57.013852333
9.987284167
0.8856
nan
0.0
 
2019-05-11T17:56:11,715073755+02:00
57.013852
9.9872865
1.1772
nan
0.0
 
2019-05-11T17:56:11,912195288+02:00
57.01385
9.987287833
1.4076
nan
0.0
 
2019-05-11T17:56:12,116189535+02:00
57.013846333
9.987283167
1.3248
nan
0.0
 
2019-05-11T17:56:12,315525889+02:00
57.0138465
9.987284
1.3428
nan
0.0
 
2019-05-11T17:56:12,516742616+02:00
57.013845667
9.9872825
0.9216
nan
0.0
 
2019-05-11T17:56:12,715434450+02:00
57.013848333
9.987280667
0.4428
nan
0.0
 
2019-05-11T17:56:12,921053421+02:00
57.013848833
9.987276167
0.054
nan
0.0
 
2019-05-11T17:56:13,111386258+02:00
57.0138515
9.987274333
0.4464
nan
0.0
 
2019-05-11T17:56:13,318528511+02:00
57.013855
9.987271667
1.3644
nan
0.0
 
2019-05-11T17:56:13,512381627+02:00
57.0138605
9.987270667
1.9008
nan
0.0
 
2019-05-11T17:56:13,713898258+02:00
57.013869333
9.9872735
3.3408
nan
15.32
 
2019-05-11T17:56:13,922263192+02:00
57.013878833
9.987276833
4.77
nan
8.95
 
2019-05-11T17:56:14,118739135+02:00
57.013881333
9.987274667
4.194
nan
6.01
 
2019-05-11T17:56:14,306730276+02:00
57.013882333
9.987274833
3.7836
nan
5.29
 
2019-05-11T17:56:14,523281013+02:00
57.013888333
9.9872745
4.1904
nan
3.12
 
2019-05-11T17:56:14,714498990+02:00
57.0138945
9.9872735
4.5972
nan
2.11
 
2019-05-11T17:56:14,919787156+02:00
57.013899667
9.9872725
4.5612
nan
2.66
 
2019-05-11T17:56:15,114887511+02:00
57.013902833
9.987268667
4.3164
nan
0.59
 
2019-05-11T17:56:15,319531162+02:00
57.013907667
9.987267167
4.572
nan
357.99
 
2019-05-11T17:56:15,519269669+02:00
57.0139125
9.9872665
5.0796
nan
355.67
 
2019-05-11T17:56:15,711316198+02:00
57.013917333
9.987266167
4.9644
nan
356.67
 
2019-05-11T17:56:15,913378346+02:00
57.013924667
9.987267667
5.5476
nan
359.05
 
2019-05-11T17:56:16,121030454+02:00
57.013931667
9.987269
6.228
nan
359.48
 
2019-05-11T17:56:16,314761896+02:00
57.013937
9.98727
5.9436
nan
1.85
 
2019-05-11T17:56:16,517524366+02:00
57.013942167
9.987268667
5.8716
nan
3.51
 
2019-05-11T17:56:16,714326552+02:00
57.013948
9.9872685
5.94
nan
3.29
 
2019-05-11T17:56:16,926063289+02:00
57.013952667
9.987266167
5.922
nan
2.0
 
2019-05-11T17:56:17,113110394+02:00
57.013959167
9.987266333
6.4548
nan
0.17
 
2019-05-11T17:56:17,319864127+02:00
57.013962833
9.987264167
6.1812
nan
358.09
 
2019-05-11T17:56:17,514969055+02:00
57.013967
9.987262667
6.084
nan
356.12
 
2019-05-11T17:56:17,719194119+02:00
57.0139715
9.987262167
6.048
nan
355.86
 
2019-05-11T17:56:17,916207782+02:00
57.013974167
9.987259167
5.3784
nan
353.82
 
2019-05-11T17:56:18,118234659+02:00
57.013978833
9.987256333
5.7168
nan
350.74
 
2019-05-11T17:56:18,316513205+02:00
57.013982333
9.987256333
5.6268
nan
349.77
 
2019-05-11T17:56:18,517409830+02:00
57.013987333
9.9872575
5.5944
nan
350.72
 
2019-05-11T17:56:18,714197946+02:00
57.0139915
9.987261833
4.7736
nan
356.9
 
2019-05-11T17:56:18,920449345+02:00
57.013994833
9.987261833
4.554
nan
358.29
 
2019-05-11T17:56:19,118596322+02:00
57.013998167
9.987261333
4.464
nan
0.81
 
2019-05-11T17:56:19,318177645+02:00
57.014001333
9.987260833
4.1148
nan
3.45
 
2019-05-11T17:56:19,513518492+02:00
57.014003333
9.987264833
4.1976
nan
6.42
 
2019-05-11T17:56:19,713888615+02:00
57.014001833
9.987266167
3.168
nan
10.49
 
2019-05-11T17:56:19,910101596+02:00
57.0139995
9.9872645
2.6532
nan
0.0
 
2019-05-11T17:56:20,115894989+02:00
57.013998667
9.9872625
2.664
nan
0.0
 
2019-05-11T17:56:20,313533157+02:00
57.013999833
9.987263667
3.0744
nan
0.0
 
2019-05-11T17:56:20,510747833+02:00
57.013999833
9.9872665
2.7108
nan
0.0
 
2019-05-11T17:56:20,708584967+02:00
57.013999
9.987267333
2.2608
nan
0.0
 
2019-05-11T17:56:20,917449974+02:00
57.013995833
9.987263667
1.422
nan
0.0
 
2019-05-11T17:56:21,115069328+02:00
57.013993333
9.987261167
0.9504
nan
0.0
 
2019-05-11T17:56:21,311015567+02:00
57.013990333
9.987257667
0.5616
nan
0.0
 
2019-05-11T17:56:21,513971955+02:00
57.013987167
9.987255
0.8208
nan
0.0
 
2019-05-11T17:56:21,719522459+02:00
57.013985667
9.987254667
1.0692
nan
0.0
 
2019-05-11T17:56:21,912501199+02:00
57.013984
9.9872535
1.152
nan
0.0
 
2019-05-11T17:56:22,114055527+02:00
57.013982833
9.987252167
1.4688
nan
0.0
 
2019-05-11T17:56:22,325478008+02:00
57.013982667
9.987253833
1.4544
nan
0.0
 
2019-05-11T17:56:22,507857692+02:00
57.013982833
9.987254167
1.2564
nan
0.0
 
2019-05-11T17:56:22,710964922+02:00
57.013982
9.987252
1.116
nan
0.0
 
2019-05-11T17:56:22,911159014+02:00
57.013979833
9.9872505
0.9072
nan
0.0
 
2019-05-11T17:56:23,109721728+02:00
57.013979833
9.987252
0.7884
nan
0.0
 
2019-05-11T17:56:23,330497617+02:00
57.013979833
9.987252833
0.882
nan
0.0
 
2019-05-11T17:56:23,509115479+02:00
57.013979333
9.9872545
0.6408
nan
0.0
 
2019-05-11T17:56:23,723512515+02:00
57.013978167
9.987254833
0.4788
nan
0.0
 
2019-05-11T17:56:23,912184021+02:00
57.0139755
9.987251667
1.0224
nan
0.0
 
2019-05-11T17:56:24,114135173+02:00
57.013974833
9.9872515
0.7596
nan
0.0
 
2019-05-11T17:56:24,310810070+02:00
57.0139755
9.987254
0.4392
nan
0.0
 
2019-05-11T17:56:24,516168114+02:00
57.013976667
9.987257167
0.6264
nan
0.0
 
2019-05-11T17:56:24,711452863+02:00
57.013977
9.987258167
0.9144
nan
0.0
 
2019-05-11T17:56:24,912160560+02:00
57.0139755
9.987260167
0.4752
nan
0.0
 
2019-05-11T17:56:25,111810903+02:00
57.013975333
9.987261667
0.7164
nan
0.0
 
2019-05-11T17:56:25,315157420+02:00
57.013975167
9.987263
0.9036
nan
0.0
 
2019-05-11T17:56:25,510063691+02:00
57.013974833
9.987264333
0.9252
nan
0.0
 
2019-05-11T17:56:25,713825352+02:00
57.013975
9.9872655
1.1232
nan
0.0
 
2019-05-11T17:56:25,911776531+02:00
57.013977333
9.987268833
2.0016
nan
0.0
 
2019-05-11T17:56:26,117833460+02:00
57.013975833
9.987268333
1.5048
nan
0.0
 
2019-05-11T17:56:26,316210745+02:00
57.013975167
9.987268833
1.4184
nan
0.0
 
2019-05-11T17:56:26,517229270+02:00
57.013976833
9.987269333
1.836
nan
0.0
 
2019-05-11T17:56:26,717644186+02:00
57.0139775
9.987271167
1.9872
nan
0.0
 
2019-05-11T17:56:26,915020142+02:00
57.0139785
9.987272833
2.1564
nan
0.0
 
2019-05-11T17:56:27,112262389+02:00
57.013979333
9.987275167
2.2716
nan
0.0
 
2019-05-11T17:56:27,310624779+02:00
57.0139775
9.987273167
1.5948
nan
0.0
 
2019-05-11T17:56:27,512589190+02:00
57.013978
9.987274833
1.8396
nan
0.0
 
2019-05-11T17:56:27,718435372+02:00
57.013976167
9.9872735
1.152
nan
0.0
 
2019-05-11T17:56:27,911237257+02:00
57.013976167
9.987274167
1.1052
nan
0.0
 
2019-05-11T17:56:28,111446633+02:00
57.013976833
9.987275333
1.2888
nan
0.0
 
2019-05-11T17:56:28,311369519+02:00
57.013977167
9.9872775
1.4112
nan
0.0
 
2019-05-11T17:56:28,519098143+02:00
57.013977333
9.9872785
1.3752
nan
0.0
 
2019-05-11T17:56:28,714165577+02:00
57.013977167
9.987276
1.368
nan
0.0
 
2019-05-11T17:56:28,914888326+02:00
57.013977
9.9872775
1.1448
nan
0.0
 
2019-05-11T17:56:29,112368836+02:00
57.013977333
9.9872795
1.1592
nan
0.0
 
2019-05-11T17:56:29,323405570+02:00
57.013977167
9.987279
1.1088
nan
0.0
 
2019-05-11T17:56:29,514450716+02:00
57.013977
9.9872775
0.8748
nan
0.0
 
2019-05-11T17:56:29,715066156+02:00
57.0139785
9.987279833
1.3824
nan
0.0
 
2019-05-11T17:56:29,918198105+02:00
57.013979333
9.987283
1.5444
nan
0.0
 
2019-05-11T17:56:30,111110549+02:00
57.013980667
9.987284167
1.674
nan
0.0
 
2019-05-11T17:56:30,310057959+02:00
57.01398
9.987280833
1.4508
nan
0.0
 
2019-05-11T17:56:30,514696781+02:00
57.013981
9.9872815
1.4436
nan
0.0
 
2019-05-11T17:56:30,711193779+02:00
57.0139815
9.987280167
1.566
nan
0.0
 
2019-05-11T17:56:30,924779038+02:00
57.013981333
9.987280333
1.3032
nan
0.0
 
2019-05-11T17:56:31,118129256+02:00
57.013980833
9.9872805
0.8784
nan
0.0
 
2019-05-11T17:56:31,315231989+02:00
57.0139805
9.987280167
0.6552
nan
0.0
 
2019-05-11T17:56:31,519975494+02:00
57.013978833
9.987278333
0.3024
nan
0.0
 
2019-05-11T17:56:31,719484665+02:00
57.0139785
9.9872805
0.4212
nan
0.0
 
2019-05-11T17:56:31,911511744+02:00
57.0139785
9.987282667
0.2952
nan
0.0
 
2019-05-11T17:56:32,111165944+02:00
57.013978333
9.987285833
0.4536
nan
0.0
 
2019-05-11T17:56:32,315437613+02:00
57.0139775
9.987287667
0.6948
nan
0.0
 
2019-05-11T17:56:32,514206073+02:00
57.013977
9.9872905
0.9432
nan
0.0
 
2019-05-11T17:56:32,709951272+02:00
57.013978833
9.987292667
1.0152
nan
0.0
 
2019-05-11T17:56:32,918985972+02:00
57.013979667
9.9872935
1.1808
nan
0.0
 
2019-05-11T17:56:33,113872373+02:00
57.013981333
9.987297
1.6488
nan
0.0
 
2019-05-11T17:56:33,310790481+02:00
57.013982333
9.987296167
1.7676
nan
0.0
 
2019-05-11T17:56:33,510207999+02:00
57.013982167
9.987296167
1.692
nan
0.0
 
2019-05-11T17:56:33,709058305+02:00
57.013982333
9.987296167
1.6812
nan
0.0
 
2019-05-11T17:56:33,920521243+02:00
57.0139815
9.987295667
1.3788
nan
0.0
 
2019-05-11T17:56:34,109604822+02:00
57.013981833
9.987297333
1.332
nan
0.0
 
2019-05-11T17:56:34,312295194+02:00
57.013981167
9.987298
1.0944
nan
0.0
 
2019-05-11T17:56:34,513763259+02:00
57.013980167
9.987301333
1.2888
nan
0.0
 
2019-05-11T17:56:34,714247220+02:00
57.013980167
9.987302833
1.2996
nan
0.0
 
2019-05-11T17:56:34,915912664+02:00
57.013980167
9.987305833
1.6236
nan
0.0
 
2019-05-11T17:56:35,111057217+02:00
57.013981167
9.987306
1.6488
nan
0.0
 
2019-05-11T17:56:35,313325164+02:00
57.013982333
9.987307833
1.8684
nan
0.0
 
2019-05-11T17:56:35,515381507+02:00
57.013983667
9.987309833
2.016
nan
0.0
 
2019-05-11T17:56:35,713957310+02:00
57.013983333
9.987311333
1.9116
nan
0.0
 
2019-05-11T17:56:35,916809980+02:00
57.013983
9.987313333
1.9512
nan
0.0
 
2019-05-11T17:56:36,112099446+02:00
57.013982667
9.9873135
1.8648
nan
0.0
 
2019-05-11T17:56:36,322158810+02:00
57.013982333
9.987313167
1.5444
nan
0.0
 
2019-05-11T17:56:36,525243618+02:00
57.013982333
9.987314667
1.4364
nan
0.0
 
2019-05-11T17:56:36,710946062+02:00
57.013984
9.987317
1.8612
nan
0.0
 
2019-05-11T17:56:36,924446655+02:00
57.0139845
9.9873155
1.6704
nan
0.0
 
2019-05-11T17:56:37,110855726+02:00
57.013983
9.987315333
0.9864
nan
0.0
 
2019-05-11T17:56:37,317184579+02:00
57.0139825
9.987317
1.368
nan
0.0
 
2019-05-11T17:56:37,513361521+02:00
57.013982333
9.987317667
1.35
nan
0.0
 
2019-05-11T17:56:37,710725147+02:00
57.013981167
9.987317333
1.026
nan
0.0
 
2019-05-11T17:56:37,912705124+02:00
57.013980833
9.987317333
0.6588
nan
0.0
 
2019-05-11T17:56:38,114266270+02:00
57.013978333
9.987313167
0.8244
nan
0.0
 
2019-05-11T17:56:38,309917536+02:00
57.013976333
9.987312833
1.3104
nan
0.0
 
2019-05-11T17:56:38,510296861+02:00
57.013974
9.987312833
1.314
nan
0.0
 
2019-05-11T17:56:38,709780115+02:00
57.013974667
9.9873135
0.7992
nan
0.0
 
2019-05-11T17:56:38,914733355+02:00
57.013975833
9.987315667
0.504
nan
0.0
 
2019-05-11T17:56:39,114231356+02:00
57.013975667
9.987317167
0.6588
nan
0.0
 
2019-05-11T17:56:39,316814272+02:00
57.013975167
9.987317833
0.6156
nan
0.0
 
2019-05-11T17:56:39,510126288+02:00
57.013977
9.987322333
0.8424
nan
0.0
 
2019-05-11T17:56:39,714985063+02:00
57.013978
9.987323167
1.134
nan
0.0
 
2019-05-11T17:56:39,911578665+02:00
57.013978
9.987321167
0.8712
nan
0.0
 
2019-05-11T17:56:40,127950239+02:00
57.013978667
9.987321
1.1304
nan
0.0
 
2019-05-11T17:56:40,317267849+02:00
57.01398
9.987320667
1.3032
nan
0.0
 
2019-05-11T17:56:40,515888060+02:00
57.013980667
9.987320833
1.1952
nan
0.0
 
2019-05-11T17:56:40,712459126+02:00
57.013982333
9.987321667
1.3464
nan
0.0
 
2019-05-11T17:56:40,915318555+02:00
57.013983667
9.987320667
1.5552
nan
0.0
 
2019-05-11T17:56:41,110611239+02:00
57.013985
9.987321333
1.6416
nan
0.0
 
2019-05-11T17:56:41,316454712+02:00
57.0139885
9.987323833
2.1672
nan
0.0
 
2019-05-11T17:56:41,514094596+02:00
57.013991833
9.9873265
2.6352
nan
0.0
 
2019-05-11T17:56:41,715897353+02:00
57.013993
9.987324333
2.6028
nan
0.0
 
2019-05-11T17:56:41,910247350+02:00
57.013995333
9.987325167
2.8656
nan
0.0
 
2019-05-11T17:56:42,122550578+02:00
57.013997
9.987326833
2.5524
nan
0.0
 
2019-05-11T17:56:42,316291741+02:00
57.013997833
9.987327833
2.2392
nan
0.0
 
2019-05-11T17:56:42,516270643+02:00
57.013999
9.987327667
2.1816
nan
0.0
 
2019-05-11T17:56:42,719453562+02:00
57.014000333
9.9873285
2.2824
nan
0.0
 
2019-05-11T17:56:42,917208566+02:00
57.0140005
9.987329
1.998
nan
0.0
 
2019-05-11T17:56:43,114927295+02:00
57.014002
9.987329
2.2644
nan
0.0
 
2019-05-11T17:56:43,315560435+02:00
57.014004
9.987331167
2.4228
nan
0.0
 
2019-05-11T17:56:43,513886018+02:00
57.014004667
9.987332333
2.4768
nan
0.0
 
2019-05-11T17:56:43,719734045+02:00
57.014005
9.987332167
2.0052
nan
0.0
 
2019-05-11T17:56:43,914499527+02:00
57.014005667
9.987331333
2.1564
nan
0.0
 
2019-05-11T17:56:44,120412700+02:00
57.014008833
9.9873345
2.7108
nan
17.36
 
2019-05-11T17:56:44,314372523+02:00
57.014011833
9.987336833
3.1608
nan
22.11
 
2019-05-11T17:56:44,514954083+02:00
57.014013667
9.9873385
3.3192
nan
24.27
 
2019-05-11T17:56:44,708513861+02:00
57.014014
9.987338167
2.8584
nan
23.46
 
2019-05-11T17:56:44,917833636+02:00
57.014015
9.987338833
2.7756
nan
24.8
 
2019-05-11T17:56:45,117271660+02:00
57.014017333
9.987342833
2.8548
nan
28.16
 
2019-05-11T17:56:45,317086767+02:00
57.014021667
9.9873495
3.618
nan
33.22
 
2019-05-11T17:56:45,514642015+02:00
57.014023
9.987353167
3.4884
nan
38.23
 
2019-05-11T17:56:45,719151208+02:00
57.014022167
9.987352167
2.754
nan
0.0
 
2019-05-11T17:56:45,915431526+02:00
57.014023167
9.987353667
2.8224
nan
0.0
 
2019-05-11T17:56:46,119393342+02:00
57.0140235
9.987353167
2.8728
nan
0.0
 
2019-05-11T17:56:46,313316083+02:00
57.014023
9.98735
2.268
nan
0.0
 
2019-05-11T17:56:46,517739636+02:00
57.014023667
9.987349167
2.3616
nan
0.0
 
2019-05-11T17:56:46,723774728+02:00
57.014024333
9.987349667
2.1708
nan
0.0
 
2019-05-11T17:56:46,915994259+02:00
57.0140235
9.987349167
1.8684
nan
0.0
 
2019-05-11T17:56:47,113729478+02:00
57.0140225
9.987348167
1.5876
nan
0.0
 
2019-05-11T17:56:47,319054089+02:00
57.0140235
9.987347667
1.7136
nan
0.0
 
2019-05-11T17:56:47,509492151+02:00
57.014023667
9.987347167
1.5732
nan
0.0
 
2019-05-11T17:56:47,729993925+02:00
57.014022667
9.987345667
1.0728
nan
0.0
 
2019-05-11T17:56:47,912055729+02:00
57.014022333
9.987345
1.0368
nan
0.0
 
2019-05-11T17:56:48,123242223+02:00
57.014023167
9.987344
1.1232
nan
0.0
 
2019-05-11T17:56:48,312634936+02:00
57.0140245
9.9873435
1.4292
nan
0.0
 
2019-05-11T17:56:48,515633121+02:00
57.014025833
9.987343333
1.7856
nan
0.0
 
2019-05-11T17:56:48,714413621+02:00
57.0140265
9.987343333
1.6452
nan
0.0
 
2019-05-11T17:56:48,921319804+02:00
57.014027167
9.987343
1.584
nan
0.0
 
2019-05-11T17:56:49,120251648+02:00
57.014027167
9.987342833
1.5264
nan
0.0
 
2019-05-11T17:56:49,328638788+02:00
57.014028
9.987341167
1.4256
nan
0.0
 
2019-05-11T17:56:49,513569279+02:00
57.014029167
9.987339833
1.6704
nan
0.0
 
2019-05-11T17:56:49,724807178+02:00
57.014030833
9.987338833
1.8828
nan
0.0
 
2019-05-11T17:56:49,915816630+02:00
57.0140305
9.987338333
1.368
nan
0.0
 
2019-05-11T17:56:50,116039525+02:00
57.014031167
9.987338
1.4256
nan
0.0
 
2019-05-11T17:56:50,325378978+02:00
57.014031333
9.987336833
1.26
nan
0.0
 
2019-05-11T17:56:50,517506647+02:00
57.014030333
9.987334833
0.7596
nan
0.0
 
2019-05-11T17:56:50,711661248+02:00
57.014029167
9.987334
0.324
nan
0.0
 
2019-05-11T17:56:50,924399960+02:00
57.014028333
9.987333667
0.1944
nan
0.0
 
2019-05-11T17:56:51,122819669+02:00
57.0140285
9.987334
0.4212
nan
0.0
 
2019-05-11T17:56:51,315165640+02:00
57.014027333
9.987334333
0.5796
nan
0.0
 
2019-05-11T17:56:51,510942581+02:00
57.014026667
9.987333833
0.5436
nan
0.0
 
2019-05-11T17:56:51,716064650+02:00
57.014025833
9.987333167
0.6228
nan
0.0
 
2019-05-11T17:56:51,913738068+02:00
57.0140255
9.987333
0.5544
nan
0.0
 
2019-05-11T17:56:52,119718120+02:00
57.0140255
9.987334167
0.99
nan
0.0
 
2019-05-11T17:56:52,315358746+02:00
57.0140255
9.9873345
0.9252
nan
0.0
 
2019-05-11T17:56:52,517233517+02:00
57.014025
9.987334667
0.8316
nan
0.0
 
2019-05-11T17:56:52,714922651+02:00
57.0140245
9.987335333
1.0404
nan
0.0
 
2019-05-11T17:56:52,914548410+02:00
57.014024
9.987335
0.7272
nan
0.0
 
2019-05-11T17:56:53,114884837+02:00
57.014024333
9.987334833
0.6876
nan
0.0
 
2019-05-11T17:56:53,316323739+02:00
57.0140235
9.987334833
0.6696
nan
0.0
 
2019-05-11T17:56:53,520155446+02:00
57.014022167
9.987333
0.5508
nan
0.0
 
2019-05-11T17:56:53,717584679+02:00
57.014022333
9.987331833
0.1944
nan
0.0
 
2019-05-11T17:56:53,918411984+02:00
57.014022167
9.987331833
0.3348
nan
0.0
 
2019-05-11T17:56:54,117117207+02:00
57.014020833
9.987331833
0.792
nan
0.0
 
2019-05-11T17:56:54,315486203+02:00
57.014020667
9.987332167
0.72
nan
0.0
 
2019-05-11T17:56:54,519574865+02:00
57.0140215
9.987332167
0.522
nan
0.0
 
2019-05-11T17:56:54,715706412+02:00
57.0140215
9.987332333
0.7884
nan
0.0
 
2019-05-11T17:56:54,920167595+02:00
57.014021667
9.987332
0.5796
nan
0.0
 
2019-05-11T17:56:55,116131599+02:00
57.014021
9.9873315
0.5508
nan
0.0
 
2019-05-11T17:56:55,321141533+02:00
57.014020667
9.987331
0.3132
nan
0.0
 
2019-05-11T17:56:55,517824454+02:00
57.0140205
9.9873305
0.3132
nan
0.0
 
2019-05-11T17:56:55,714059795+02:00
57.014020167
9.987330833
0.4536
nan
0.0
 
2019-05-11T17:56:55,928535940+02:00
57.014019333
9.987329833
0.198
nan
0.0
 
2019-05-11T17:56:56,122995322+02:00
57.014019
9.987329667
0.2988
nan
0.0
 
2019-05-11T17:56:56,314085412+02:00
57.0140195
9.987329
0.2736
nan
0.0
 
2019-05-11T17:56:56,527098579+02:00
57.014018833
9.987328167
0.2448
nan
0.0
 
2019-05-11T17:56:56,715690043+02:00
57.014018333
9.987327
0.1116
nan
0.0
 
2019-05-11T17:56:56,917846922+02:00
57.014017167
9.987326333
0.324
nan
0.0
 
2019-05-11T17:56:57,110361973+02:00
57.0140165
9.987324667
0.2484
nan
0.0
 
2019-05-11T17:56:57,316048269+02:00
57.014015667
9.9873235
0.4104
nan
0.0
 
2019-05-11T17:56:57,519355409+02:00
57.014015
9.987322333
0.3888
nan
0.0
 
2019-05-11T17:56:57,718498624+02:00
57.014014833
9.987322
0.3168
nan
0.0
 
2019-05-11T17:56:57,911903322+02:00
57.014015333
9.987321167
0.2052
nan
0.0
 
2019-05-11T17:56:58,118476051+02:00
57.014015333
9.987319833
0.6156
nan
0.0
 
2019-05-11T17:56:58,323031053+02:00
57.014015333
9.987319
0.7164
nan
0.0
 
2019-05-11T17:56:58,515621054+02:00
57.0140155
9.987318333
0.7992
nan
0.0
 
2019-05-11T17:56:58,718676648+02:00
57.014014167
9.987317
0.5256
nan
0.0
 
2019-05-11T17:56:58,934062227+02:00
57.014013
9.987315167
0.6552
nan
0.0
 
2019-05-11T17:56:59,116221846+02:00
57.014012333
9.987314
0.63
nan
0.0
 
2019-05-11T17:56:59,321307374+02:00
57.0140105
9.987313
1.0224
nan
0.0
 
2019-05-11T17:56:59,514141064+02:00
57.01401
9.987312167
0.7128
nan
0.0
 
2019-05-11T17:56:59,718824036+02:00
57.014010833
9.987311833
0.216
nan
0.0
 
2019-05-11T17:56:59,925706071+02:00
57.014010833
9.987311333
0.1044
nan
0.0
 
2019-05-11T17:57:00,116328245+02:00
57.014010333
9.9873105
0.054
nan
0.0
 
2019-05-11T17:57:00,314298334+02:00
57.0140095
9.9873085
0.18
nan
0.0
 
2019-05-11T17:57:00,523445723+02:00
57.0140085
9.987307333
0.198
nan
0.0
 
2019-05-11T17:57:00,714783372+02:00
57.0140075
9.987306167
0.3672
nan
0.0
 
2019-05-11T17:57:00,922173564+02:00
57.014007
9.987305167
0.144
nan
0.0
 
2019-05-11T17:57:01,118220115+02:00
57.014006667
9.987305167
0.2916
nan
0.0
 
2019-05-11T17:57:01,321704470+02:00
57.014006333
9.987304167
0.3384
nan
0.0
 
2019-05-11T17:57:01,518714602+02:00
57.014006667
9.987301833
0.7884
nan
0.0
 
2019-05-11T17:57:01,720850117+02:00
57.014005833
9.987299667
0.6984
nan
0.0
 
2019-05-11T17:57:01,919032260+02:00
57.0140055
9.987298333
0.6048
nan
0.0
 
2019-05-11T17:57:02,121899527+02:00
57.014006167
9.9872955
1.332
nan
0.0
 
2019-05-11T17:57:02,320356487+02:00
57.014006667
9.987292833
1.6488
nan
0.0
 
2019-05-11T17:57:02,523143041+02:00
57.0140075
9.987291
2.1132
nan
0.0
 
2019-05-11T17:57:02,714794929+02:00
57.014007167
9.987288333
1.818
nan
0.0
 
2019-05-11T17:57:02,917451189+02:00
57.014005667
9.987285833
1.26
nan
0.0
 
2019-05-11T17:57:03,119140091+02:00
57.014005333
9.987283167
1.332
nan
0.0
 
2019-05-11T17:57:03,315399399+02:00
57.014004833
9.987283
0.9072
nan
0.0
 
2019-05-11T17:57:03,510598304+02:00
57.014002833
9.987282833
0.0612
nan
0.0
 
2019-05-11T17:57:03,720035273+02:00
57.014001667
9.987281667
0.2916
nan
0.0
 
2019-05-11T17:57:03,912280022+02:00
57.0140015
9.9872795
0.3024
nan
0.0
 
2019-05-11T17:57:04,117648471+02:00
57.014000667
9.987278
0.2484
nan
0.0
 
2019-05-11T17:57:04,314367512+02:00
57.013999
9.987276833
0.5904
nan
0.0
 
2019-05-11T17:57:04,515270167+02:00
57.013997833
9.987276
0.7236
nan
0.0
 
2019-05-11T17:57:04,713837739+02:00
57.0139965
9.987275167
0.9144
nan
0.0
 
2019-05-11T17:57:04,916392470+02:00
57.013996667
9.987274333
0.396
nan
0.0
 
2019-05-11T17:57:05,109209148+02:00
57.013997333
9.987272833
0.2304
nan
0.0
 
2019-05-11T17:57:05,315956968+02:00
57.013997333
9.987270833
0.4824
nan
0.0
 
2019-05-11T17:57:05,509618170+02:00
57.013997833
9.987269333
0.7452
nan
0.0
 
2019-05-11T17:57:05,712561010+02:00
57.013998
9.9872685
0.666
nan
0.0
 
2019-05-11T17:57:05,911969806+02:00
57.013999333
9.987267833
1.1592
nan
0.0
 
2019-05-11T17:57:06,118981149+02:00
57.013999
9.987266667
0.8604
nan
0.0
 
2019-05-11T17:57:06,321581133+02:00
57.014
9.987265667
1.2276
nan
0.0
 
2019-05-11T17:57:06,513445033+02:00
57.013999333
9.9872655
0.738
nan
0.0
 
2019-05-11T17:57:06,705641917+02:00
57.013999167
9.987264833
0.774
nan
0.0
 
2019-05-11T17:57:06,918659013+02:00
57.013997667
9.987265
0.1368
nan
0.0
 
2019-05-11T17:57:07,110618508+02:00
57.0139975
9.9872635
0.3492
nan
0.0
 
2019-05-11T17:57:07,316180411+02:00
57.013997
9.9872625
0.306
nan
0.0
 
2019-05-11T17:57:07,516423487+02:00
57.0139965
9.987261833
0.3492
nan
0.0
 
2019-05-11T17:57:07,716571180+02:00
57.013997667
9.987261833
0.6588
nan
0.0
 
2019-05-11T17:57:07,909585191+02:00
57.013998333
9.987262
0.972
nan
0.0
 
2019-05-11T17:57:08,107937786+02:00
57.013998333
9.9872615
1.0368
nan
0.0
 
2019-05-11T17:57:08,317567213+02:00
57.0139975
9.98726
0.63
nan
0.0
 
2019-05-11T17:57:08,510918388+02:00
57.013997333
9.987258833
0.5652
nan
0.0
 
2019-05-11T17:57:08,714739010+02:00
57.013996833
9.9872585
0.4752
nan
0.0
 
2019-05-11T17:57:08,914669581+02:00
57.013996167
9.987258667
0.3132
nan
0.0
 
2019-05-11T17:57:09,109973994+02:00
57.0139955
9.9872595
0.6624
nan
0.0
 
2019-05-11T17:57:09,317033472+02:00
57.013995
9.987258833
0.4248
nan
0.0
 
2019-05-11T17:57:09,510376722+02:00
57.013994167
9.987258
0.3744
nan
0.0
 
2019-05-11T17:57:09,717894018+02:00
57.013993667
9.9872575
0.5436
nan
0.0
 
2019-05-11T17:57:09,912880533+02:00
57.013993667
9.987256167
0.6804
nan
0.0
 
2019-05-11T17:57:10,120243146+02:00
57.013993
9.987255167
0.5508
nan
0.0
 
2019-05-11T17:57:10,310142203+02:00
57.0139915
9.987254167
0.2016
nan
0.0
 
2019-05-11T17:57:10,511869035+02:00
57.013990667
9.987253167
0.2844
nan
0.0
 
2019-05-11T17:57:10,714640684+02:00
57.013990667
9.987252333
0.45
nan
0.0
 
2019-05-11T17:57:10,912631520+02:00
57.013990167
9.987250667
0.4392
nan
0.0
 
2019-05-11T17:57:11,112142589+02:00
57.0139895
9.987249333
0.3168
nan
0.0
 
2019-05-11T17:57:11,310872667+02:00
57.013988833
9.987248167
0.234
nan
0.0
 
2019-05-11T17:57:11,509621406+02:00
57.013988
9.9872475
0.0576
nan
0.0
 
2019-05-11T17:57:11,710254462+02:00
57.013987
9.987246833
0.18
nan
0.0
 
2019-05-11T17:57:11,913187367+02:00
57.013986333
9.987247
0.1656
nan
0.0
 
2019-05-11T17:57:12,122461688+02:00
57.013985333
9.987246333
0.234
nan
0.0
 
2019-05-11T17:57:12,307823312+02:00
57.013985333
9.9872465
0.3888
nan
0.0
 
2019-05-11T17:57:12,512214344+02:00
57.013985333
9.987246167
0.3384
nan
0.0
 
2019-05-11T17:57:12,708621754+02:00
57.013984167
9.987246167
0.396
nan
0.0
 
2019-05-11T17:57:12,912121101+02:00
57.0139825
9.987243833
0.5724
nan
0.0
 
2019-05-11T17:57:13,108562172+02:00
57.013982167
9.987242833
0.4932
nan
0.0
 
2019-05-11T17:57:13,314182700+02:00
57.013982
9.987242
0.1944
nan
0.0
 
2019-05-11T17:57:13,516145702+02:00
57.013980333
9.987241
0.8172
nan
0.0
 
2019-05-11T17:57:13,712144831+02:00
57.013979667
9.987240167
0.6912
nan
0.0
 
2019-05-11T17:57:13,916167692+02:00
57.013979833
9.987239167
0.1404
nan
0.0
 
2019-05-11T17:57:14,115640514+02:00
57.013979333
9.987238833
0.1188
nan
0.0
 
2019-05-11T17:57:14,312287730+02:00
57.013978167
9.987237833
0.324
nan
0.0
 
2019-05-11T17:57:14,513200784+02:00
57.013977833
9.987236667
0.2232
nan
0.0
 
2019-05-11T17:57:14,713648845+02:00
57.013976667
9.987235667
0.4572
nan
0.0
 
2019-05-11T17:57:14,919987421+02:00
57.013975667
9.987235167
0.774
nan
0.0
 
2019-05-11T17:57:15,113570523+02:00
57.0139755
9.987234
0.5652
nan
0.0
 
2019-05-11T17:57:15,321077523+02:00
57.013974667
9.9872335
0.4212
nan
0.0
 
2019-05-11T17:57:15,511047372+02:00
57.013973833
9.987233333
0.3672
nan
0.0
 
2019-05-11T17:57:15,725928071+02:00
57.013973833
9.987232833
0.144
nan
0.0
 
2019-05-11T17:57:15,919898868+02:00
57.013974
9.987232
0.2772
nan
0.0
 
2019-05-11T17:57:16,116428937+02:00
57.013974167
9.987231167
0.4896
nan
0.0
 
2019-05-11T17:57:16,311061034+02:00
57.013974167
9.987230167
0.3564
nan
0.0
 
2019-05-11T17:57:16,516840540+02:00
57.013974167
9.987229333
0.2628
nan
0.0
 
2019-05-11T17:57:16,713854720+02:00
57.013972833
9.987229
0.2664
nan
0.0
 
2019-05-11T17:57:16,915646140+02:00
57.013971333
9.9872285
0.7416
nan
0.0
 
2019-05-11T17:57:17,110778652+02:00
57.013972
9.9872275
0.1224
nan
0.0
 
2019-05-11T17:57:17,319679721+02:00
57.013973667
9.987226667
0.8064
nan
0.0
 
2019-05-11T17:57:17,510363467+02:00
57.013974167
9.9872255
0.7272
nan
0.0
 
2019-05-11T17:57:17,712159686+02:00
57.013974667
9.987223833
0.9072
nan
0.0
 
2019-05-11T17:57:17,926481766+02:00
57.0139745
9.987222833
0.5472
nan
0.0
 
2019-05-11T17:57:18,127333425+02:00
57.0139745
9.987221833
0.612
nan
0.0
 
2019-05-11T17:57:18,312027664+02:00
57.013975167
9.987220167
0.7164
nan
0.0
 
2019-05-11T17:57:18,515469653+02:00
57.013975833
9.987219333
0.9396
nan
0.0
 
2019-05-11T17:57:18,718135226+02:00
57.0139765
9.987218333
0.9288
nan
0.0
 
2019-05-11T17:57:18,912836249+02:00
57.013975833
9.987217833
0.5148
nan
0.0
 
2019-05-11T17:57:19,107697828+02:00
57.013975333
9.987217
0.4716
nan
0.0
 
2019-05-11T17:57:19,319491787+02:00
57.013974833
9.987216333
0.5652
nan
0.0
 
2019-05-11T17:57:19,520334753+02:00
57.013974667
9.987215333
0.5652
nan
0.0
 
2019-05-11T17:57:19,721200993+02:00
57.013975
9.987213833
0.504
nan
0.0
 
2019-05-11T17:57:19,919990212+02:00
57.013974833
9.987213167
0.5472
nan
0.0
 
2019-05-11T17:57:20,115029630+02:00
57.013975
9.987212167
0.4248
nan
0.0
 
2019-05-11T17:57:20,314969690+02:00
57.013975
9.987210833
0.504
nan
0.0
 
2019-05-11T17:57:20,517998990+02:00
57.013973833
9.987210167
0.1692
nan
0.0
 
2019-05-11T17:57:20,712307285+02:00
57.013974333
9.987209167
0.4392
nan
0.0
 
2019-05-11T17:57:20,915240214+02:00
57.013974167
9.987208167
0.1332
nan
0.0
 
2019-05-11T17:57:21,122379920+02:00
57.013974833
9.987206333
0.4968
nan
0.0
 
2019-05-11T17:57:21,317422546+02:00
57.0139755
9.987205333
0.7776
nan
0.0
 
2019-05-11T17:57:21,515509175+02:00
57.013975667
9.9872045
0.7236
nan
0.0
 
2019-05-11T17:57:21,719116061+02:00
57.0139765
9.9872045
0.9144
nan
0.0
 
2019-05-11T17:57:21,914637091+02:00
57.013978667
9.9872025
1.494
nan
0.0
 
2019-05-11T17:57:22,118233075+02:00
57.0139805
9.987200333
1.746
nan
0.0
 
2019-05-11T17:57:22,318292010+02:00
57.013981167
9.9871995
1.5696
nan
0.0
 
2019-05-11T17:57:22,515592728+02:00
57.0139815
9.9871985
1.4184
nan
0.0
 
2019-05-11T17:57:22,726911569+02:00
57.013981167
9.987198
0.8748
nan
0.0
 
2019-05-11T17:57:22,914591521+02:00
57.0139805
9.987197
0.2952
nan
0.0
 
2019-05-11T17:57:23,112386055+02:00
57.013980667
9.9871965
0.414
nan
0.0
 
2019-05-11T17:57:23,335443582+02:00
57.013981
9.9871955
0.4968
nan
0.0
 
2019-05-11T17:57:23,515546054+02:00
57.013980833
9.987195167
0.2052
nan
0.0
 
2019-05-11T17:57:23,711208256+02:00
57.013979833
9.987195167
0.0792
nan
0.0
 
2019-05-11T17:57:23,913396935+02:00
57.0139785
9.987195167
0.4428
nan
0.0
 
2019-05-11T17:57:24,114697700+02:00
57.013978667
9.9871945
0.1656
nan
0.0
 
2019-05-11T17:57:24,313310153+02:00
57.0139795
9.9871945
0.3492
nan
0.0
 
2019-05-11T17:57:24,516051463+02:00
57.013979167
9.987193333
0.1476
nan
0.0
 
2019-05-11T17:57:24,715109908+02:00
57.013979833
9.987192667
0.342
nan
0.0
 
2019-05-11T17:57:24,919571505+02:00
57.013980167
9.987191667
0.5328
nan
0.0
 
2019-05-11T17:57:25,111813949+02:00
57.013979833
9.987191167
0.3672
nan
0.0
 
2019-05-11T17:57:25,318221160+02:00
57.013979667
9.987190833
0.36
nan
0.0
 
2019-05-11T17:57:25,510479103+02:00
57.013978667
9.987190667
0.1476
nan
0.0
 
2019-05-11T17:57:25,716044464+02:00
57.013978
9.9871905
0.1728
nan
0.0
 
2019-05-11T17:57:25,915074211+02:00
57.013977167
9.98719
0.4896
nan
0.0
 
2019-05-11T17:57:26,115751411+02:00
57.013976667
9.987189833
0.4284
nan
0.0
 
2019-05-11T17:57:26,320763921+02:00
57.013975833
9.987189667
0.5076
nan
0.0
 
2019-05-11T17:57:26,514530723+02:00
57.013975667
9.987189
0.27
nan
0.0
 
2019-05-11T17:57:26,711486923+02:00
57.013975167
9.987188833
0.234
nan
0.0
 
2019-05-11T17:57:26,924538232+02:00
57.0139745
9.987188333
0.2592
nan
0.0
 
2019-05-11T17:57:27,119019088+02:00
57.013973833
9.987188667
0.3276
nan
0.0
 
2019-05-11T17:57:27,317758477+02:00
57.013973
9.987188
0.4248
nan
0.0
 
2019-05-11T17:57:27,509267395+02:00
57.0139725
9.987188167
0.3744
nan
0.0
 
2019-05-11T17:57:27,716707379+02:00
57.0139715
9.987187333
0.5508
nan
0.0
 
2019-05-11T17:57:27,913856813+02:00
57.013972
9.987187167
0.1476
nan
0.0
 
2019-05-11T17:57:28,116074437+02:00
57.0139715
9.987186833
0.1476
nan
0.0
 
2019-05-11T17:57:28,315977701+02:00
57.0139695
9.987186833
0.6588
nan
0.0
 
2019-05-11T17:57:28,522502100+02:00
57.013968167
9.9871865
0.7488
nan
0.0
 
2019-05-11T17:57:28,711933520+02:00
57.013967333
9.987186167
0.5724
nan
0.0
 
2019-05-11T17:57:28,914690509+02:00
57.013967167
9.987185667
0.4068
nan
0.0
 
2019-05-11T17:57:29,117464495+02:00
57.013966667
9.9871855
0.1692
nan
0.0
 
2019-05-11T17:57:29,318624271+02:00
57.013965833
9.987185
0.3096
nan
0.0
 
2019-05-11T17:57:29,518992631+02:00
57.013963833
9.987186
0.5508
nan
0.0
 
2019-05-11T17:57:29,718216016+02:00
57.0139625
9.9871865
0.7632
nan
0.0
 
2019-05-11T17:57:30,113484275+02:00
57.0139595
9.987186667
0.8388
nan
0.0
 
2019-05-11T17:57:30,314279379+02:00
57.013957167
9.987187833
1.17
nan
0.0
 
2019-05-11T17:57:30,515421993+02:00
57.0139545
9.987187333
1.5084
nan
0.0
 
2019-05-11T17:57:30,711185129+02:00
57.013953167
9.987187833
1.422
nan
0.0
 
2019-05-11T17:57:30,915838002+02:00
57.013951333
9.9871885
1.3824
nan
0.0
 
2019-05-11T17:57:31,112355577+02:00
57.01395
9.987188333
1.2564
nan
0.0
 
2019-05-11T17:57:31,323645155+02:00
57.013949167
9.9871885
0.8712
nan
0.0
 
2019-05-11T17:57:31,515415706+02:00
57.0139485
9.987188
0.6228
nan
0.0
 
2019-05-11T17:57:31,717096027+02:00
57.013947833
9.9871885
0.4428
nan
0.0
 
2019-05-11T17:57:31,918309430+02:00
57.013946333
9.987188333
0.5148
nan
0.0
 
2019-05-11T17:57:32,116498352+02:00
57.013944667
9.9871885
0.6264
nan
0.0
 
2019-05-11T17:57:32,312664800+02:00
57.013943833
9.987188667
0.4248
nan
0.0
 
2019-05-11T17:57:32,516676406+02:00
57.013941
9.987188833
0.954
nan
0.0
 
2019-05-11T17:57:32,718514095+02:00
57.013937167
9.9871895
1.7892
nan
0.0
 
2019-05-11T17:57:32,921221395+02:00
57.013934167
9.98719
2.1204
nan
100.32
 
2019-05-11T17:57:33,115649579+02:00
57.013932333
9.987190167
1.8216
nan
0.0
 
2019-05-11T17:57:33,321034506+02:00
57.013929167
9.987190833
2.3112
nan
138.21
 
2019-05-11T17:57:33,512595657+02:00
57.013926167
9.9871915
2.4804
nan
157.68
 
2019-05-11T17:57:33,714436051+02:00
57.013924833
9.987192
2.2608
nan
163.75
 
2019-05-11T17:57:33,913773978+02:00
57.0139245
9.987192
1.6992
nan
0.0
 
2019-05-11T17:57:34,111946267+02:00
57.013924167
9.987191667
1.3896
nan
0.0
 
2019-05-11T17:57:34,307110575+02:00
57.013923833
9.987191667
1.1484
nan
0.0
 
2019-05-11T17:57:34,522726608+02:00
57.013921333
9.987192167
1.512
nan
0.0
 
2019-05-11T17:57:34,710957967+02:00
57.013918333
9.987193
1.8684
nan
0.0
 
2019-05-11T17:57:34,912123427+02:00
57.013918167
9.987192833
1.368
nan
0.0
 
2019-05-11T17:57:35,117513054+02:00
57.013917167
9.987193
1.3968
nan
0.0
 
2019-05-11T17:57:35,310241017+02:00
57.013916833
9.987192833
1.2564
nan
0.0
 
2019-05-11T17:57:35,514085786+02:00
57.013916167
9.987192
1.4436
nan
0.0
 
2019-05-11T17:57:35,711497809+02:00
57.013915167
9.9871925
1.368
nan
0.0
 
2019-05-11T17:57:35,912733991+02:00
57.013914833
9.987191833
1.1844
nan
0.0
 
2019-05-11T17:57:36,117217630+02:00
57.013914333
9.987191333
1.3176
nan
0.0
 
2019-05-11T17:57:36,320544588+02:00
57.0139135
9.987190667
1.1952
nan
0.0
 
2019-05-11T17:57:36,512881973+02:00
57.013913167
9.98719
1.1376
nan
0.0
 
2019-05-11T17:57:36,714474707+02:00
57.013909333
9.987191333
1.4184
nan
0.0
 
2019-05-11T17:57:36,915075033+02:00
57.013905
9.987192333
1.7424
nan
0.0
 
2019-05-11T17:57:37,111748880+02:00
57.0139
9.9871935
2.1744
nan
166.88
 
2019-05-11T17:57:37,312685992+02:00
57.013898833
9.987193167
2.1528
nan
168.3
 
2019-05-11T17:57:37,511733936+02:00
57.013897333
9.987192667
2.0844
nan
170.73
 
2019-05-11T17:57:37,716635127+02:00
57.013896
9.987193167
2.0628
nan
0.0
 
2019-05-11T17:57:37,911493490+02:00
57.013895
9.987192167
1.8432
nan
0.0
 
2019-05-11T17:57:38,114402701+02:00
57.013893833
9.987192333
1.8864
nan
0.0
 
2019-05-11T17:57:38,315426052+02:00
57.0138935
9.987192
1.44
nan
0.0
 
2019-05-11T17:57:38,511029849+02:00
57.013893
9.987191667
1.584
nan
0.0
 
2019-05-11T17:57:38,713101792+02:00
57.013891333
9.9871915
1.728
nan
0.0
 
2019-05-11T17:57:38,919279520+02:00
57.013889
9.987191667
2.0412
nan
0.0
 
2019-05-11T17:57:39,113047172+02:00
57.013887333
9.9871915
1.872
nan
0.0
 
2019-05-11T17:57:39,319957993+02:00
57.013886333
9.987191167
1.854
nan
0.0
 
2019-05-11T17:57:39,513578639+02:00
57.013886
9.987190333
1.7064
nan
0.0
 
2019-05-11T17:57:39,714668087+02:00
57.013885833
9.987189833
1.6272
nan
0.0
 
2019-05-11T17:57:39,922689148+02:00
57.013884833
9.987189167
1.6092
nan
0.0
 
2019-05-11T17:57:40,112786805+02:00
57.0138835
9.987189333
1.674
nan
0.0
 
2019-05-11T17:57:40,314395535+02:00
57.013883333
9.987188667
1.7424
nan
0.0
 
2019-05-11T17:57:40,520287918+02:00
57.013883
9.987188333
1.5408
nan
0.0
 
2019-05-11T17:57:40,708867110+02:00
57.013883
9.987187833
1.4724
nan
0.0
 
2019-05-11T17:57:40,920807458+02:00
57.013882667
9.987187833
1.3572
nan
0.0
 
2019-05-11T17:57:41,111863030+02:00
57.013882
9.987187667
1.4796
nan
0.0
 
2019-05-11T17:57:41,311635690+02:00
57.013880833
9.987187667
1.7568
nan
0.0
 
2019-05-11T17:57:41,514494991+02:00
57.0138795
9.9871885
1.5084
nan
0.0
 
2019-05-11T17:57:41,715782298+02:00
57.013878667
9.987188667
1.818
nan
0.0
 
2019-05-11T17:57:41,920292303+02:00
57.013877833
9.987188667
1.5696
nan
0.0
 
2019-05-11T17:57:42,111206216+02:00
57.013876667
9.987188667
1.908
nan
0.0
 
2019-05-11T17:57:42,309706510+02:00
57.013876667
9.987188667
1.4436
nan
0.0
 
2019-05-11T17:57:42,511473476+02:00
57.013876833
9.987188667
1.26
nan
0.0
 
2019-05-11T17:57:42,709983007+02:00
57.013876667
9.9871885
1.3104
nan
0.0
 
2019-05-11T17:57:42,917445302+02:00
57.013875667
9.987188667
1.4472
nan
0.0
 
2019-05-11T17:57:43,112715373+02:00
57.013874833
9.987189
1.4436
nan
0.0
 
2019-05-11T17:57:43,315815031+02:00
57.013874
9.987189
1.4832
nan
0.0
 
2019-05-11T17:57:43,510724704+02:00
57.013873333
9.987189167
1.3464
nan
0.0
 
2019-05-11T17:57:43,711555073+02:00
57.013873
9.987189
1.422
nan
0.0
 
2019-05-11T17:57:43,908637390+02:00
57.013871833
9.987189167
1.512
nan
0.0
 
2019-05-11T17:57:44,119412418+02:00
57.013869333
9.987190167
1.8144
nan
0.0
 
2019-05-11T17:57:44,314341203+02:00
57.013867667
9.987190667
1.7064
nan
0.0
 
2019-05-11T17:57:44,522399561+02:00
57.013866667
9.987191
1.872
nan
0.0
 
2019-05-11T17:57:44,711924403+02:00
57.013864667
9.987191667
1.8072
nan
0.0
 
2019-05-11T17:57:44,913916434+02:00
57.013862833
9.987192167
1.8756
nan
0.0
 
2019-05-11T17:57:45,112378364+02:00
57.013861167
9.987192667
2.0304
nan
0.0
 
2019-05-11T17:57:45,316606917+02:00
57.0138595
9.987192833
1.9332
nan
0.0
 
2019-05-11T17:57:45,519941520+02:00
57.013858667
9.987192833
1.8468
nan
0.0
 
2019-05-11T17:57:45,720219767+02:00
57.0138595
9.987192
1.7388
nan
0.0
 
2019-05-11T17:57:45,912042802+02:00
57.01386
9.9871915
1.62
nan
0.0
 
2019-05-11T17:57:46,118627953+02:00
57.013860333
9.987191
1.6956
nan
0.0
 
2019-05-11T17:57:46,311403735+02:00
57.013860667
9.9871905
1.5552
nan
0.0
 
2019-05-11T17:57:46,520994194+02:00
57.0138605
9.987190333
1.6452
nan
0.0
 
2019-05-11T17:57:46,710961372+02:00
57.013860833
9.987190333
1.548
nan
0.0
 
2019-05-11T17:57:46,918403236+02:00
57.013861167
9.987189667
1.6452
nan
0.0
 
2019-05-11T17:57:47,111850798+02:00
57.013862667
9.987189
1.3104
nan
0.0
 
2019-05-11T17:57:47,316978555+02:00
57.013863333
9.987188
1.3032
nan
0.0
 
2019-05-11T17:57:47,514595320+02:00
57.013862833
9.9871875
1.4688
nan
0.0
 
2019-05-11T17:57:47,714184877+02:00
57.013863167
9.987187167
1.2816
nan
0.0
 
2019-05-11T17:57:47,910668291+02:00
57.013864833
9.987186167
1.0692
nan
0.0
 
2019-05-11T17:57:48,109337249+02:00
57.013865667
9.987185333
1.0332
nan
0.0
 
2019-05-11T17:57:48,311852780+02:00
57.013866
9.987185
0.81
nan
0.0
 
2019-05-11T17:57:48,518061027+02:00
57.013866333
9.987184333
0.954
nan
0.0
 
2019-05-11T17:57:48,714443821+02:00
57.013866333
9.987183833
1.0728
nan
0.0
 
2019-05-11T17:57:48,921409811+02:00
57.013866833
9.987183
1.0296
nan
0.0
 
2019-05-11T17:57:49,116043342+02:00
57.013867
9.987182833
0.8892
nan
0.0
 
2019-05-11T17:57:49,317995772+02:00
57.013867167
9.987182
1.1628
nan
0.0
 
2019-05-11T17:57:49,517846904+02:00
57.013867333
9.987182167
0.9828
nan
0.0
 
2019-05-11T17:57:49,723032196+02:00
57.013867333
9.987181833
0.8712
nan
0.0
 
2019-05-11T17:57:49,918486617+02:00
57.013867667
9.9871815
0.81
nan
0.0
 
2019-05-11T17:57:50,121177538+02:00
57.013866833
9.9871815
0.9648
nan
0.0
 
2019-05-11T17:57:50,311304678+02:00
57.013867167
9.987180833
0.7956
nan
0.0
 
2019-05-11T17:57:50,517815118+02:00
57.013866833
9.987180333
0.6804
nan
0.0
 
2019-05-11T17:57:50,709251465+02:00
57.013866
9.987181
0.9612
nan
0.0
 
2019-05-11T17:57:50,908205478+02:00
57.013865333
9.987180667
0.9036
nan
0.0
 
2019-05-11T17:57:51,113916752+02:00
57.013864833
9.987180667
0.8784
nan
0.0
 
2019-05-11T17:57:51,312890127+02:00
57.013864333
9.987180167
0.9
nan
0.0
 
2019-05-11T17:57:51,511474418+02:00
57.013864167
9.98718
0.8748
nan
0.0
 
2019-05-11T17:57:51,725918081+02:00
57.013863333
9.987180333
0.9252
nan
0.0
 
2019-05-11T17:57:51,911559589+02:00
57.013862333
9.9871805
1.1376
nan
0.0
 
2019-05-11T17:57:52,118211057+02:00
57.013861333
9.987180167
1.0764
nan
0.0
 
2019-05-11T17:57:52,308824306+02:00
57.013861333
9.98718
1.0224
nan
0.0
 
2019-05-11T17:57:52,517228358+02:00
57.013860833
9.987179833
0.7488
nan
0.0
 
2019-05-11T17:57:52,718462241+02:00
57.013860333
9.98718
0.864
nan
0.0
 
2019-05-11T17:57:52,921793171+02:00
57.013859333
9.987180167
1.0944
nan
0.0
 
2019-05-11T17:57:53,110941445+02:00
57.013858333
9.987180167
1.0836
nan
0.0
 
2019-05-11T17:57:53,315512548+02:00
57.0138575
9.987180667
1.2204
nan
0.0
 
2019-05-11T17:57:53,510922104+02:00
57.013857167
9.987180833
1.116
nan
0.0
 
2019-05-11T17:57:53,714819898+02:00
57.013856667
9.9871815
0.9864
nan
0.0
 
2019-05-11T17:57:53,913683882+02:00
57.013856833
9.987181
1.0224
nan
0.0
 
2019-05-11T17:57:54,116443122+02:00
57.013856333
9.987181
1.2384
nan
0.0
 
2019-05-11T17:57:54,315532276+02:00
57.013856333
9.9871815
0.918
nan
0.0
 
2019-05-11T17:57:54,511434516+02:00
57.013856167
9.987181
1.0692
nan
0.0
 
2019-05-11T17:57:54,718007126+02:00
57.013855
9.9871825
1.1052
nan
0.0
 
2019-05-11T17:57:54,914871850+02:00
57.013853667
9.987183333
1.4004
nan
0.0
 
2019-05-11T17:57:55,109239542+02:00
57.013852667
9.987184167
1.4292
nan
0.0
 
2019-05-11T17:57:55,318471839+02:00
57.013852833
9.987183667
1.0008
nan
0.0
 
2019-05-11T17:57:55,724434990+02:00
57.013853333
9.987182833
0.9144
nan
0.0
 
2019-05-11T17:57:55,918175597+02:00
57.0138535
9.987182333
0.846
nan
0.0
 
2019-05-11T17:57:56,119971310+02:00
57.013853667
9.987182167
0.9
nan
0.0
 
2019-05-11T17:57:56,326592081+02:00
57.013854
9.987182
0.7812
nan
0.0
 
2019-05-11T17:57:56,518146093+02:00
57.013854
9.987181833
0.99
nan
0.0
 
2019-05-11T17:57:56,717144889+02:00
57.013853333
9.9871795
1.0656
nan
0.0
 
2019-05-11T17:57:56,921816942+02:00
57.013853333
9.98718
1.0872
nan
0.0
 
2019-05-11T17:57:57,324091353+02:00
57.0138525
9.987181
1.1088
nan
0.0
 
2019-05-11T17:57:57,514423009+02:00
57.013852667
9.987181333
0.9288
nan
0.0
 
2019-05-11T17:57:57,723018488+02:00
57.013853333
9.987180167
0.8424
nan
0.0
 
2019-05-11T17:57:58,115435888+02:00
57.0138535
9.987180667
0.7092
nan
0.0
 
2019-05-11T17:57:58,518137713+02:00
57.0138525
9.987181333
1.2204
nan
0.0
 
2019-05-11T17:57:58,717440599+02:00
57.0138525
9.987181167
0.9684
nan
0.0
 
2019-05-11T17:57:58,924301440+02:00
57.013853167
9.987179833
0.7812
nan
0.0
 
2019-05-11T17:57:59,112154986+02:00
57.013853833
9.987179
0.7092
nan
0.0
 
2019-05-11T17:57:59,320423159+02:00
57.013854167
9.987178333
0.5292
nan
0.0
 
2019-05-11T17:57:59,514041455+02:00
57.013854167
9.987178167
0.9
nan
0.0
 
2019-05-11T17:57:59,715603388+02:00
57.0138555
9.987177833
0.468
nan
0.0
 
2019-05-11T17:57:59,911373079+02:00
57.013855667
9.987177833
0.5184
nan
0.0
 
2019-05-11T17:58:00,118385494+02:00
57.013855667
9.987177167
0.7236
nan
0.0
 
2019-05-11T17:58:00,319808358+02:00
57.013856667
9.987177167
0.2232
nan
0.0
 
2019-05-11T17:58:00,513303858+02:00
57.013856667
9.987177333
0.5004
nan
0.0
 
2019-05-11T17:58:00,918022069+02:00
57.013856
9.987177667
0.8676
nan
0.0
 
2019-05-11T17:58:01,112784878+02:00
57.013855833
9.987178667
0.6624
nan
0.0
 
2019-05-11T17:58:01,315585334+02:00
57.013856333
9.987179
0.5832
nan
0.0
 
2019-05-11T17:58:01,521209332+02:00
57.013856
9.987179667
0.936
nan
0.0
 
2019-05-11T17:58:01,720756538+02:00
57.0138565
9.98718
0.504
nan
0.0
 
2019-05-11T17:58:01,912711817+02:00
57.013856667
9.987180333
0.7668
nan
0.0
 
2019-05-11T17:58:02,117601519+02:00
57.013857167
9.9871805
0.45
nan
0.0
 
2019-05-11T17:58:02,519209159+02:00
57.013858
9.987180833
0.4428
nan
0.0
 
2019-05-11T17:58:02,714773851+02:00
57.013858667
9.987180833
0.3132
nan
0.0
 
2019-05-11T17:58:02,918140887+02:00
57.013859167
9.98718
0.7344
nan
0.0
 
2019-05-11T17:58:03,115256276+02:00
57.013859333
9.987180667
0.4572
nan
0.0
 
2019-05-11T17:58:03,313066223+02:00
57.0138595
9.987181
0.648
nan
0.0
 
2019-05-11T17:58:03,518201735+02:00
57.013860333
9.987180667
0.3132
nan
0.0
 
2019-05-11T17:58:03,910969162+02:00
57.013860167
9.987182667
0.5868
nan
0.0
 
2019-05-11T17:58:04,120437000+02:00
57.013859833
9.987183
0.6984
nan
0.0
 
2019-05-11T17:58:04,314818234+02:00
57.013859667
9.987183667
0.6948
nan
0.0
 
2019-05-11T17:58:04,520434893+02:00
57.01386
9.987183667
0.666
nan
0.0
 
2019-05-11T17:58:04,710100338+02:00
57.013860667
9.9871835
0.54
nan
0.0
 
2019-05-11T17:58:04,916572098+02:00
57.0138615
9.987183167
0.5292
nan
0.0
 
2019-05-11T17:58:05,114952538+02:00
57.013862333
9.987184333
0.504
nan
0.0
 
2019-05-11T17:58:05,315848734+02:00
57.013863167
9.9871845
0.4176
nan
0.0
 
2019-05-11T17:58:05,518565991+02:00
57.013863833
9.987183833
0.0756
nan
0.0
 
2019-05-11T17:58:05,714760548+02:00
57.0138645
9.987182
0.2268
nan
0.0
 
2019-05-11T17:58:06,111888662+02:00
57.013865167
9.9871815
0.2772
nan
0.0
 
2019-05-11T17:58:06,319539122+02:00
57.013865333
9.987181833
0.1836
nan
0.0
 
2019-05-11T17:58:06,530350311+02:00
57.013865667
9.987181833
0.09
nan
0.0
 
2019-05-11T17:58:06,714688895+02:00
57.013865333
9.9871825
0.3348
nan
0.0
 
2019-05-11T17:58:06,916030172+02:00
57.013864333
9.987182833
0.6336
nan
0.0
 
2019-05-11T17:58:07,317572801+02:00
57.013862667
9.987183
0.7308
nan
0.0
 
2019-05-11T17:58:07,720878301+02:00
57.013864167
9.987183667
0.3672
nan
0.0
 
2019-05-11T17:58:07,911859907+02:00
57.013863333
9.9871845
0.4212
nan
0.0
 
2019-05-11T17:58:08,117901504+02:00
57.013862833
9.987185833
0.9036
nan
0.0
 
2019-05-11T17:58:08,314527272+02:00
57.013860167
9.987182
1.2312
nan
0.0
 
2019-05-11T17:58:08,520880392+02:00
57.013858833
9.9871795
1.3284
nan
0.0
 
2019-05-11T17:58:08,715930627+02:00
57.013858833
9.9871765
1.1844
nan
0.0
 
2019-05-11T17:58:09,117225972+02:00
57.0138575
9.987176
1.4724
nan
0.0
 
2019-05-11T17:58:09,317858388+02:00
57.013857167
9.987175667
1.4724
nan
0.0
 
2019-05-11T17:58:09,512450834+02:00
57.013857167
9.987174833
1.5768
nan
0.0
 
2019-05-11T17:58:09,718916305+02:00
57.013857167
9.987174333
1.3752
nan
0.0
 
2019-05-11T17:58:09,920114873+02:00
57.013857667
9.987174
1.3104
nan
0.0
 
2019-05-11T17:58:10,122814614+02:00
57.013857833
9.987174167
1.188
nan
0.0
 
2019-05-11T17:58:10,313492225+02:00
57.0138565
9.9871715
1.6056
nan
0.0
 
2019-05-11T17:58:10,517017020+02:00
57.013857
9.987173167
1.3068
nan
0.0
 
2019-05-11T17:58:10,717905838+02:00
57.013856833
9.987172167
1.332
nan
0.0
 
2019-05-11T17:58:10,921862340+02:00
57.013857833
9.9871725
0.9936
nan
0.0
 
2019-05-11T17:58:11,314195398+02:00
57.0138565
9.987173
1.4796
nan
0.0
 
2019-05-11T17:58:11,516726810+02:00
57.0138565
9.987173333
1.278
nan
0.0
 
2019-05-11T17:58:11,717845444+02:00
57.013856667
9.987174167
1.2672
nan
0.0
 
2019-05-11T17:58:11,914583086+02:00
57.013856667
9.9871755
1.116
nan
0.0
 
2019-05-11T17:58:12,114641874+02:00
57.013856833
9.9871765
0.9108
nan
0.0
 
2019-05-11T17:58:12,513643074+02:00
57.0138555
9.987176
0.8208
nan
0.0
 
2019-05-11T17:58:12,710683447+02:00
57.013855
9.987175667
0.5868
nan
0.0
 
2019-05-11T17:58:13,109923549+02:00
57.013854167
9.9871765
0.9396
nan
0.0
 
2019-05-11T17:58:13,310354466+02:00
57.0138535
9.987176833
1.0692
nan
0.0
 
2019-05-11T17:58:13,716308424+02:00
57.0138555
9.987178
0.4104
nan
0.0
 
2019-05-11T17:58:13,910926760+02:00
57.013855
9.987178667
0.594
nan
0.0
 
2019-05-11T17:58:14,112878989+02:00
57.013854667
9.987176667
0.63
nan
0.0
 
2019-05-11T17:58:14,512597634+02:00
57.013852667
9.987172
1.386
nan
0.0
 
2019-05-11T17:58:14,711593624+02:00
57.013853667
9.9871725
0.9756
nan
0.0
 
2019-05-11T17:58:14,919531375+02:00
57.013853167
9.98717
1.296
nan
0.0
 
2019-05-11T17:58:15,110662018+02:00
57.013854167
9.98717
1.2024
nan
0.0
 
2019-05-11T17:58:15,315495942+02:00
57.013854833
9.98717
0.972
nan
0.0
 
2019-05-11T17:58:15,516616248+02:00
57.013856667
9.9871695
1.0764
nan
0.0
 
2019-05-11T17:58:15,717000047+02:00
57.013857
9.987169333
0.9288
nan
0.0
 
2019-05-11T17:58:15,913137811+02:00
57.0138575
9.9871705
0.3924
nan
0.0
 
2019-05-11T17:58:16,316708591+02:00
57.013857167
9.987170333
0.5256
nan
0.0
 
2019-05-11T17:58:16,523788447+02:00
57.013858
9.987171667
0.3708
nan
0.0
 
2019-05-11T17:58:16,710431584+02:00
57.013857833
9.9871715
0.288
nan
0.0
 
2019-05-11T17:58:16,913575030+02:00
57.013857
9.987170167
0.432
nan
0.0
 
2019-05-11T17:58:17,320026430+02:00
57.013857333
9.987173833
0.306
nan
0.0
 
2019-05-11T17:58:17,715461122+02:00
57.013857667
9.987174
0.252
nan
0.0
 
2019-05-11T17:58:17,916864196+02:00
57.013856833
9.987170833
0.3744
nan
0.0
 
2019-05-11T17:58:18,112296069+02:00
57.013855333
9.987167833
0.774
nan
0.0
 
2019-05-11T17:58:18,310717855+02:00
57.0138545
9.987168167
0.7812
nan
0.0
 
2019-05-11T17:58:18,510669401+02:00
57.013854167
9.987168
1.0296
nan
0.0
 
2019-05-11T17:58:18,918049144+02:00
57.013856333
9.987171833
0.1872
nan
0.0
 
2019-05-11T17:58:19,113166256+02:00
57.013856833
9.987174
0.2016
nan
0.0
 
2019-05-11T17:58:19,310273321+02:00
57.013856833
9.9871755
0.36
nan
0.0
 
2019-05-11T17:58:19,510978761+02:00
57.0138565
9.987174167
0.1116
nan
0.0
 
2019-05-11T17:58:19,718489479+02:00
57.013856333
9.987173667
0.1836
nan
0.0
 
2019-05-11T17:58:19,911449718+02:00
57.013856167
9.987174167
0.4248
nan
0.0
 
2019-05-11T17:58:20,113424678+02:00
57.013856833
9.987176833
0.5904
nan
0.0
 
2019-05-11T17:58:20,310015582+02:00
57.013857667
9.987176167
0.6408
nan
0.0
 
2019-05-11T17:58:20,514770995+02:00
57.013859167
9.987177333
1.026
nan
0.0
 
2019-05-11T17:58:20,710756912+02:00
57.013859833
9.987177667
1.08
nan
0.0
 
2019-05-11T17:58:20,920559352+02:00
57.013859167
9.987177833
0.9468
nan
0.0
 
2019-05-11T17:58:21,111335012+02:00
57.013858667
9.987178833
0.81
nan
0.0
 
2019-05-11T17:58:21,312344269+02:00
57.013858333
9.987181
1.008
nan
0.0
 
2019-05-11T17:58:21,510899791+02:00
57.013857333
9.987180333
0.8388
nan
0.0
 
2019-05-11T17:58:21,712044542+02:00
57.0138555
9.987176833
0.4788
nan
0.0
 
2019-05-11T17:58:21,910157258+02:00
57.013854833
9.987177667
0.6732
nan
0.0
 
2019-05-11T17:58:22,117322408+02:00
57.013855
9.987177833
0.4788
nan
0.0
 
2019-05-11T17:58:22,512593529+02:00
57.013853667
9.987175333
0.1692
nan
0.0
 
2019-05-11T17:58:22,718285541+02:00
57.0138545
9.987177833
0.5184
nan
0.0
 
2019-05-11T17:58:22,912071924+02:00
57.013855833
9.987179167
0.8172
nan
0.0
 
2019-05-11T17:58:23,111764721+02:00
57.013855667
9.98718
0.7956
nan
0.0
 
2019-05-11T17:58:23,516172146+02:00
57.013856
9.987181667
0.8316
nan
0.0
 
2019-05-11T17:58:23,715688470+02:00
57.013854667
9.987179833
0.4356
nan
0.0
 
2019-05-11T17:58:24,110468195+02:00
57.013854
9.987181
0.648
nan
0.0
 
2019-05-11T17:58:24,317056249+02:00
57.013852667
9.987180167
0.6624
nan
0.0
 
2019-05-11T17:58:24,517428350+02:00
57.013850667
9.987181
1.1232
nan
0.0
 
2019-05-11T17:58:24,711809926+02:00
57.01385
9.9871805
0.8172
nan
0.0
 
2019-05-11T17:58:24,914062361+02:00
57.013850667
9.987182167
0.828
nan
0.0
 
2019-05-11T17:58:25,121583362+02:00
57.01385
9.9871805
0.594
nan
0.0
 
2019-05-11T17:58:25,315149813+02:00
57.013850167
9.987181333
0.7704
nan
0.0
 
2019-05-11T17:58:25,511638818+02:00
57.013851333
9.987182667
0.684
nan
0.0
 
2019-05-11T17:58:25,713091016+02:00
57.0138535
9.987186833
1.3104
nan
0.0
 
2019-05-11T17:58:25,912839810+02:00
57.0138545
9.987188667
1.5948
nan
0.0
 
2019-05-11T17:58:26,113332498+02:00
57.013852667
9.987186167
1.0116
nan
0.0
 
2019-05-11T17:58:26,319729366+02:00
57.0138525
9.987185167
0.9576
nan
0.0
 
2019-05-11T17:58:26,709756986+02:00
57.013854333
9.98719
1.3716
nan
0.0
 
2019-05-11T17:58:26,922000923+02:00
57.0138535
9.9871885
0.954
nan
0.0
 
2019-05-11T17:58:27,115559461+02:00
57.0138525
9.987187667
0.774
nan
0.0
 
2019-05-11T17:58:27,312846783+02:00
57.013850833
9.987187333
0.7344
nan
0.0
 
2019-05-11T17:58:27,711629963+02:00
57.0138485
9.9871815
0.252
nan
0.0
 
2019-05-11T17:58:28,111030765+02:00
57.013852
9.987186167
0.7236
nan
0.0
 
2019-05-11T17:58:28,310158090+02:00
57.0138515
9.987186167
0.5796
nan
0.0
 
2019-05-11T17:58:28,710217714+02:00
57.013853
9.987188
0.7956
nan
0.0
 
2019-05-11T17:58:28,914737814+02:00
57.013852833
9.987188
0.6876
nan
0.0
 
2019-05-11T17:58:29,117634745+02:00
57.013852
9.987186667
0.5292
nan
0.0
 
2019-05-11T17:58:29,510959949+02:00
57.013855167
9.98719
1.134
nan
0.0
 
2019-05-11T17:58:29,713786832+02:00
57.013858
9.987193833
1.6524
nan
0.0
 
2019-05-11T17:58:29,910458971+02:00
57.013861167
9.987198667
2.3544
nan
0.0
 
2019-05-11T17:58:30,117522441+02:00
57.0138645
9.987202833
3.0132
nan
97.46
 
2019-05-11T17:58:30,310035728+02:00
57.0138665
9.987202667
3.1284
nan
61.71
 
2019-05-11T17:58:30,514080035+02:00
57.013868
9.987203
2.916
nan
45.53
 
2019-05-11T17:58:30,711508368+02:00
57.013868167
9.987205333
2.8872
nan
42.04
 
2019-05-11T17:58:30,909893511+02:00
57.0138685
9.987206333
2.5596
nan
0.0
 
2019-05-11T17:58:31,109563622+02:00
57.01387
9.987207833
2.646
nan
0.0
 
2019-05-11T17:58:31,313245350+02:00
57.013871333
9.9872095
2.6352
nan
0.0
 
2019-05-11T17:58:31,511382745+02:00
57.013871833
9.987212
2.4984
nan
0.0
 
2019-05-11T17:58:31,911132129+02:00
57.0138735
9.987212667
2.3508
nan
0.0
 
2019-05-11T17:58:32,119405629+02:00
57.0138705
9.987209333
1.4292
nan
0.0
 
2019-05-11T17:58:32,310144806+02:00
57.013869333
9.987206167
0.9936
nan
0.0
 
2019-05-11T17:58:32,516246059+02:00
57.01387
9.987205
0.8928
nan
0.0
 
2019-05-11T17:58:32,917082872+02:00
57.0138705
9.987203333
0.6228
nan
0.0
 
2019-05-11T17:58:33,316319077+02:00
57.0138695
9.987201
0.3888
nan
0.0
 
2019-05-11T17:58:33,513344831+02:00
57.013870333
9.9872015
0.5508
nan
0.0
 
2019-05-11T17:58:33,711460602+02:00
57.01387
9.9872025
0.6948
nan
0.0
 
2019-05-11T17:58:33,914015764+02:00
57.013868
9.987199167
0.2376
nan
0.0
 
2019-05-11T17:58:34,119041109+02:00
57.013866333
9.987195167
0.3348
nan
0.0
 
2019-05-11T17:58:34,513654127+02:00
57.013863333
9.987195
0.7704
nan
0.0
 
2019-05-11T17:58:34,913986133+02:00
57.0138605
9.987192833
0.702
nan
0.0
 
2019-05-11T17:58:35,117619656+02:00
57.013858667
9.98719
0.8316
nan
0.0
 
2019-05-11T17:58:35,510357151+02:00
57.0138585
9.9871945
0.9756
nan
0.0
 
2019-05-11T17:58:35,713699223+02:00
57.013858667
9.987194333
0.7416
nan
0.0
 
2019-05-11T17:58:35,913072259+02:00
57.013859167
9.987194333
0.5688
nan
0.0
 
2019-05-11T17:58:36,115672799+02:00
57.013858333
9.987192167
0.5364
nan
0.0
 
2019-05-11T17:58:36,323828835+02:00
57.013857
9.987190833
1.0008
nan
0.0
 
2019-05-11T17:58:36,513233445+02:00
57.013858167
9.987192833
0.5508
nan
0.0
 
2019-05-11T17:58:36,714478279+02:00
57.013857333
9.987195167
0.9828
nan
0.0
 
2019-05-11T17:58:36,921376567+02:00
57.013856833
9.9871965
0.8784
nan
0.0
 
2019-05-11T17:58:37,317574309+02:00
57.013855833
9.987197
0.6588
nan
0.0
 
2019-05-11T17:58:37,514588672+02:00
57.013854167
9.987196333
0.6588
nan
0.0
 
