224
223
222
144
146
145
67
68
66
21
22
23
206
205
204
9
476
475
474
321
322
323
156
300
301
302
499
498
500
278
276
277
318
319
492
493
494
288
290
289
317
315
316
186
188
187
294
295
296
304
303
178
179
177
441
442
123
121
122
120
360
362
361
267
269
268
393
395
394
84
85
86
105
107
106
229
230
228
364
363
365
0
1
2
91
90
92
255
256
257
200
198
199
264
227
225
226
215
214
213
70
69
71
390
391
392
279
281
280
130
131
129
501
502
503
379
380
378
43
42
44
283
282
284
111
112
113
168
169
170
26
479
477
478
231
233
232
218
216
217
337
336
338
463
464
462
368
366
367
59
58
57
251
250
249
374
134
373
293