9.89778
9.89778
9.89778
9.897452
9.897452
9.897452
9.899084
9.899084
9.899084
9.8994369
9.8994369
9.8994369
9.911432
9.911432
9.911432
9.85606
9.85606
9.85606
9.941081
9.941081
9.941081
9.84238
9.84238
9.84238
10.172294
10.172294
10.172294
9.880032
9.880032
9.880032
9.644169
9.87062
9.87062
9.932262
9.932262
9.932262
9.644169
9.644169
9.881538
9.881538
9.881538
9.87062
9.992858
9.992858
9.992858
9.928608
9.928608
9.928608
9.745214
9.745214
9.745214
9.6018189
9.6018189
9.6018189
10.147755
10.147755
10.147755
10.284881
10.284881
10.284881
9.814853
9.814853
9.814853
9.920109
9.920109
9.920109
9.9555689
9.9555689
9.9555689
9.824033
9.824033
9.824033
9.96999
9.96999
9.96999
10.049638
10.049638
10.049638
9.904443
9.904443
9.904443
9.990279
9.990279
9.990279
9.902628
9.902628
9.902628
9.873301
9.873301
9.873301
9.971347
9.971347
9.971347
9.878503
9.878503
9.878503
9.808024
9.934671
9.934671
9.934671
9.808024
9.808024
9.958341
9.958341
9.958341
10.349769
10.349769
10.349769
9.912525
9.912525
9.912525
9.913562
9.913562
9.913562
10.077902
10.077902
10.077902
9.960965
9.960965
9.960965
9.870119
9.870119
9.870119
9.942731
9.942731
9.942731
9.916505
9.916505
9.916505
9.952775
9.952775
9.943064
10.29621
10.29621
10.29621
9.943064
9.943064
10.018947
9.921845
9.921845
9.921845
9.869305
9.869305
9.869305
9.922606
9.922606
9.924082
9.924082
9.924082
10.018947
10.018947
9.961119
9.961119
9.961119
9.684996
9.684996
9.945245
9.945245
9.9909028
9.9909028
9.9909028
9.922606
9.9642333
9.941484
9.941484
9.9642333
9.9642333
9.942715
9.942715
9.942715
9.941484
9.945245
9.913665
9.913665
9.913665
9.873678
9.873678
9.873678
9.9859359
9.9859359
9.9859359
9.887528
9.887528
9.887528
9.917035
9.917035
9.917035
9.82301
9.82301
9.82301
9.999316
9.999316
9.999316
9.9363
9.9363
10.05873
9.885977
9.885977
9.885977
9.977302
9.977302
9.977302
9.921831
9.921831
9.921831
9.927229
9.927229
9.927229
9.901202
9.901202
9.901202
9.989333
9.989333
9.989333
9.947418
9.947418
9.947418
9.897929
9.897929
9.897929
9.8989436
9.998746
9.998746
9.998746
10.023391
10.023391
10.023391
9.88293
9.88293
9.88293
9.9508
9.9508
9.9508
9.968872
9.968872
9.968872
9.887679
9.887679
9.887679
9.898915
9.898915
9.898915
9.928661
9.928661
9.928661
10.0374649
10.0206
10.0206
10.0206
9.866639
9.866639
9.866639
10.05873
10.05873
9.8140299
9.8140299
9.8140299
9.8661149
9.840901
9.840901
9.969998
9.969998
9.969998
9.897393
9.897393
9.897393
9.9328159
9.9328159
9.9328159
9.967866
9.967866
9.933497
9.933497
9.959513
9.959513
9.959513
9.967866
9.861627
9.861627
9.861627
9.925197
9.925197
9.925197
9.949326
9.949326
9.949326
9.840901
9.933497
10.002983
9.85906
9.85906
9.85906
10.002983
10.002983
9.6460549
9.6460549
9.6460549
9.886102
9.886102
9.886102