
2019-05-12T19:02:23,197534568+02:00
57.050980333
9.923024833
0.1728
nan
0.0
 
2019-05-12T19:02:23,400237236+02:00
57.050980333
9.923024833
0.0468
nan
0.0
 
2019-05-12T19:02:23,597444506+02:00
57.050980333
9.923024833
0.1224
nan
0.0
 
2019-05-12T19:02:23,800436146+02:00
57.050980333
9.923024833
0.0792
nan
0.0
 
2019-05-12T19:02:24,000187287+02:00
57.050980333
9.923024833
0.2088
nan
0.0
 
2019-05-12T19:02:24,202818598+02:00
57.050980167
9.923024833
0.198
nan
0.0
 
2019-05-12T19:02:24,391481796+02:00
57.050980167
9.923024833
0.1224
nan
0.0
 
2019-05-12T19:02:24,600107939+02:00
57.050980167
9.923024833
0.0792
nan
0.0
 
2019-05-12T19:02:24,802404917+02:00
57.050980167
9.923024833
0.0792
nan
0.0
 
2019-05-12T19:02:25,004115852+02:00
57.050980167
9.923024833
0.0936
nan
0.0
 
2019-05-12T19:02:25,403527255+02:00
57.050980167
9.923024833
0.1008
nan
0.0
 
2019-05-12T19:02:25,599681766+02:00
57.050980167
9.923024833
0.0612
nan
0.0
 
2019-05-12T19:02:25,794602405+02:00
57.050980167
9.923024833
0.0468
nan
0.0
 
2019-05-12T19:02:26,199158603+02:00
57.050980167
9.923024667
0.0756
nan
0.0
 
2019-05-12T19:02:26,397699579+02:00
57.050980167
9.923024667
0.1008
nan
0.0
 
2019-05-12T19:02:26,794009140+02:00
57.05098
9.9230245
0.2016
nan
0.0
 
2019-05-12T19:02:27,002597838+02:00
57.05098
9.9230245
0.1332
nan
0.0
 
2019-05-12T19:02:27,398639877+02:00
57.050979833
9.923024667
0.0972
nan
0.0
 
2019-05-12T19:02:27,598099818+02:00
57.050979833
9.923024667
0.0144
nan
0.0
 
2019-05-12T19:02:27,800992506+02:00
57.05098
9.923024667
0.1044
nan
0.0
 
2019-05-12T19:02:28,205659439+02:00
57.050979833
9.923024667
0.0828
nan
0.0
 
2019-05-12T19:02:28,615216195+02:00
57.050979833
9.923024667
0.1188
nan
0.0
 
2019-05-12T19:02:29,004446683+02:00
57.050979833
9.923024833
0.09
nan
0.0
 
2019-05-12T19:02:29,403178648+02:00
57.050979667
9.923024667
0.1944
nan
0.0
 
2019-05-12T19:02:29,608347945+02:00
57.050979667
9.923024667
0.036
nan
0.0
 
2019-05-12T19:02:29,999484832+02:00
57.050979667
9.923024667
0.0684
nan
0.0
 
2019-05-12T19:02:30,222804638+02:00
57.050979667
9.923024667
0.1116
nan
0.0
 
2019-05-12T19:02:30,802382162+02:00
57.050979667
9.923024833
0.1224
nan
0.0
 
2019-05-12T19:02:31,199461961+02:00
57.050979667
9.923024833
0.162
nan
0.0
 
2019-05-12T19:02:31,396571342+02:00
57.050979667
9.923024833
0.1296
nan
0.0
 
2019-05-12T19:02:31,645840013+02:00
57.050979667
9.923024833
0.1044
nan
0.0
 
2019-05-12T19:02:32,202642172+02:00
57.050979667
9.923024833
0.1728
nan
0.0
 
2019-05-12T19:02:32,411278329+02:00
57.0509795
9.923024833
0.0792
nan
0.0
 
2019-05-12T19:02:32,795377249+02:00
57.0509795
9.923024833
0.0792
nan
0.0
 
2019-05-12T19:02:33,007105521+02:00
57.0509795
9.923024667
0.054
nan
0.0
 
2019-05-12T19:02:33,201899944+02:00
57.0509795
9.923024833
0.0828
nan
0.0
 
2019-05-12T19:02:33,599963359+02:00
57.0509795
9.923024667
0.0288
nan
0.0
 
2019-05-12T19:02:33,808645603+02:00
57.0509795
9.923024667
0.0612
nan
0.0
 
2019-05-12T19:02:34,202691005+02:00
57.050979333
9.923024833
0.2268
nan
0.0
 
2019-05-12T19:02:34,805284112+02:00
57.050979167
9.923024833
0.0972
nan
0.0
 
2019-05-12T19:02:35,037388203+02:00
57.050979167
9.923024667
0.1188
nan
0.0
 
2019-05-12T19:02:35,396777916+02:00
57.050979167
9.923024667
0.0468
nan
0.0
 
2019-05-12T19:02:35,803037187+02:00
57.050979167
9.9230245
0.0432
nan
0.0
 
2019-05-12T19:02:36,003623975+02:00
57.050979167
9.9230245
0.0936
nan
0.0
 
2019-05-12T19:02:36,212998973+02:00
57.050979167
9.9230245
0.0432
nan
0.0
 
2019-05-12T19:02:36,607487058+02:00
57.050979167
9.923024667
0.0288
nan
0.0
 
2019-05-12T19:02:36,799574169+02:00
57.050979167
9.923024667
0.0756
nan
0.0
 
2019-05-12T19:02:37,006699279+02:00
57.050979
9.923024667
0.09
nan
0.0
 
2019-05-12T19:02:37,213255887+02:00
57.050979
9.923024667
0.072
nan
0.0
 
2019-05-12T19:02:37,598720829+02:00
57.050978833
9.923024833
0.072
nan
0.0
 
2019-05-12T19:02:38,202383790+02:00
57.050978667
9.923024833
0.0144
nan
0.0
 
2019-05-12T19:02:38,419121312+02:00
57.0509785
9.923024833
0.072
nan
0.0
 
2019-05-12T19:02:38,610906206+02:00
57.0509785
9.923024833
0.0108
nan
0.0
 
2019-05-12T19:02:38,825036132+02:00
57.0509785
9.923025
0.0216
nan
0.0
 
2019-05-12T19:02:39,033629983+02:00
57.050978333
9.923024833
0.0576
nan
0.0
 
2019-05-12T19:02:39,402915082+02:00
57.0509785
9.923025
0.0324
nan
0.0
 
2019-05-12T19:02:39,600870001+02:00
57.050978333
9.923025167
0.0576
nan
0.0
 
2019-05-12T19:02:40,205423079+02:00
57.050978333
9.923025167
0.054
nan
0.0
 
2019-05-12T19:02:40,427661399+02:00
57.050978333
9.923025333
0.0792
nan
0.0
 
2019-05-12T19:02:40,604140774+02:00
57.050978167
9.923025333
0.0756
nan
0.0
 
2019-05-12T19:02:40,828257023+02:00
57.050978
9.923025333
0.1728
nan
0.0
 
2019-05-12T19:02:41,204720950+02:00
57.050978
9.923025333
0.0684
nan
0.0
 
2019-05-12T19:02:41,412372682+02:00
57.050978
9.923025333
0.054
nan
0.0
 
2019-05-12T19:02:41,803364418+02:00
57.050977833
9.9230255
0.0576
nan
0.0
 
2019-05-12T19:02:42,000586924+02:00
57.050977667
9.9230255
0.09
nan
0.0
 
2019-05-12T19:02:42,232104446+02:00
57.050977667
9.923025667
0.162
nan
0.0
 
2019-05-12T19:02:42,608527782+02:00
57.050977333
9.923027167
0.99
nan
0.0
 
2019-05-12T19:02:43,001035198+02:00
57.050976833
9.923030167
1.8
nan
102.71
 
2019-05-12T19:02:43,199497408+02:00
57.0509755
9.923032
2.3472
nan
119.13
 
2019-05-12T19:02:43,617477167+02:00
57.050975
9.923035
2.1348
nan
117.98
 
2019-05-12T19:02:43,796049350+02:00
57.0509745
9.923036833
2.358
nan
119.13
 
2019-05-12T19:02:44,007111702+02:00
57.050974167
9.923039667
3.1464
nan
113.86
 
2019-05-12T19:02:44,395843241+02:00
57.050972833
9.9230475
4.9392
nan
108.86
 
2019-05-12T19:02:44,617005854+02:00
57.050972833
9.923053
6.0408
nan
102.25
 
2019-05-12T19:02:44,800858335+02:00
57.050973
9.923059833
7.5276
nan
95.09
 
2019-05-12T19:02:45,034838101+02:00
57.050974667
9.923069333
10.278
nan
85.49
 
2019-05-12T19:02:45,404058008+02:00
57.0509795
9.923094333
14.6448
nan
76.9
 
2019-05-12T19:02:45,600438519+02:00
57.050982667
9.923109167
16.5564
nan
73.96
 
2019-05-12T19:02:46,000434628+02:00
57.050992833
9.923143
20.412
nan
67.43
 
2019-05-12T19:02:46,200884651+02:00
57.050998833
9.9231625
22.6512
nan
65.5
 
2019-05-12T19:02:46,438253001+02:00
57.0510045
9.923184167
24.948
nan
66.06
 
2019-05-12T19:02:46,816077938+02:00
57.051016667
9.923235167
30.222
nan
68.77
 
2019-05-12T19:02:47,195764505+02:00
57.051028833
9.923296167
35.2728
nan
71.74
 
2019-05-12T19:02:47,403622489+02:00
57.051034667
9.923330667
37.674
nan
74.1
 
2019-05-12T19:02:47,600585398+02:00
57.051039833
9.923367667
40.1364
nan
76.71
 
2019-05-12T19:02:47,812161868+02:00
57.051044167
9.923406667
42.282
nan
79.47
 
2019-05-12T19:02:48,004602837+02:00
57.051047833
9.923447333
43.8408
nan
82.05
 
2019-05-12T19:02:48,408077753+02:00
57.051053333
9.9235315
45.4032
nan
85.66
 
2019-05-12T19:02:48,616474449+02:00
57.051055
9.9235735
45.7272
nan
86.72
 
2019-05-12T19:02:49,007667655+02:00
57.051057333
9.923656
44.5572
nan
89.49
 
2019-05-12T19:02:49,401532817+02:00
57.051058333
9.923734
41.7924
nan
91.75
 
2019-05-12T19:02:49,810606749+02:00
57.051058333
9.9238045
38.2212
nan
92.53
 
2019-05-12T19:02:50,218291719+02:00
57.051059
9.923868833
34.902
nan
91.25
 
2019-05-12T19:02:50,435735615+02:00
57.051058167
9.9238995
33.9516
nan
91.87
 
2019-05-12T19:02:51,009150449+02:00
57.051050167
9.923981667
29.7144
nan
97.95
 
2019-05-12T19:02:51,401615184+02:00
57.051038833
9.924028833
27.2088
nan
106.73
 
2019-05-12T19:02:51,606315116+02:00
57.051031167
9.924049
25.7904
nan
112.52
 
2019-05-12T19:02:51,997034669+02:00
57.0510135
9.9240835
23.6376
nan
124.7
 
2019-05-12T19:02:52,204530247+02:00
57.0510035
9.924097167
22.7664
nan
131.0
 
2019-05-12T19:02:52,607696948+02:00
57.050984
9.924116333
19.4292
nan
141.53
 
2019-05-12T19:02:52,827045330+02:00
57.050974833
9.924122833
18.4284
nan
147.9
 
2019-05-12T19:02:53,001105361+02:00
57.050965333
9.924128167
17.9532
nan
153.14
 
2019-05-12T19:02:53,396195278+02:00
57.050949
9.924139167
15.4728
nan
155.31
 
2019-05-12T19:02:53,601569758+02:00
57.050942333
9.9241445
13.9068
nan
154.76
 
2019-05-12T19:02:54,005381937+02:00
57.050931333
9.924153167
10.8468
nan
154.91
 
2019-05-12T19:02:54,202944996+02:00
57.050926833
9.9241565
9.522
nan
155.98
 
2019-05-12T19:02:54,600939371+02:00
57.050919833
9.924161333
6.8796
nan
158.0
 
2019-05-12T19:02:54,797798162+02:00
57.050916667
9.9241625
5.796
nan
160.04
 
2019-05-12T19:02:55,007120790+02:00
57.050914333
9.924163333
4.5468
nan
162.25
 
2019-05-12T19:02:55,402167092+02:00
57.050910833
9.924163167
2.2068
nan
173.73
 
2019-05-12T19:02:55,814581482+02:00
57.05091
9.924159
2.4732
nan
253.71
 
2019-05-12T19:02:56,205346807+02:00
57.050912833
9.92415
6.2928
nan
301.35
 
2019-05-12T19:02:56,611260747+02:00
57.05092
9.924137
10.6272
nan
314.03
 
2019-05-12T19:02:56,834704821+02:00
57.050924667
9.9241295
12.69
nan
317.71
 
2019-05-12T19:02:57,208519004+02:00
57.050936
9.924112833
15.5376
nan
321.68
 
2019-05-12T19:02:57,406994188+02:00
57.050942667
9.924103333
16.6608
nan
322.33
 
2019-05-12T19:02:57,603766488+02:00
57.050949833
9.924093333
17.6508
nan
322.95
 
2019-05-12T19:02:57,822232148+02:00
57.050957667
9.924083167
18.5472
nan
324.0
 
2019-05-12T19:02:58,022191081+02:00
57.050965333
9.924073833
18.8064
nan
325.98
 
2019-05-12T19:02:58,220682732+02:00
57.050973333
9.924064333
19.1304
nan
327.64
 
2019-05-12T19:02:58,409622038+02:00
57.050982
9.924054333
19.4436
nan
328.64
 
2019-05-12T19:02:58,640414396+02:00
57.050991
9.9240455
20.1384
nan
331.29
 
2019-05-12T19:02:59,016327254+02:00
57.0510105
9.924028
21.33
nan
334.84
 
2019-05-12T19:02:59,228419845+02:00
57.051021333
9.924020667
22.0644
nan
338.31
 
2019-05-12T19:02:59,604186129+02:00
57.0510425
9.92401
22.5108
nan
345.06
 
2019-05-12T19:02:59,800933709+02:00
57.051053667
9.924006667
22.608
nan
349.2
 
2019-05-12T19:03:00,201534954+02:00
57.0510765
9.924002667
22.4568
nan
355.67
 
2019-05-12T19:03:00,400697727+02:00
57.051088
9.924003
22.8492
nan
359.83
 
2019-05-12T19:03:00,613245745+02:00
57.051099
9.924004333
22.5432
nan
2.69
 
2019-05-12T19:03:01,026573258+02:00
57.051120833
9.924010167
22.3704
nan
8.45
 
2019-05-12T19:03:01,404037408+02:00
57.051142667
9.924020167
22.3488
nan
13.87
 
2019-05-12T19:03:01,803730678+02:00
57.051163667
9.924034
22.4136
nan
19.07
 
2019-05-12T19:03:02,013812609+02:00
57.0511735
9.9240425
22.2804
nan
21.67
 
2019-05-12T19:03:02,397636242+02:00
57.051191667
9.924062667
21.1104
nan
28.98
 
2019-05-12T19:03:02,603064797+02:00
57.0512
9.924072167
20.0772
nan
30.92
 
2019-05-12T19:03:02,797111987+02:00
57.051207167
9.924082167
18.7488
nan
33.21
 
2019-05-12T19:03:03,001219117+02:00
57.0512125
9.924090833
16.6248
nan
35.39
 
2019-05-12T19:03:03,233578424+02:00
57.051217667
9.924099
14.6088
nan
37.73
 
2019-05-12T19:03:03,606798722+02:00
57.051226167
9.924110667
10.4904
nan
37.98
 
2019-05-12T19:03:03,810214934+02:00
57.051229167
9.924114667
8.5968
nan
37.22
 
2019-05-12T19:03:04,002277456+02:00
57.0512315
9.924118
7.1208
nan
36.59
 
2019-05-12T19:03:04,202144669+02:00
57.051233667
9.9241205
5.6268
nan
35.83
 
2019-05-12T19:03:04,397204378+02:00
57.051235167
9.924122
4.4172
nan
33.44
 
2019-05-12T19:03:04,807371442+02:00
57.051237333
9.9241235
2.3616
nan
27.21
 
2019-05-12T19:03:05,202302939+02:00
57.0512365
9.924120167
2.1276
nan
331.16
 
2019-05-12T19:03:05,412315406+02:00
57.051235667
9.924115833
4.0572
nan
271.57
 
2019-05-12T19:03:05,805391671+02:00
57.051232833
9.924101333
8.2044
nan
255.24
 
2019-05-12T19:03:06,024915248+02:00
57.051229167
9.9240905
11.0304
nan
248.39
 
2019-05-12T19:03:06,207647366+02:00
57.051223
9.9240755
15.7824
nan
241.95
 
2019-05-12T19:03:06,406608605+02:00
57.051218667
9.924060667
17.6976
nan
241.78
 
2019-05-12T19:03:06,800165062+02:00
57.0512065
9.924024167
22.806
nan
240.43
 
2019-05-12T19:03:07,019769182+02:00
57.051200833
9.9240035
24.4944
nan
241.65
 
2019-05-12T19:03:07,403707888+02:00
57.051188667
9.923962167
26.01
nan
240.33
 
2019-05-12T19:03:07,602554870+02:00
57.0511825
9.9239435
25.0128
nan
239.21
 
2019-05-12T19:03:07,800620509+02:00
57.0511765
9.923926
23.3892
nan
237.67
 
2019-05-12T19:03:08,205227646+02:00
57.051165667
9.923894833
20.6784
nan
236.99
 
2019-05-12T19:03:08,401740462+02:00
57.051160667
9.923880167
19.6272
nan
236.53
 
2019-05-12T19:03:08,622705199+02:00
57.051156167
9.923865833
18.6228
nan
236.86
 
2019-05-12T19:03:08,836715376+02:00
57.051152
9.9238515
18.0792
nan
238.81
 
2019-05-12T19:03:09,021195333+02:00
57.051148167
9.923839167
16.3908
nan
239.13
 
2019-05-12T19:03:09,227924721+02:00
57.051144833
9.9238255
16.326
nan
241.53
 
2019-05-12T19:03:09,604915125+02:00
57.0511395
9.923800333
14.5872
nan
245.71
 
2019-05-12T19:03:09,811707687+02:00
57.051137333
9.923788667
13.7988
nan
247.97
 
2019-05-12T19:03:10,021197175+02:00
57.0511355
9.923777333
13.14
nan
249.86
 
2019-05-12T19:03:10,235837240+02:00
57.051133667
9.923766667
12.3984
nan
251.83
 
2019-05-12T19:03:10,607501043+02:00
57.051130833
9.923747333
10.6704
nan
256.05
 
2019-05-12T19:03:11,019162350+02:00
57.0511295
9.923729833
9.5112
nan
260.51
 
2019-05-12T19:03:11,200352392+02:00
57.051129167
9.9237215
9.0396
nan
262.83
 
2019-05-12T19:03:11,410634215+02:00
57.051129167
9.9237145
7.9236
nan
265.67
 
2019-05-12T19:03:11,802653625+02:00
57.05113
9.923702167
6.6888
nan
274.55
 
2019-05-12T19:03:11,997474128+02:00
57.051130667
9.923697167
5.9292
nan
278.2
 
2019-05-12T19:03:12,216389222+02:00
57.051131667
9.923693333
4.986
nan
284.97
 
2019-05-12T19:03:12,615235981+02:00
57.051134
9.923687167
4.0212
nan
300.23
 
2019-05-12T19:03:12,828034431+02:00
57.051135333
9.923685667
3.4524
nan
308.61
 
2019-05-12T19:03:13,205265833+02:00
57.0511385
9.9236855
3.3156
nan
341.15
 
2019-05-12T19:03:13,407570184+02:00
57.051140333
9.923686167
3.7404
nan
357.03
 
2019-05-12T19:03:13,802088493+02:00
57.051144
9.923690167
4.1256
nan
21.87
 
2019-05-12T19:03:14,009291737+02:00
57.051145833
9.9236925
4.2804
nan
29.22
 
2019-05-12T19:03:14,403833432+02:00
57.051149167
9.923699667
5.3172
nan
46.4
 
2019-05-12T19:03:14,619117253+02:00
57.051150667
9.923704
5.5188
nan
52.38
 
2019-05-12T19:03:14,821560403+02:00
57.051152
9.923709
5.652
nan
57.13
 
2019-05-12T19:03:15,202969061+02:00
57.051153833
9.923721
6.0948
nan
68.61
 
2019-05-12T19:03:15,406352396+02:00
57.0511545
9.923727333
6.6996
nan
72.65
 
2019-05-12T19:03:15,602669106+02:00
57.051155
9.9237335
6.8328
nan
77.65
 
2019-05-12T19:03:15,839201066+02:00
57.051155333
9.92374
7.0956
nan
82.89
 
2019-05-12T19:03:16,018505755+02:00
57.051155333
9.923746667
7.1352
nan
86.67
 
2019-05-12T19:03:16,204660396+02:00
57.051155167
9.923753667
7.4448
nan
90.17
 
2019-05-12T19:03:16,604351303+02:00
57.0511535
9.923767
7.398
nan
98.3
 
2019-05-12T19:03:16,823140761+02:00
57.0511525
9.923773
7.2
nan
102.21
 
