
2019-05-07T14:55:41,910959832+02:00
57.0140575
9.987288667
0.18
nan
0.0
 
2019-05-07T14:55:42,100100538+02:00
57.014057833
9.9872885
0.1728
nan
0.0
 
2019-05-07T14:55:42,295955436+02:00
57.014058
9.987288333
0.1476
nan
0.0
 
2019-05-07T14:55:42,484866001+02:00
57.014058167
9.987288167
0.2304
nan
0.0
 
2019-05-07T14:55:42,688618706+02:00
57.014058333
9.987288167
0.1332
nan
0.0
 
2019-05-07T14:55:42,879215529+02:00
57.014058667
9.987288
0.1188
nan
0.0
 
2019-05-07T14:55:43,074709704+02:00
57.014058833
9.987288167
0.0468
nan
0.0
 
2019-05-07T14:55:43,273276404+02:00
57.014059167
9.987288167
0.1656
nan
0.0
 
2019-05-07T14:55:43,469777502+02:00
57.014059167
9.987288167
0.1584
nan
0.0
 
2019-05-07T14:55:43,669378500+02:00
57.014059333
9.987288167
0.1152
nan
0.0
 
2019-05-07T14:55:43,853032203+02:00
57.014059667
9.987288
0.0432
nan
0.0
 
2019-05-07T14:55:44,055135414+02:00
57.014059667
9.987287833
0.0324
nan
0.0
 
2019-05-07T14:55:44,250342461+02:00
57.014059833
9.987288333
0.2952
nan
0.0
 
2019-05-07T14:55:44,456090691+02:00
57.01406
9.987287667
0.1476
nan
0.0
 
2019-05-07T14:55:44,637928168+02:00
57.01406
9.987287833
0.144
nan
0.0
 
2019-05-07T14:55:44,832396989+02:00
57.01406
9.987287333
0.1872
nan
0.0
 
2019-05-07T14:55:45,035024110+02:00
57.01406
9.987287
0.2304
nan
0.0
 
2019-05-07T14:55:45,224624026+02:00
57.014060167
9.987286833
0.0144
nan
0.0
 
2019-05-07T14:55:45,427597654+02:00
57.014060333
9.987287
0.1764
nan
0.0
 
2019-05-07T14:55:45,619731884+02:00
57.014060333
9.987286833
0.126
nan
0.0
 
2019-05-07T14:55:45,817066461+02:00
57.0140605
9.987287167
0.2664
nan
0.0
 
2019-05-07T14:55:46,010908120+02:00
57.014060667
9.987287333
0.342
nan
0.0
 
2019-05-07T14:55:46,215887801+02:00
57.014061
9.987287333
0.126
nan
0.0
 
2019-05-07T14:55:46,408785062+02:00
57.014061333
9.987287333
0.1764
nan
0.0
 
2019-05-07T14:55:46,601152455+02:00
57.014061333
9.987287
0.0684
nan
0.0
 
2019-05-07T14:55:46,806299075+02:00
57.014061833
9.987287333
0.414
nan
0.0
 
2019-05-07T14:55:47,018459585+02:00
57.014061833
9.987287333
0.1404
nan
0.0
 
2019-05-07T14:55:47,405911399+02:00
57.014062333
9.987287667
0.252
nan
0.0
 
2019-05-07T14:55:47,587713544+02:00
57.0140625
9.987287833
0.1764
nan
0.0
 
2019-05-07T14:55:47,981736327+02:00
57.014063
9.987287667
0.0144
nan
0.0
 
2019-05-07T14:55:48,383560430+02:00
57.014063333
9.987287833
0.1944
nan
0.0
 
2019-05-07T14:55:48,612549470+02:00
57.0140635
9.987287667
0.072
nan
0.0
 
2019-05-07T14:55:48,806866950+02:00
57.014063667
9.987287667
0.0504
nan
0.0
 
2019-05-07T14:55:48,988005571+02:00
57.014063833
9.987287833
0.0864
nan
0.0
 
2019-05-07T14:55:49,173385144+02:00
57.014064167
9.987287667
0.1692
nan
0.0
 
2019-05-07T14:55:49,384419780+02:00
57.014064333
9.987287833
0.144
nan
0.0
 
2019-05-07T14:55:49,774700817+02:00
57.0140645
9.987287833
0.036
nan
0.0
 
2019-05-07T14:55:49,988856789+02:00
57.0140645
9.987287667
0.1548
nan
0.0
 
2019-05-07T14:55:50,165905537+02:00
57.014064667
9.987287833
0.072
nan
0.0
 
2019-05-07T14:55:50,558072015+02:00
57.014064833
9.987288
0.0684
nan
0.0
 
2019-05-07T14:55:50,767839922+02:00
57.014065167
9.987288167
0.1188
nan
0.0
 
2019-05-07T14:55:50,986986771+02:00
57.014065167
9.987288167
0.054
nan
0.0
 
2019-05-07T14:55:51,354868276+02:00
57.014065333
9.987288333
0.0468
nan
0.0
 
2019-05-07T14:55:51,576028335+02:00
57.014065667
9.987288667
0.1728
nan
0.0
 
2019-05-07T14:55:51,943938215+02:00
57.014065667
9.9872885
0.1944
nan
0.0
 
2019-05-07T14:55:52,157577809+02:00
57.014065667
9.987288167
0.3168
nan
0.0
 
2019-05-07T14:55:52,540193041+02:00
57.014065833
9.987288333
0.1476
nan
0.0
 
2019-05-07T14:55:52,741836300+02:00
57.014066167
9.987288333
0.1116
nan
0.0
 
2019-05-07T14:55:52,949546272+02:00
57.014066333
9.9872885
0.1152
nan
0.0
 
2019-05-07T14:55:53,152423947+02:00
57.014066667
9.987288167
0.1512
nan
0.0
 
2019-05-07T14:55:53,336937075+02:00
57.014066667
9.987288167
0.2052
nan
0.0
 
2019-05-07T14:55:53,735114810+02:00
57.014066833
9.987288
0.2484
nan
0.0
 
2019-05-07T14:55:53,955724152+02:00
57.014066833
9.987287667
0.216
nan
0.0
 
2019-05-07T14:55:54,333974145+02:00
57.014067167
9.987287667
0.1332
nan
0.0
 
2019-05-07T14:55:54,538268516+02:00
57.0140675
9.9872875
0.27
nan
0.0
 
2019-05-07T14:55:54,932114691+02:00
57.014067833
9.987287333
0.0828
nan
0.0
 
2019-05-07T14:55:55,328635168+02:00
57.014067833
9.987287167
0.0612
nan
0.0
 
2019-05-07T14:55:55,554160130+02:00
57.0140675
9.987287
0.324
nan
0.0
 
2019-05-07T14:55:55,926417155+02:00
57.014067667
9.987287
0.108
nan
0.0
 
2019-05-07T14:55:56,121103723+02:00
57.014068167
9.987287333
0.2736
nan
0.0
 
2019-05-07T14:55:56,519595858+02:00
57.014068
9.9872875
0.1908
nan
0.0
 
2019-05-07T14:55:56,752258721+02:00
57.014068333
9.987288
0.2088
nan
0.0
 
2019-05-07T14:55:56,948767546+02:00
57.0140685
9.987287667
0.1692
nan
0.0
 
2019-05-07T14:55:57,323172602+02:00
57.014068667
9.987288167
0.0504
nan
0.0
 
2019-05-07T14:55:57,537643748+02:00
57.014068167
9.987288
0.1152
nan
0.0
 
2019-05-07T14:55:57,913784424+02:00
57.014068
9.987287667
0.1116
nan
0.0
 
2019-05-07T14:55:58,124544941+02:00
57.014067833
9.987288
0.0756
nan
0.0
 
2019-05-07T14:55:58,366371177+02:00
57.014067667
9.987287833
0.1188
nan
0.0
 
2019-05-07T14:55:58,713173488+02:00
57.014067167
9.987288167
0.0864
nan
0.0
 
2019-05-07T14:55:58,909758054+02:00
57.014067
9.987288333
0.0108
nan
0.0
 
2019-05-07T14:55:59,147760031+02:00
57.014067
9.987288333
0.1188
nan
0.0
 
2019-05-07T14:55:59,511243188+02:00
57.014066667
9.987288333
0.0864
nan
0.0
 
2019-05-07T14:55:59,709247629+02:00
57.014066667
9.987288333
0.0756
nan
0.0
 
2019-05-07T14:55:59,914361591+02:00
57.0140665
9.987288333
0.0576
nan
0.0
 
2019-05-07T14:56:00,133148503+02:00
57.014066667
9.987288167
0.0612
nan
0.0
 
2019-05-07T14:56:00,311908609+02:00
57.014066833
9.987287833
0.2052
nan
0.0
 
2019-05-07T14:56:00,539828251+02:00
57.014066667
9.987288
0.126
nan
0.0
 
2019-05-07T14:56:00,731221774+02:00
57.014066833
9.987288167
0.216
nan
0.0
 
2019-05-07T14:56:00,920446982+02:00
57.014066833
9.987288167
0.2664
nan
0.0
 
2019-05-07T14:56:01,314102026+02:00
57.014066833
9.9872885
0.1944
nan
0.0
 
2019-05-07T14:56:01,548397698+02:00
57.014066833
9.9872885
0.0756
nan
0.0
 
2019-05-07T14:56:01,905986470+02:00
57.014066667
9.987288667
0.0792
nan
0.0
 
2019-05-07T14:56:02,126694621+02:00
57.014066833
9.987288833
0.2592
nan
0.0
 
2019-05-07T14:56:02,507767971+02:00
57.014066667
9.987288667
0.144
nan
0.0
 
2019-05-07T14:56:02,910971299+02:00
57.0140665
9.987288667
0.1656
nan
0.0
 
2019-05-07T14:56:03,122822266+02:00
57.0140665
9.987288833
0.1692
nan
0.0
 
2019-05-07T14:56:03,326471292+02:00
57.014066333
9.987288833
0.1332
nan
0.0
 
2019-05-07T14:56:03,704928549+02:00
57.014066
9.987289
0.162
nan
0.0
 
2019-05-07T14:56:03,914366399+02:00
57.014066333
9.987289333
0.2196
nan
0.0
 
2019-05-07T14:56:04,103778027+02:00
57.014066333
9.987289167
0.0972
nan
0.0
 
2019-05-07T14:56:04,323305454+02:00
57.014066333
9.987289333
0.0828
nan
0.0
 
2019-05-07T14:56:04,539962122+02:00
57.014066333
9.987289333
0.1008
nan
0.0
 
2019-05-07T14:56:04,902396730+02:00
57.0140665
9.987289333
0.144
nan
0.0
 
2019-05-07T14:56:05,099926163+02:00
57.014066667
9.987289333
0.0684
nan
0.0
 
2019-05-07T14:56:05,311678163+02:00
57.014066833
9.987289333
0.1584
nan
0.0
 
2019-05-07T14:56:05,506327332+02:00
57.014067
9.9872895
0.1728
nan
0.0
 
2019-05-07T14:56:05,915550006+02:00
57.014067333
9.987289167
0.1116
nan
0.0
 
2019-05-07T14:56:06,297643086+02:00
57.014067667
9.987288833
0.0468
nan
0.0
 
2019-05-07T14:56:06,502038160+02:00
57.014067833
9.987288667
0.0936
nan
0.0
 
2019-05-07T14:56:06,895632572+02:00
57.014068167
9.987288667
0.0576
nan
0.0
 
2019-05-07T14:56:07,302240555+02:00
57.014068333
9.987288333
0.1224
nan
0.0
 
2019-05-07T14:56:07,496934724+02:00
57.0140685
9.987288333
0.0972
nan
0.0
 
2019-05-07T14:56:07,698854843+02:00
57.014068833
9.987288333
0.2196
nan
0.0
 
2019-05-07T14:56:07,895614711+02:00
57.014068667
9.987288167
0.1872
nan
0.0
 
2019-05-07T14:56:08,303091134+02:00
57.014068833
9.987287667
0.1008
nan
0.0
 
2019-05-07T14:56:08,497934976+02:00
57.014068833
9.987287667
0.0684
nan
0.0
 
2019-05-07T14:56:08,904723288+02:00
57.014069
9.987287333
0.0828
nan
0.0
 
2019-05-07T14:56:09,112518614+02:00
57.014069333
9.987287
0.18
nan
0.0
 
2019-05-07T14:56:09,296151593+02:00
57.014069333
9.987286833
0.1512
nan
0.0
 
2019-05-07T14:56:09,497759089+02:00
57.014069333
9.9872865
0.1008
nan
0.0
 
2019-05-07T14:56:09,717236949+02:00
57.014069167
9.987286333
0.1368
nan
0.0
 
2019-05-07T14:56:10,101662510+02:00
57.014069333
9.987286
0.09
nan
0.0
 
2019-05-07T14:56:10,325154378+02:00
57.014069167
9.987285833
0.0612
nan
0.0
 
2019-05-07T14:56:10,699320523+02:00
57.014069167
9.987285333
0.0936
nan
0.0
 
2019-05-07T14:56:10,903563519+02:00
57.0140695
9.987285
0.054
nan
0.0
 
2019-05-07T14:56:11,110772100+02:00
57.01407
9.987284833
0.1008
nan
0.0
 
2019-05-07T14:56:11,491585207+02:00
57.014070667
9.987284
0.0756
nan
0.0
 
2019-05-07T14:56:11,699949511+02:00
57.014071
9.987283667
0.144
nan
0.0
 
2019-05-07T14:56:11,931924065+02:00
57.0140715
9.987283333
0.18
nan
0.0
 
2019-05-07T14:56:12,311429101+02:00
57.014071667
9.987283
0.0792
nan
0.0
 
2019-05-07T14:56:12,520422077+02:00
57.014071833
9.987283
0.0756
nan
0.0
 
2019-05-07T14:56:12,904212023+02:00
57.014072333
9.987282833
0.0144
nan
0.0
 
2019-05-07T14:56:13,113986989+02:00
57.014073167
9.9872825
0.414
nan
0.0
 
2019-05-07T14:56:13,521840480+02:00
57.014073167
9.987282167
0.1764
nan
0.0
 
2019-05-07T14:56:13,734566266+02:00
57.014073667
9.987282
0.2268
nan
0.0
 
2019-05-07T14:56:13,907733607+02:00
57.014073833
9.987281667
0.1152
nan
0.0
 
2019-05-07T14:56:14,315133145+02:00
57.014074167
9.987281167
0.1368
nan
0.0
 
2019-05-07T14:56:14,714023014+02:00
57.014075
9.987280333
0.198
nan
0.0
 
2019-05-07T14:56:14,938771573+02:00
57.014075333
9.987279833
0.2448
nan
0.0
 
2019-05-07T14:56:15,320368496+02:00
57.014076
9.987279167
0.306
nan
0.0
 
2019-05-07T14:56:15,547512780+02:00
57.014076333
9.987278833
0.3528
nan
0.0
 
2019-05-07T14:56:15,928953942+02:00
57.0140765
9.987278667
0.306
nan
0.0
 
2019-05-07T14:56:16,157159089+02:00
57.014076667
9.987278333
0.2484
nan
0.0
 
2019-05-07T14:56:16,529029238+02:00
57.014077333
9.987278
0.216
nan
0.0
 
2019-05-07T14:56:16,733229270+02:00
57.014077833
9.987277667
0.1656
nan
0.0
 
2019-05-07T14:56:17,129586800+02:00
57.014078333
9.987276833
0.2016
nan
0.0
 
2019-05-07T14:56:17,365635316+02:00
57.014078833
9.987276667
0.3456
nan
0.0
 
2019-05-07T14:56:17,734776991+02:00
57.014079667
9.987275667
0.234
nan
0.0
 
2019-05-07T14:56:18,133233299+02:00
57.01408
9.987274833
0.3096
nan
0.0
 
2019-05-07T14:56:18,538445167+02:00
57.01408
9.987274667
0.1872
nan
0.0
 
2019-05-07T14:56:18,941694517+02:00
57.014079833
9.987274
0.1548
nan
0.0
 
2019-05-07T14:56:19,335832937+02:00
57.014079333
9.987274
0.306
nan
0.0
 
2019-05-07T14:56:19,746400556+02:00
57.014078667
9.987274167
0.2844
nan
0.0
 
2019-05-07T14:56:20,152242493+02:00
57.014078167
9.9872735
0.054
nan
0.0
 
2019-05-07T14:56:20,540130368+02:00
57.014077833
9.987272667
0.1692
nan
0.0
 
2019-05-07T14:56:20,944428301+02:00
57.014077667
9.9872725
0.0504
nan
0.0
 
2019-05-07T14:56:21,349083808+02:00
57.014077333
9.987272167
0.036
nan
0.0
 
2019-05-07T14:56:21,749686454+02:00
57.014077
9.987272167
0.108
nan
0.0
 
2019-05-07T14:56:22,155677641+02:00
57.014076833
9.987271667
0.234
nan
0.0
 
2019-05-07T14:56:22,558173252+02:00
57.014076667
9.9872715
0.0432
nan
0.0
 
2019-05-07T14:56:22,941268144+02:00
57.014076
9.987271
0.3528
nan
0.0
 
2019-05-07T14:56:23,189342820+02:00
57.014075833
9.987271167
0.1944
nan
0.0
 
2019-05-07T14:56:23,548597123+02:00
57.014075333
9.987270833
0.126
nan
0.0
 
2019-05-07T14:56:23,941517210+02:00
57.014075167
9.987270333
0.0828
nan
0.0
 
2019-05-07T14:56:24,348834403+02:00
57.014074833
9.987270333
0.0756
nan
0.0
 
2019-05-07T14:56:24,561760663+02:00
57.014074667
9.98727
0.2124
nan
0.0
 
2019-05-07T14:56:24,758970936+02:00
57.014074667
9.987269833
0.0792
nan
0.0
 
2019-05-07T14:56:25,141407672+02:00
57.014074667
9.98727
0.1008
nan
0.0
 
2019-05-07T14:56:25,564467969+02:00
57.014074333
9.98727
0.2736
nan
0.0
 
2019-05-07T14:56:25,953599545+02:00
57.014074
9.987270333
0.216
nan
0.0
 
2019-05-07T14:56:26,386381657+02:00
57.0140735
9.987270667
0.1728
nan
0.0
 
2019-05-07T14:56:26,986310035+02:00
57.014072833
9.987271333
0.234
nan
0.0
 
2019-05-07T14:56:27,370056030+02:00
57.014072667
9.9872715
0.0648
nan
0.0
 
2019-05-07T14:56:27,756250613+02:00
57.014072167
9.987272
0.09
nan
0.0
 
2019-05-07T14:56:27,951940377+02:00
57.014072
9.987272333
0.0756
nan
0.0
 
2019-05-07T14:56:28,366962867+02:00
57.014071667
9.987273
0.2376
nan
0.0
 
2019-05-07T14:56:28,579032938+02:00
57.014071167
9.987272833
0.3888
nan
0.0
 
2019-05-07T14:56:28,764290778+02:00
57.014071
9.987273333
0.1332
nan
0.0
 
2019-05-07T14:56:29,152640438+02:00
57.014070833
9.987273833
0.108
nan
0.0
 
2019-05-07T14:56:29,374093100+02:00
57.014070667
9.987274
0.0864
nan
0.0
 
2019-05-07T14:56:29,757637366+02:00
57.014070333
9.987274
0.0396
nan
0.0
 
2019-05-07T14:56:30,160676965+02:00
57.014070167
9.987274667
0.1836
nan
0.0
 
2019-05-07T14:56:30,557537127+02:00
57.01407
9.987275333
0.1008
nan
0.0
 
2019-05-07T14:56:30,955672627+02:00
57.014069667
9.987275333
0.1872
nan
0.0
 
2019-05-07T14:56:31,171517060+02:00
57.014069667
9.9872755
0.0648
nan
0.0
 
2019-05-07T14:56:31,388133411+02:00
57.014069667
9.9872755
0.036
nan
0.0
 
2019-05-07T14:56:31,963797575+02:00
57.014069
9.987275167
0.0684
nan
0.0
 
2019-05-07T14:56:32,378553442+02:00
57.014068833
9.987274833
0.0756
nan
0.0
 
2019-05-07T14:56:32,757029049+02:00
57.014068333
9.987275333
0.2736
nan
0.0
 
2019-05-07T14:56:33,157630680+02:00
57.014068167
9.987275333
0.1908
nan
0.0
 
2019-05-07T14:56:33,556336952+02:00
57.014068
9.987275167
0.1908
nan
0.0
 
2019-05-07T14:56:33,757833821+02:00
57.014067833
9.9872755
0.1944
nan
0.0
 
2019-05-07T14:56:33,996033142+02:00
57.014067667
9.987275667
0.1152
nan
0.0
 
2019-05-07T14:56:34,556486874+02:00
57.014067333
9.987275667
0.0468
nan
0.0
 
2019-05-07T14:56:34,769673240+02:00
57.0140675
9.987276167
0.198
nan
0.0
 
2019-05-07T14:56:34,999368656+02:00
57.014067333
9.9872765
0.2736
nan
0.0
 
2019-05-07T14:56:35,368471514+02:00
57.014067167
9.9872765
0.1008
nan
0.0
 
2019-05-07T14:56:35,774128062+02:00
57.014066833
9.987277167
0.1764
nan
0.0
 
2019-05-07T14:56:35,975977232+02:00
57.014066833
9.987277667
0.1836
nan
0.0
 
2019-05-07T14:56:36,363251961+02:00
57.014066667
9.987278167
0.1008
nan
0.0
 
2019-05-07T14:56:36,563692260+02:00
57.0140665
9.9872785
0.0432
nan
0.0
 
2019-05-07T14:56:36,813556663+02:00
57.014066333
9.987279
0.2196
nan
0.0
 
2019-05-07T14:56:37,371173371+02:00
57.014066
9.987279833
0.2376
nan
0.0
 
2019-05-07T14:56:37,774847295+02:00
57.014065667
9.9872795
0.2916
nan
0.0
 
2019-05-07T14:56:38,169367267+02:00
57.014065667
9.987280333
0.1692
nan
0.0
 
2019-05-07T14:56:38,568944598+02:00
57.0140655
9.987281
0.2448
nan
0.0
 
2019-05-07T14:56:38,959870105+02:00
57.014065667
9.987281833
0.1836
nan
0.0
 
2019-05-07T14:56:39,384607454+02:00
57.0140655
9.987282667
0.2124
nan
0.0
 
2019-05-07T14:56:39,991571844+02:00
57.014065333
9.987283667
0.0288
nan
0.0
 
2019-05-07T14:56:40,378712197+02:00
57.014065167
9.987284167
0.2088
nan
0.0
 
2019-05-07T14:56:40,798919872+02:00
57.014065
9.987284333
0.1944
nan
0.0
 
2019-05-07T14:56:41,366533223+02:00
57.014065
9.987285167
0.18
nan
0.0
 
2019-05-07T14:56:41,765933422+02:00
57.014064833
9.9872855
0.0576
nan
0.0
 
2019-05-07T14:56:42,164226827+02:00
57.014065
9.9872865
0.2484
nan
0.0
 
2019-05-07T14:56:43,407158534+02:00
57.014065
9.987287
0.3564
nan
0.0
 
2019-05-07T14:56:43,967268393+02:00
57.014065167
9.987288167
0.0684
nan
0.0
 
2019-05-07T14:56:44,378801553+02:00
57.014065333
9.987289333
0.2448
nan
0.0
 
2019-05-07T14:56:44,773381915+02:00
57.014065333
9.987289333
0.4212
nan
0.0
 
2019-05-07T14:56:45,167553370+02:00
57.0140655
9.987289833
0.0864
nan
0.0
 
2019-05-07T14:56:45,566141759+02:00
57.014065833
9.987290667
0.0612
nan
0.0
 
2019-05-07T14:56:45,770425172+02:00
57.014066
9.987291333
0.3204
nan
0.0
 
2019-05-07T14:56:46,179287603+02:00
57.014066
9.987292333
0.2628
nan
0.0
 
2019-05-07T14:56:46,569018092+02:00
57.014066167
9.987292667
0.1332
nan
0.0
 
2019-05-07T14:56:47,170471973+02:00
57.0140665
9.987293333
0.0936
nan
0.0
 
2019-05-07T14:56:47,382348850+02:00
57.0140665
9.987293333
0.0468
nan
0.0
 
2019-05-07T14:56:47,765115808+02:00
57.014066833
9.987293833
0.2376
nan
0.0
 
2019-05-07T14:56:48,169038677+02:00
57.014066833
9.987294
0.0648
nan
0.0
 
2019-05-07T14:56:48,576049044+02:00
57.014066833
9.987294
0.1692
nan
0.0
 
2019-05-07T14:56:48,987611626+02:00
57.014066833
9.987294333
0.126
nan
0.0
 
2019-05-07T14:56:49,372520789+02:00
57.014067167
9.987295833
0.3456
nan
0.0
 
2019-05-07T14:56:49,767793532+02:00
57.014066833
9.9872965
0.3132
nan
0.0
 
2019-05-07T14:56:50,195228895+02:00
57.014067167
9.987297
0.1332
nan
0.0
 
2019-05-07T14:56:50,770896305+02:00
57.0140675
9.987298833
0.216
nan
0.0
 
2019-05-07T14:56:50,987798138+02:00
57.0140675
9.987299833
0.2196
42.2
0.0
 
2019-05-07T14:56:51,569291998+02:00
57.014067333
9.987301
0.0576
nan
0.0
 
2019-05-07T14:56:51,974580682+02:00
57.0140675
9.987302333
0.0468
nan
0.0
 
2019-05-07T14:56:52,206987373+02:00
57.014067333
9.987303
0.1728
nan
0.0
 
2019-05-07T14:56:52,583754904+02:00
57.014067333
9.987304333
0.1584
nan
0.0
 
2019-05-07T14:56:52,976402146+02:00
57.014067
9.987305333
0.0936
nan
0.0
 
2019-05-07T14:56:53,371825272+02:00
57.014066833
9.9873065
0.0972
nan
0.0
 
2019-05-07T14:56:53,593262149+02:00
57.014066833
9.987306833
0.054
nan
0.0
 
2019-05-07T14:56:53,982416871+02:00
57.0140665
9.987307
0.1188
nan
0.0
 
2019-05-07T14:56:54,379889760+02:00
57.014066167
9.987307
0.0936
nan
0.0
 
2019-05-07T14:56:54,768393234+02:00
57.014066
9.987307667
0.0864
nan
0.0
 
2019-05-07T14:56:55,174577926+02:00
57.014065833
9.987308667
0.1152
nan
0.0
 
2019-05-07T14:56:55,393150000+02:00
57.014066
9.987309
0.1296
nan
0.0
 
2019-05-07T14:56:55,783828817+02:00
57.014065833
9.987309667
0.1476
nan
0.0
 
2019-05-07T14:56:56,180037143+02:00
57.014065667
9.987309833
0.0576
nan
0.0
 
2019-05-07T14:56:56,591070756+02:00
57.014065333
9.987309833
0.1548
nan
0.0
 
2019-05-07T14:56:57,006711674+02:00
57.014065333
9.987311
0.144
nan
0.0
 
2019-05-07T14:56:57,399515213+02:00
57.014065167
9.987311333
0.1188
nan
0.0
 
2019-05-07T14:56:57,970574274+02:00
57.014064833
9.987311333
0.054
nan
0.0
 
2019-05-07T14:56:58,368909890+02:00
57.014064667
9.987311333
0.0936
nan
0.0
 
2019-05-07T14:56:58,981589134+02:00
57.014064333
9.987312667
0.2376
nan
0.0
 
2019-05-07T14:56:59,389003485+02:00
57.014064
9.987313333
0.1188
nan
0.0
 
2019-05-07T14:56:59,779871581+02:00
57.014064
9.987315
0.4464
nan
0.0
 
2019-05-07T14:57:00,196220619+02:00
57.014063667
9.987315167
0.0684
nan
0.0
 
2019-05-07T14:57:00,600843862+02:00
57.014063333
9.987316
0.0792
nan
0.0
 
2019-05-07T14:57:00,981238416+02:00
57.014063167
9.987317167
0.4248
nan
0.0
 
2019-05-07T14:57:01,571749251+02:00
57.014063167
9.987318667
0.2628
nan
0.0
 
2019-05-07T14:57:01,801750369+02:00
57.014063333
9.987319667
0.4824
nan
0.0
 
2019-05-07T14:57:02,384936495+02:00
57.014063333
9.987321167
0.3492
nan
0.0
 
2019-05-07T14:57:02,777500644+02:00
57.0140635
9.987321833
0.1872
nan
0.0
 
2019-05-07T14:57:02,989393801+02:00
57.014063333
9.987322167
0.1512
nan
0.0
 
2019-05-07T14:57:03,391650378+02:00
57.014063167
9.987321667
0.1044
nan
0.0
 
2019-05-07T14:57:03,769726283+02:00
57.014063
9.987321833
0.0432
nan
0.0
 
2019-05-07T14:57:04,381533970+02:00
57.014062833
9.987322
0.1188
nan
0.0
 
2019-05-07T14:57:04,786774427+02:00
57.014062667
9.987321833
0.1404
nan
0.0
 
2019-05-07T14:57:05,174727443+02:00
57.0140625
9.987322333
0.2196
nan
0.0
 
2019-05-07T14:57:05,575935457+02:00
57.014062333
9.987323167
0.1548
nan
0.0
 
2019-05-07T14:57:05,810034116+02:00
57.014062167
9.987323333
0.0432
nan
0.0
 
2019-05-07T14:57:06,196784225+02:00
57.014061833
9.987324
0.1332
nan
0.0
 
2019-05-07T14:57:06,583664649+02:00
57.0140615
9.987324333
0.1512
nan
0.0
 
2019-05-07T14:57:06,979081533+02:00
57.014061333
9.987325
0.0756
nan
0.0
 
2019-05-07T14:57:07,379195027+02:00
57.014061
9.987325667
0.1512
nan
0.0
 
2019-05-07T14:57:07,804685739+02:00
57.014060833
9.987326
0.1008
nan
0.0
 
2019-05-07T14:57:08,179309609+02:00
57.014060667
9.987326167
0.1116
nan
0.0
 
2019-05-07T14:57:08,598455760+02:00
57.0140605
9.987326667
0.1404
nan
0.0
 
2019-05-07T14:57:09,001848659+02:00
57.0140605
9.987327
0.1224
nan
0.0
 
2019-05-07T14:57:09,385460578+02:00
57.014060167
9.987327167
0.0432
nan
0.0
 
2019-05-07T14:57:09,778671103+02:00
57.014059833
9.9873275
0.2016
nan
0.0
 
2019-05-07T14:57:10,194158761+02:00
57.014059333
9.987327667
0.0576
nan
0.0
 
2019-05-07T14:57:10,584055400+02:00
57.014059
9.987328167
0.1872
nan
0.0
 
2019-05-07T14:57:10,986510132+02:00
57.0140585
9.987328167
0.0504
nan
0.0
 
2019-05-07T14:57:11,218419624+02:00
57.014058333
9.9873285
0.1584
nan
0.0
 
2019-05-07T14:57:11,582102275+02:00
57.014058
9.987328833
0.0612
nan
0.0
 
2019-05-07T14:57:11,785858425+02:00
57.014057833
9.987328833
0.0828
nan
0.0
 
2019-05-07T14:57:12,184649196+02:00
57.0140575
9.987329
0.0684
nan
0.0
 
2019-05-07T14:57:12,395233612+02:00
57.014057333
9.987329167
0.0108
nan
0.0
 
2019-05-07T14:57:12,788170905+02:00
57.014057167
9.987329333
0.1008
nan
0.0
 
2019-05-07T14:57:13,191731139+02:00
57.014056833
9.98733
0.0576
nan
0.0
 
2019-05-07T14:57:13,598304632+02:00
57.0140565
9.987330167
0.1152
nan
0.0
 
2019-05-07T14:57:13,990307551+02:00
57.014056167
9.987329833
0.1044
nan
0.0
 
2019-05-07T14:57:14,184725849+02:00
57.014056
9.98733
0.162
nan
0.0
 
2019-05-07T14:57:14,581183013+02:00
57.014055667
9.98733
0.1836
nan
0.0
 
2019-05-07T14:57:15,010958545+02:00
57.014055333
9.987330167
0.072
nan
0.0
 
2019-05-07T14:57:15,392013818+02:00
57.014055333
9.987330333
0.1548
nan
0.0
 
2019-05-07T14:57:15,626165513+02:00
57.014055167
9.987330167
0.0144
nan
0.0
 
2019-05-07T14:57:15,993142262+02:00
57.014055
9.987330167
0.0864
nan
0.0
 
2019-05-07T14:57:16,393118234+02:00
57.014054667
9.98733
0.0324
nan
0.0
 
2019-05-07T14:57:16,582759785+02:00
57.0140545
9.987330167
0.1368
nan
0.0
 
2019-05-07T14:57:16,985290892+02:00
57.014054333
9.9873305
0.108
nan
0.0
 
2019-05-07T14:57:17,392236986+02:00
57.014053833
9.9873305
0.0144
nan
0.0
 
2019-05-07T14:57:17,787732877+02:00
57.014053667
9.987330333
0.0864
nan
0.0
 
2019-05-07T14:57:18,202130317+02:00
57.014053167
9.987330333
0.2448
nan
0.0
 
2019-05-07T14:57:18,591416973+02:00
57.014052833
9.987330333
0.0864
nan
0.0
 
2019-05-07T14:57:18,983796034+02:00
57.014052333
9.987330333
0.126
nan
0.0
 
2019-05-07T14:57:19,223209373+02:00
57.014052
9.98733
0.198
nan
0.0
 
2019-05-07T14:57:19,595658122+02:00
57.0140515
9.987329833
0.1944
nan
0.0
 
2019-05-07T14:57:19,785775055+02:00
57.0140515
9.9873295
0.0396
nan
0.0
 
2019-05-07T14:57:20,187211055+02:00
57.014051167
9.987329667
0.0648
nan
0.0
 
2019-05-07T14:57:20,591791244+02:00
57.014050667
9.9873295
0.144
nan
0.0
 
2019-05-07T14:57:20,987364520+02:00
57.014050333
9.987329167
0.1656
nan
0.0
 
2019-05-07T14:57:21,200624773+02:00
57.014050333
9.987329
0.2088
nan
0.0
 
2019-05-07T14:57:21,418913685+02:00
57.01405
9.987328833
0.1404
nan
0.0
 
2019-05-07T14:57:21,783744468+02:00
57.014049667
9.9873285
0.0684
nan
0.0
 
2019-05-07T14:57:22,184845551+02:00
57.014049333
9.987328
0.0252
nan
0.0
 
2019-05-07T14:57:22,416463941+02:00
57.014049167
9.987328
0.1692
nan
0.0
 
2019-05-07T14:57:22,792564682+02:00
57.014049
9.987327667
0.0612
nan
0.0
 
2019-05-07T14:57:23,179624189+02:00
57.014048667
9.987327167
0.0324
nan
0.0
 
2019-05-07T14:57:23,617206191+02:00
57.014048333
9.987326833
0.0792
nan
0.0
 
2019-05-07T14:57:23,996906325+02:00
57.014048167
9.987326333
0.1044
nan
0.0
 
2019-05-07T14:57:24,383968366+02:00
57.014048
9.987325667
0.0792
nan
0.0
 
2019-05-07T14:57:24,651113437+02:00
57.014047833
9.987325333
0.1008
nan
0.0
 
2019-05-07T14:57:24,988069097+02:00
57.0140475
9.9873245
0.1764
nan
0.0
 
2019-05-07T14:57:25,388335756+02:00
57.014047333
9.987323833
0.0504
nan
0.0
 
2019-05-07T14:57:25,614879415+02:00
57.014047
9.987323333
0.1548
nan
0.0
 
2019-05-07T14:57:26,008431115+02:00
57.014046833
9.9873225
0.0756
nan
0.0
 
2019-05-07T14:57:26,409243434+02:00
57.014046667
9.987322
0.1548
nan
0.0
 
2019-05-07T14:57:26,800563977+02:00
57.0140465
9.987321333
0.0756
nan
0.0
 
2019-05-07T14:57:27,195906063+02:00
57.014046333
9.987320333
0.1116
nan
0.0
 
2019-05-07T14:57:27,423006666+02:00
57.014046333
9.98732
0.108
nan
0.0
 
2019-05-07T14:57:27,789392964+02:00
57.0140465
9.9873195
0.2052
nan
0.0
 
2019-05-07T14:57:28,196878174+02:00
57.0140465
9.9873185
0.1044
nan
0.0
 
2019-05-07T14:57:28,593739302+02:00
57.0140465
9.9873175
0.1368
nan
0.0
 
2019-05-07T14:57:28,994113141+02:00
57.0140465
9.987317
0.054
nan
0.0
 
2019-05-07T14:57:29,399529881+02:00
57.014046333
9.987316
0.18
nan
0.0
 
2019-05-07T14:57:29,796293257+02:00
57.014046333
9.987315167
0.0864
nan
0.0
 
2019-05-07T14:57:30,208285445+02:00
57.014046333
9.987314167
0.1224
nan
0.0
 
2019-05-07T14:57:30,603221492+02:00
57.014046167
9.987313667
0.2592
nan
0.0
 
2019-05-07T14:57:31,013704171+02:00
57.014046167
9.9873135
0.1584
nan
0.0
 
2019-05-07T14:57:31,393543791+02:00
57.014046167
9.987312167
0.1008
nan
0.0
 
2019-05-07T14:57:31,797907307+02:00
57.014046
9.987311333
0.1332
nan
0.0
 
2019-05-07T14:57:32,001515689+02:00
57.014045833
9.987311
0.2304
nan
0.0
 
2019-05-07T14:57:32,599529108+02:00
57.014046
9.987310667
0.198
nan
0.0
 
2019-05-07T14:57:32,994102367+02:00
57.014046167
9.98731
0.18
nan
0.0
 
2019-05-07T14:57:33,391225293+02:00
57.0140465
9.987309333
0.126
nan
0.0
 
2019-05-07T14:57:33,791852172+02:00
57.0140465
9.987309167
0.1332
nan
0.0
 
2019-05-07T14:57:34,422586512+02:00
57.0140465
9.987308167
0.1692
nan
0.0
 
2019-05-07T14:57:34,822007020+02:00
57.014046333
9.987307167
0.6048
nan
0.0
 
2019-05-07T14:57:35,215428385+02:00
57.014046333
9.987306167
0.5256
nan
0.0
 
2019-05-07T14:57:35,594820832+02:00
57.014046333
9.987305667
0.2088
nan
0.0
 
2019-05-07T14:57:36,002354908+02:00
57.014046667
9.987306833
0.6444
nan
0.0
 
2019-05-07T14:57:36,389856590+02:00
57.014046667
9.987307167
0.3708
nan
0.0
 
2019-05-07T14:57:36,816049508+02:00
57.014047167
9.987307667
0.5796
nan
0.0
 
2019-05-07T14:57:37,207312448+02:00
57.014047167
9.987307167
0.216
nan
0.0
 
2019-05-07T14:57:37,611832925+02:00
57.0140475
9.987306333
0.0936
nan
0.0
 
2019-05-07T14:57:38,010992301+02:00
57.014047667
9.987305167
0.2304
nan
0.0
 
2019-05-07T14:57:38,394651712+02:00
57.014048
9.987305333
0.2844
nan
0.0
 
2019-05-07T14:57:38,629089647+02:00
57.014047833
9.987304833
0.4428
nan
0.0
 
2019-05-07T14:57:38,997283206+02:00
57.014048333
9.987303833
0.216
nan
0.0
 
2019-05-07T14:57:39,397447863+02:00
57.014048667
9.987302667
0.2628
nan
0.0
 
2019-05-07T14:57:39,792910183+02:00
57.014049
9.9873015
0.0324
nan
0.0
 
2019-05-07T14:57:40,197543104+02:00
57.014049167
9.987300167
0.3276
nan
0.0
 
2019-05-07T14:57:40,612120078+02:00
57.014049167
9.987300667
0.3564
nan
0.0
 
2019-05-07T14:57:41,004655498+02:00
57.014048833
9.987299667
0.3096
nan
0.0
 
2019-05-07T14:57:41,395215023+02:00
57.014048833
9.987298667
0.0756
nan
0.0
 
2019-05-07T14:57:41,801497266+02:00
57.014048833
9.987298333
0.0936
nan
0.0
 
2019-05-07T14:57:42,203889371+02:00
57.014048833
9.9872975
0.0936
nan
0.0
 
2019-05-07T14:57:42,605782022+02:00
57.014048833
9.987296167
0.0576
nan
0.0
 
2019-05-07T14:57:42,997069170+02:00
57.014049
9.987295667
0.2304
nan
0.0
 
2019-05-07T14:57:43,401247175+02:00
57.014049167
9.987294333
0.198
nan
0.0
 
2019-05-07T14:57:43,798309700+02:00
57.014049167
9.987293167
0.1728
nan
0.0
 
2019-05-07T14:57:45,034197342+02:00
57.0140495
9.987290167
0.1224
nan
0.0
 
2019-05-07T14:57:45,609087815+02:00
57.0140495
9.987288833
0.1008
nan
0.0
 
2019-05-07T14:57:46,025605433+02:00
57.0140495
9.987287667
0.1044
nan
0.0
 
2019-05-07T14:57:46,401492461+02:00
57.0140495
9.987286667
0.18
nan
0.0
 
2019-05-07T14:57:46,602546895+02:00
57.0140495
9.987286167
0.018
nan
0.0
 
2019-05-07T14:57:47,003162827+02:00
57.0140495
9.987285333
0.1872
nan
0.0
 
2019-05-07T14:57:47,221601747+02:00
57.014049667
9.987285167
0.1152
nan
0.0
 
2019-05-07T14:57:47,607575495+02:00
57.014049667
9.987284667
0.1116
nan
0.0
 
2019-05-07T14:57:48,003527464+02:00
57.014049667
9.987283667
0.108
nan
0.0
 
2019-05-07T14:57:48,434351536+02:00
57.014049833
9.987283
0.1872
nan
0.0
 
2019-05-07T14:57:48,820298702+02:00
57.014049667
9.9872825
0.0324
nan
0.0
 
2019-05-07T14:57:49,209710406+02:00
57.014049833
9.987282
0.0648
nan
0.0
 
2019-05-07T14:57:49,810231088+02:00
57.014049833
9.987280833
0.0576
nan
0.0
 
2019-05-07T14:57:50,396449343+02:00
57.014049833
9.9872785
0.7092
nan
0.0
 
2019-05-07T14:57:50,995765412+02:00
57.014050167
9.987277667
0.216
nan
0.0
 
2019-05-07T14:57:51,399708150+02:00
57.014050167
9.987275833
0.2484
nan
0.0
 
2019-05-07T14:57:51,808308951+02:00
57.01405
9.987274167
0.1548
nan
0.0
 
2019-05-07T14:57:52,200257363+02:00
57.014049833
9.9872725
0.468
nan
0.0
 
2019-05-07T14:57:52,606003043+02:00
57.014050167
9.987272167
0.198
nan
0.0
 
2019-05-07T14:57:52,994089286+02:00
57.01405
9.987271
0.1764
nan
0.0
 
2019-05-07T14:57:53,389259191+02:00
57.014050167
9.987271167
0.1728
nan
0.0
 
2019-05-07T14:57:53,788492358+02:00
57.014050333
9.98727
0.1296
nan
0.0
 
2019-05-07T14:57:54,205666422+02:00
57.014050833
9.987269167
0.2232
nan
0.0
 
2019-05-07T14:57:54,596342551+02:00
57.014051
9.987266833
0.4608
nan
0.0
 
2019-05-07T14:57:55,196953765+02:00
57.0140515
9.987265333
0.072
nan
0.0
 
2019-05-07T14:57:55,584411469+02:00
57.0140515
9.9872645
0.1836
nan
0.0
 
2019-05-07T14:57:55,983682245+02:00
57.014051667
9.987263833
0.108
nan
0.0
 
2019-05-07T14:57:56,386070973+02:00
57.014052167
9.987263
0.2448
nan
0.0
 
2019-05-07T14:57:56,783874674+02:00
57.014052167
9.987261667
0.2844
nan
0.0
 
2019-05-07T14:57:57,175064450+02:00
57.0140525
9.9872595
0.0216
nan
0.0
 
2019-05-07T14:57:57,395592773+02:00
57.014052667
9.9872585
0.1332
nan
0.0
 
2019-05-07T14:57:57,789998762+02:00
57.014052667
9.987256167
0.1224
nan
0.0
 
2019-05-07T14:57:58,375935323+02:00
57.014053167
9.987253
1.0404
34.5
nan
 
2019-05-07T14:57:58,782551314+02:00
57.0140535
9.987251667
0.0828
nan
0.0
 
2019-05-07T14:57:59,171091195+02:00
57.014054167
9.987250667
0.2268
nan
0.0
 
2019-05-07T14:57:59,572069672+02:00
57.0140545
9.987249167
0.1224
nan
0.0
 
2019-05-07T14:57:59,788362017+02:00
57.014054667
9.987248167
0.2088
nan
0.0
 
2019-05-07T14:58:00,174274920+02:00
57.014055
9.987246833
0.162
nan
0.0
 
2019-05-07T14:58:00,570751688+02:00
57.014055333
9.987246833
0.0936
nan
0.0
 
2019-05-07T14:58:00,772050720+02:00
57.014055333
9.987246667
0.126
nan
0.0
 
2019-05-07T14:58:01,173592472+02:00
57.014055667
9.987246167
0.0684
nan
0.0
 
2019-05-07T14:58:01,789925952+02:00
57.0140555
9.987245833
0.6336
nan
0.0
 
2019-05-07T14:58:02,202296300+02:00
57.014055667
9.987245833
0.18
nan
0.0
 
2019-05-07T14:58:02,576675021+02:00
57.014056167
9.987246
0.0288
nan
0.0
 
2019-05-07T14:58:02,967932843+02:00
57.014056667
9.987245333
0.0432
nan
0.0
 
2019-05-07T14:58:03,207522811+02:00
57.014056833
9.987244833
0.0216
nan
0.0
 
2019-05-07T14:58:03,568877682+02:00
57.014057333
9.987244333
0.036
nan
0.0
 
2019-05-07T14:58:03,972917902+02:00
57.014057833
9.987244
0.1296
nan
0.0
 
2019-05-07T14:58:04,364178324+02:00
57.014058167
9.9872435
0.0324
nan
0.0
 
2019-05-07T14:58:04,585002947+02:00
57.014058333
9.987243167
0.1044
nan
0.0
 
2019-05-07T14:58:04,964858517+02:00
57.0140585
9.987242167
0.2124
nan
0.0
 
2019-05-07T14:58:05,362933668+02:00
57.014059167
9.987241833
0.1944
nan
0.0
 
2019-05-07T14:58:05,965485529+02:00
57.014059667
9.9872415
0.108
nan
0.0
 
2019-05-07T14:58:06,167487215+02:00
57.014060167
9.987242
0.2376
nan
0.0
 
2019-05-07T14:58:06,572303048+02:00
57.014060667
9.987242333
0.09
nan
0.0
 
2019-05-07T14:58:07,164954339+02:00
57.0140615
9.9872425
0.018
nan
0.0
 
2019-05-07T14:58:07,382849512+02:00
57.014061833
9.987242833
0.2304
nan
0.0
 
2019-05-07T14:58:07,985063441+02:00
57.014062667
9.987242667
0.3816
nan
0.0
 
2019-05-07T14:58:08,371517930+02:00
57.014062667
9.9872425
0.2232
nan
0.0
 
2019-05-07T14:58:08,766122078+02:00
57.014063
9.987242667
0.0288
nan
0.0
 
2019-05-07T14:58:09,157822063+02:00
57.014063333
9.987242667
0.0792
nan
0.0
 
2019-05-07T14:58:09,573748517+02:00
57.014063667
9.987242667
0.108
nan
0.0
 
2019-05-07T14:58:09,952522049+02:00
57.014064167
9.987242833
0.1548
nan
0.0
 
2019-05-07T14:58:10,356386573+02:00
57.014064333
9.987242833
0.0936
nan
0.0
 
2019-05-07T14:58:10,757840088+02:00
57.014064667
9.987242833
0.162
nan
0.0
 
2019-05-07T14:58:10,993623711+02:00
57.014064833
9.987242833
0.0648
nan
0.0
 
2019-05-07T14:58:11,357931037+02:00
57.014065
9.9872425
0.2196
nan
0.0
 
2019-05-07T14:58:11,760073181+02:00
57.014065333
9.987242167
0.0396
nan
0.0
 
2019-05-07T14:58:12,161595800+02:00
57.0140655
9.987241833
0.0612
nan
0.0
 
2019-05-07T14:58:12,567399619+02:00
57.014065333
9.987241333
0.2844
nan
0.0
 
2019-05-07T14:58:12,959084228+02:00
57.014065333
9.987241
0.2016
nan
0.0
 
2019-05-07T14:58:13,354848398+02:00
57.0140655
9.987240833
0.18
nan
0.0
 
2019-05-07T14:58:13,753500089+02:00
57.014065833
9.987240833
0.0612
nan
0.0
 
2019-05-07T14:58:14,165861498+02:00
57.014066
9.987241333
0.1728
nan
0.0
 
2019-05-07T14:58:14,568893463+02:00
57.014066167
9.987241333
0.0396
nan
0.0
 
2019-05-07T14:58:14,980309930+02:00
57.014066
9.987241333
0.2088
nan
0.0
 
2019-05-07T14:58:15,369723479+02:00
57.014066167
9.987241667
0.0072
nan
0.0
 
2019-05-07T14:58:15,768233345+02:00
57.014066167
9.987242167
0.0612
nan
0.0
 
2019-05-07T14:58:16,168627657+02:00
57.014065833
9.987242333
0.1944
nan
0.0
 
2019-05-07T14:58:16,584975041+02:00
57.014065333
9.987242667
0.234
nan
0.0
 
2019-05-07T14:58:16,972695561+02:00
57.014065
9.987243167
0.1044
nan
0.0
 
2019-05-07T14:58:17,362117393+02:00
57.014065
9.987243333
0.09
nan
0.0
 
2019-05-07T14:58:17,956098550+02:00
57.014065
9.987244167
0.1944
nan
0.0
 
2019-05-07T14:58:18,555394240+02:00
57.014065167
9.987245
0.2736
nan
0.0
 
2019-05-07T14:58:18,969718020+02:00
57.014065333
9.9872455
0.0864
nan
0.0
 
2019-05-07T14:58:19,352302863+02:00
57.014065
9.987246167
0.0396
nan
0.0
 
2019-05-07T14:58:19,587252106+02:00
57.014065167
9.9872465
0.1044
nan
0.0
 
2019-05-07T14:58:19,958253445+02:00
57.014065
9.987247167
0.1224
nan
0.0
 
2019-05-07T14:58:20,355525060+02:00
57.014064833
9.987247833
0.0216
nan
0.0
 
2019-05-07T14:58:20,581094561+02:00
57.014064667
9.987247833
0.3888
nan
0.0
 
2019-05-07T14:58:20,970863756+02:00
57.014064333
9.9872485
0.252
nan
0.0
 
2019-05-07T14:58:21,364600002+02:00
57.0140645
9.987249
0.1332
nan
0.0
 
2019-05-07T14:58:21,759228583+02:00
57.014064167
9.9872495
0.2484
nan
0.0
 
2019-05-07T14:58:21,951865652+02:00
57.014064667
9.987249833
0.1332
nan
0.0
 
2019-05-07T14:58:22,348533100+02:00
57.014064833
9.987250333
0.09
nan
0.0
 
2019-05-07T14:58:22,783998385+02:00
57.0140645
9.987250333
0.2088
nan
0.0
 
2019-05-07T14:58:23,163815705+02:00
57.014064333
9.987250667
0.2124
nan
0.0
 
2019-05-07T14:58:23,552656720+02:00
57.014064333
9.987250833
0.1008
nan
0.0
 
2019-05-07T14:58:23,968298067+02:00
57.014064667
9.987250833
0.3348
nan
0.0
 
2019-05-07T14:58:24,359825707+02:00
57.014064
9.987250833
0.1692
nan
0.0
 
2019-05-07T14:58:24,772383194+02:00
57.014063833
9.987250833
0.1332
nan
0.0
 
2019-05-07T14:58:25,361589362+02:00
57.014064667
9.987251
0.1692
nan
0.0
 
2019-05-07T14:58:25,764806751+02:00
57.0140645
9.987251
0.108
nan
0.0
 
2019-05-07T14:58:26,352366215+02:00
57.014064667
9.987250667
0.1008
nan
0.0
 
2019-05-07T14:58:26,765464443+02:00
57.014064333
9.987250333
0.1836
nan
0.0
 
2019-05-07T14:58:27,157529129+02:00
57.014064167
9.987249333
0.234
nan
0.0
 
2019-05-07T14:58:27,377117139+02:00
57.014064333
9.987248667
0.3276
nan
0.0
 
2019-05-07T14:58:27,754496095+02:00
57.014064333
9.987247667
0.0864
nan
0.0
 
2019-05-07T14:58:28,156601166+02:00
57.014064333
9.987246667
0.3168
nan
0.0
 
2019-05-07T14:58:28,554465688+02:00
57.014064167
9.987246
0.0828
nan
0.0
 
2019-05-07T14:58:28,769385142+02:00
57.014064167
9.987246
0.1224
nan
0.0
 
2019-05-07T14:58:29,348550686+02:00
57.0140645
9.987244667
0.1188
nan
0.0
 
2019-05-07T14:58:29,755017369+02:00
57.014064333
9.987244
0.0972
nan
0.0
 
2019-05-07T14:58:30,151051463+02:00
57.014064833
9.987243167
0.288
nan
0.0
 
2019-05-07T14:58:30,556657665+02:00
57.014064667
9.987243167
0.1404
nan
0.0
 
2019-05-07T14:58:30,964159877+02:00
57.014064667
9.987242833
0.1116
nan
0.0
 
2019-05-07T14:58:31,347723568+02:00
57.014064333
9.987243
0.0972
nan
0.0
 
2019-05-07T14:58:31,756870311+02:00
57.014064833
9.987241833
0.1656
nan
0.0
 
2019-05-07T14:58:32,152276811+02:00
57.0140645
9.987241333
0.1404
nan
0.0
 
2019-05-07T14:58:32,396019746+02:00
57.014064667
9.987240833
0.2808
nan
0.0
 
2019-05-07T14:58:32,789801717+02:00
57.014064667
9.987240333
0.1656
nan
0.0
 
2019-05-07T14:58:33,174828552+02:00
57.014064333
9.987239667
0.0792
nan
0.0
 
2019-05-07T14:58:33,565885422+02:00
57.014064167
9.987238167
0.1332
nan
0.0
 
2019-05-07T14:58:33,956346887+02:00
57.014064333
9.987237333
0.09
nan
0.0
 
2019-05-07T14:58:34,183276565+02:00
57.0140645
9.987237
0.0576
nan
0.0
 
2019-05-07T14:58:34,773224698+02:00
57.0140655
9.987236
0.1368
nan
0.0
 
2019-05-07T14:58:35,175315188+02:00
57.014066
9.987235333
0.1872
nan
0.0
 
2019-05-07T14:58:35,572392104+02:00
57.0140665
9.987234833
0.2844
nan
0.0
 
2019-05-07T14:58:35,967498144+02:00
57.014067
9.987234
0.2052
nan
0.0
 
2019-05-07T14:58:36,159280938+02:00
57.014067167
9.987234167
0.1404
nan
0.0
 
2019-05-07T14:58:36,558774261+02:00
57.014067333
9.987233333
0.1944
nan
0.0
 
2019-05-07T14:58:36,793456546+02:00
57.014067333
9.987232833
0.2484
nan
0.0
 
2019-05-07T14:58:37,159260322+02:00
57.0140675
9.987232333
0.036
nan
0.0
 
2019-05-07T14:58:37,552089164+02:00
57.014067833
9.987231667
0.1728
nan
0.0
 
2019-05-07T14:58:37,763406684+02:00
57.014068
9.987231667
0.1044
nan
0.0
 
2019-05-07T14:58:38,156471296+02:00
57.014068
9.987230667
0.3024
nan
0.0
 
2019-05-07T14:58:38,556190989+02:00
57.014068667
9.98723
0.0792
nan
0.0
 
2019-05-07T14:58:38,962925256+02:00
57.014068833
9.987229167
0.108
nan
0.0
 
2019-05-07T14:58:39,350564366+02:00
57.014069333
9.987228833
0.0252
nan
0.0
 
2019-05-07T14:58:39,552278982+02:00
57.014069667
9.987228833
0.09
nan
0.0
 
2019-05-07T14:58:40,185039952+02:00
57.01407
9.987228833
0.2196
nan
0.0
 
2019-05-07T14:58:40,548864651+02:00
57.014070333
9.9872295
0.0792
nan
0.0
 
2019-05-07T14:58:40,955030641+02:00
57.0140705
9.987230167
0.1332
nan
0.0
 
2019-05-07T14:58:41,348447252+02:00
57.014070667
9.987230167
0.0936
nan
0.0
 
2019-05-07T14:58:41,561682725+02:00
57.014070833
9.987230333
0.072
nan
0.0
 
2019-05-07T14:58:41,981147291+02:00
57.014071333
9.98723
0.1188
nan
0.0
 
2019-05-07T14:58:42,545235863+02:00
57.014072167
9.987230333
0.2484
nan
0.0
 
2019-05-07T14:58:42,952658496+02:00
57.014071833
9.9872305
0.018
nan
0.0
 
2019-05-07T14:58:43,372799406+02:00
57.014071667
9.987231167
0.0612
nan
0.0
 
2019-05-07T14:58:43,959620715+02:00
57.014072
9.987231167
0.2304
nan
0.0
 
2019-05-07T14:58:44,409137719+02:00
57.014072333
9.987230833
0.2628
nan
0.0
 
2019-05-07T14:58:44,775295558+02:00
57.014071667
9.987231167
0.234
nan
0.0
 
2019-05-07T14:58:45,641520422+02:00
57.014071667
9.987230833
0.054
nan
0.0
 
2019-05-07T14:58:46,222824950+02:00
57.014072333
9.987229667
0.0792
nan
0.0
 
2019-05-07T14:58:47,954912908+02:00
57.0140725
9.987226833
0.1116
nan
0.0
 
2019-05-07T14:58:48,350351042+02:00
57.014073333
9.987226333
0.5328
nan
0.0
 
2019-05-07T14:58:48,749884264+02:00
57.0140735
9.987225833
0.2628
nan
0.0
 
2019-05-07T14:58:49,152449132+02:00
57.014073833
9.987225
0.2088
nan
0.0
 
2019-05-07T14:58:49,350186412+02:00
57.014074
9.987224667
0.2628
nan
0.0
 
2019-05-07T14:58:49,561740316+02:00
57.014074167
9.9872245
0.3672
nan
0.0
 
2019-05-07T14:58:49,986521928+02:00
57.014074333
9.987223833
0.2304
nan
0.0
 
2019-05-07T14:58:50,353862316+02:00
57.014074667
9.987223
0.1944
nan
0.0
 
2019-05-07T14:58:50,584308313+02:00
57.014074667
9.987222833
0.1044
nan
0.0
 
2019-05-07T14:58:50,979744637+02:00
57.014075167
9.987222333
0.3132
nan
0.0
 
2019-05-07T14:58:51,366894329+02:00
57.014075833
9.9872215
0.2088
nan
0.0
 
2019-05-07T14:58:51,747452539+02:00
57.0140765
9.987220167
0.2232
nan
0.0
 
2019-05-07T14:58:51,965447448+02:00
57.014076833
9.987219833
0.2628
nan
0.0
 
2019-05-07T14:58:52,352548233+02:00
57.014077167
9.987219
0.234
nan
0.0
 
2019-05-07T14:58:52,780532076+02:00
57.014077333
9.9872185
0.1116
nan
0.0
 
2019-05-07T14:58:53,153021755+02:00
57.0140765
9.987218167
0.1296
nan
0.0
 
2019-05-07T14:58:53,350285961+02:00
57.0140765
9.987218333
0.1368
nan
0.0
 
2019-05-07T14:58:53,588976208+02:00
57.014075833
9.987218333
0.1548
nan
0.0
 
2019-05-07T14:58:54,151998583+02:00
57.014075167
9.987217833
0.0972
nan
0.0
 
2019-05-07T14:58:54,560922717+02:00
57.014075167
9.987217333
0.0612
nan
0.0
 
2019-05-07T14:58:54,965618439+02:00
57.014075833
9.987216667
0.1008
nan
0.0
 
2019-05-07T14:58:55,166427942+02:00
57.014076
9.9872165
0.0828
nan
0.0
 
2019-05-07T14:58:55,553320692+02:00
57.014076333
9.987216333
0.1152
nan
0.0
 
2019-05-07T14:58:55,767111067+02:00
57.014076333
9.987215833
0.108
nan
0.0
 
2019-05-07T14:58:55,958319796+02:00
57.014077
9.9872155
0.2808
nan
0.0
 
2019-05-07T14:58:56,165364409+02:00
57.014077167
9.987215333
0.1008
nan
0.0
 
2019-05-07T14:58:56,569150198+02:00
57.014077
9.987215167
0.1656
nan
0.0
 
2019-05-07T14:58:56,959425444+02:00
57.014077167
9.987214833
0.0792
nan
0.0
 
2019-05-07T14:58:57,168148839+02:00
57.014077667
9.987215
0.2592
nan
0.0
 
2019-05-07T14:58:57,401807881+02:00
57.014077333
9.987214833
0.2808
nan
0.0
 
2019-05-07T14:58:57,769032662+02:00
57.014077667
9.9872145
0.324
nan
0.0
 
2019-05-07T14:58:58,119919171+02:00

 
