
2019-05-07T16:32:51,705815899+02:00
57.013978167
9.987096
0.1728
nan
0.0
 
2019-05-07T16:32:51,913391409+02:00
57.013978167
9.987096
0.1476
nan
0.0
 
2019-05-07T16:32:52,112306793+02:00
57.013978167
9.9870955
0.0504
nan
0.0
 
2019-05-07T16:32:52,305018707+02:00
57.013978167
9.987095167
0.0252
nan
0.0
 
2019-05-07T16:32:52,713106516+02:00
57.013978333
9.987095167
0.1332
nan
0.0
 
2019-05-07T16:32:52,910381645+02:00
57.0139785
9.987095167
0.1512
nan
0.0
 
2019-05-07T16:32:53,323511148+02:00
57.0139785
9.987094833
0.09
nan
0.0
 
2019-05-07T16:32:53,085991938+02:00
57.013978667
9.987095
0.1692
nan
0.0
 
2019-05-07T16:32:53,494907437+02:00
57.013978833
9.987094833
0.054
nan
0.0
 
2019-05-07T16:32:53,687490847+02:00
57.013978833
9.987095167
0.0828
nan
0.0
 
2019-05-07T16:32:53,888097950+02:00
57.013978833
9.987095
0.0756
nan
0.0
 
2019-05-07T16:32:54,087974828+02:00
57.013979
9.987095
0.054
nan
0.0
 
2019-05-07T16:32:54,296849431+02:00
57.013979
9.987095167
0.1656
nan
0.0
 
2019-05-07T16:32:54,491346492+02:00
57.013979167
9.987095
0.126
nan
0.0
 
2019-05-07T16:32:54,685557982+02:00
57.013979167
9.987095
0.1008
nan
0.0
 
2019-05-07T16:32:54,897382683+02:00
57.013978833
9.987094667
0.1044
nan
0.0
 
2019-05-07T16:32:55,086577168+02:00
57.013979
9.987094667
0.0576
nan
0.0
 
2019-05-07T16:32:55,291176328+02:00
57.013979
9.987094167
0.0468
nan
0.0
 
2019-05-07T16:32:55,488190899+02:00
57.013979167
9.9870945
0.0864
nan
0.0
 
2019-05-07T16:32:55,891004219+02:00
57.013979333
9.987094667
0.0504
nan
0.0
 
2019-05-07T16:32:56,107149953+02:00
57.013979333
9.987094667
0.0864
nan
0.0
 
2019-05-07T16:32:56,497044055+02:00
57.0139795
9.987095333
0.0288
nan
0.0
 
2019-05-07T16:32:56,901712113+02:00
57.013979833
9.987095833
0.0396
nan
0.0
 
2019-05-07T16:32:57,293621183+02:00
57.01398
9.987096167
0.1584
nan
0.0
 
2019-05-07T16:32:57,719913361+02:00
57.013979833
9.987096
0.1044
nan
0.0
 
2019-05-07T16:32:58,285158749+02:00
57.013980167
9.9870955
0.162
nan
0.0
 
2019-05-07T16:32:58,894317827+02:00
57.013980167
9.987095833
0.1116
nan
0.0
 
2019-05-07T16:32:59,325881856+02:00
57.013980167
9.987096
0.054
nan
0.0
 
2019-05-07T16:32:59,700133512+02:00
57.01398
9.987095667
0.1296
nan
0.0
 
2019-05-07T16:33:00,097307657+02:00
57.013979833
9.9870955
0.1404
nan
0.0
 
2019-05-07T16:33:00,325411227+02:00
57.01398
9.987095167
0.0288
nan
0.0
 
2019-05-07T16:33:00,689875619+02:00
57.013980167
9.987095
0.0324
nan
0.0
 
2019-05-07T16:33:01,091808848+02:00
57.0139805
9.987095167
0.1944
nan
0.0
 
2019-05-07T16:33:01,504743231+02:00
57.0139805
9.9870945
0.1044
nan
0.0
 
2019-05-07T16:33:01,899305602+02:00
57.01398
9.987094333
0.0576
nan
0.0
 
2019-05-07T16:33:02,091024433+02:00
57.01398
9.987094167
0.0396
nan
0.0
 
2019-05-07T16:33:02,497649469+02:00
57.013979333
9.987093167
0.2844
nan
0.0
 
2019-05-07T16:33:02,705933077+02:00
57.0139795
9.987093
0.126
nan
0.0
 
2019-05-07T16:33:03,095648624+02:00
57.013979333
9.9870935
0.0936
nan
0.0
 
2019-05-07T16:33:03,499887130+02:00
57.013979333
9.987093833
0.0252
nan
0.0
 
2019-05-07T16:33:03,713963169+02:00
57.013979667
9.987094167
0.1512
nan
0.0
 
2019-05-07T16:33:04,093329270+02:00
57.013980167
9.987095667
0.3168
nan
0.0
 
2019-05-07T16:33:04,294948444+02:00
57.0139805
9.987096
0.342
nan
0.0
 
2019-05-07T16:33:04,696507686+02:00
57.013980333
9.987096333
0.1836
nan
0.0
 
2019-05-07T16:33:05,107162243+02:00
57.013981167
9.987097667
0.378
nan
0.0
 
2019-05-07T16:33:05,488516261+02:00
57.013981333
9.9870985
0.36
nan
0.0
 
2019-05-07T16:33:05,727913357+02:00
57.013981167
9.987098833
0.3024
nan
0.0
 
2019-05-07T16:33:06,094731840+02:00
57.0139805
9.987097667
0.0576
nan
0.0
 
2019-05-07T16:33:06,487668631+02:00
57.013981167
9.9870985
0.1296
nan
0.0
 
2019-05-07T16:33:06,730856591+02:00
57.013980667
9.987097667
0.1296
nan
0.0
 
2019-05-07T16:33:07,091419178+02:00
57.013981167
9.987098667
0.0072
nan
0.0
 
2019-05-07T16:33:07,500001366+02:00
57.0139815
9.987099167
0.0756
nan
0.0
 
2019-05-07T16:33:08,104388572+02:00
57.013982
9.9871005
0.1836
nan
0.0
 
2019-05-07T16:33:08,505751195+02:00
57.013982
9.987100333
0.0324
nan
0.0
 
2019-05-07T16:33:08,904015726+02:00
57.013982167
9.987100667
0.1404
nan
0.0
 
2019-05-07T16:33:09,307032866+02:00
57.0139825
9.987100833
0.0936
nan
0.0
 
2019-05-07T16:33:09,523888448+02:00
57.013982167
9.987100667
0.234
nan
0.0
 
2019-05-07T16:33:09,896991603+02:00
57.0139825
9.987101
0.1332
nan
0.0
 
2019-05-07T16:33:10,292346851+02:00
57.013982667
9.987101
0.0936
nan
0.0
 
2019-05-07T16:33:10,691282880+02:00
57.013983167
9.987100667
0.2844
nan
0.0
 
2019-05-07T16:33:11,098830708+02:00
57.0139825
9.9870995
0.0684
nan
0.0
 
2019-05-07T16:33:11,693381661+02:00
57.013982667
9.987099
0.126
nan
0.0
 
2019-05-07T16:33:11,891332962+02:00
57.0139825
9.987098833
0.0504
nan
0.0
 
2019-05-07T16:33:12,290365732+02:00
57.013982
9.987098333
0.0612
nan
0.0
 
2019-05-07T16:33:12,494594118+02:00
57.013981667
9.987098333
0.0828
nan
0.0
 
2019-05-07T16:33:12,903881630+02:00
57.013981833
9.987098
0.18
nan
0.0
 
2019-05-07T16:33:13,486983201+02:00
57.013981167
9.987097
0.0684
nan
0.0
 
2019-05-07T16:33:13,892237240+02:00
57.0139815
9.987096667
0.1656
nan
0.0
 
2019-05-07T16:33:14,298181728+02:00
57.0139815
9.987096167
0.198
nan
0.0
 
2019-05-07T16:33:14,688885645+02:00
57.013982
9.987095
0.4284
nan
0.0
 
2019-05-07T16:33:15,289324507+02:00
57.013983167
9.987094
0.5292
nan
0.0
 
2019-05-07T16:33:15,500951639+02:00
57.013982833
9.987093667
0.126
nan
0.0
 
2019-05-07T16:33:15,896938570+02:00
57.0139835
9.987093833
0.5652
nan
0.0
 
2019-05-07T16:33:16,300437314+02:00
57.013983333
9.9870935
0.198
nan
0.0
 
2019-05-07T16:33:16,693451345+02:00
57.013983333
9.987093167
0.2016
nan
0.0
 
2019-05-07T16:33:17,115893671+02:00
57.013983167
9.987092833
0.162
nan
0.0
 
2019-05-07T16:33:17,510744301+02:00
57.013983667
9.987093333
0.3096
nan
0.0
 
2019-05-07T16:33:17,905898479+02:00
57.013984333
9.987093333
0.5148
nan
0.0
 
2019-05-07T16:33:18,503293026+02:00
57.013984833
9.987093667
0.0828
nan
0.0
 
2019-05-07T16:33:18,898758590+02:00
57.0139845
9.9870935
0.324
nan
0.0
 
2019-05-07T16:33:19,294593890+02:00
57.013985167
9.9870945
0.4284
nan
0.0
 
2019-05-07T16:33:19,699833067+02:00
57.013986167
9.987095667
0.1368
nan
0.0
 
2019-05-07T16:33:20,104221141+02:00
57.013986
9.987096
0.09
nan
0.0
 
2019-05-07T16:33:20,497638523+02:00
57.013986333
9.987096333
0.1116
nan
0.0
 
2019-05-07T16:33:20,907331373+02:00
57.013987
9.987097167
0.504
nan
0.0
 
2019-05-07T16:33:21,312929137+02:00
57.0139875
9.987097333
0.2628
nan
0.0
 
2019-05-07T16:33:21,690178630+02:00
57.013988167
9.987097833
0.2268
nan
0.0
 
2019-05-07T16:33:22,115467426+02:00
57.013989167
9.987098833
0.1368
nan
0.0
 
2019-05-07T16:33:22,703043958+02:00
57.013990167
9.987099667
0.2556
nan
0.0
 
2019-05-07T16:33:23,105041365+02:00
57.013991
9.9870995
0.4932
nan
0.0
 
2019-05-07T16:33:23,502948359+02:00
57.013992167
9.987099667
0.4068
nan
0.0
 
2019-05-07T16:33:23,916303207+02:00
57.013993333
9.9871025
0.2736
nan
0.0
 
2019-05-07T16:33:24,300047842+02:00
57.013994167
9.987104667
0.1872
nan
0.0
 
2019-05-07T16:33:24,693166714+02:00
57.0139945
9.987106
0.0504
nan
0.0
 
2019-05-07T16:33:25,111769137+02:00
57.013994667
9.9871075
0.2088
nan
0.0
 
2019-05-07T16:33:25,502212458+02:00
57.013994333
9.987108
0.0936
nan
0.0
 
2019-05-07T16:33:25,910157725+02:00
57.013995
9.98711
0.6912
nan
0.0
 
2019-05-07T16:33:26,308969612+02:00
57.013994667
9.987111167
0.1332
nan
0.0
 
2019-05-07T16:33:26,701808813+02:00
57.013994833
9.987112
0.1332
nan
0.0
 
2019-05-07T16:33:27,106376168+02:00
57.0139955
9.987113833
0.1152
nan
0.0
 
2019-05-07T16:33:27,306948223+02:00
57.013995833
9.987114333
0.2412
nan
0.0
 
2019-05-07T16:33:27,909895116+02:00
57.013995167
9.987114167
0.2088
nan
0.0
 
2019-05-07T16:33:28,310877821+02:00
57.013996
9.987115667
0.3996
nan
0.0
 
2019-05-07T16:33:28,704679920+02:00
57.013996
9.987116333
0.1224
nan
0.0
 
2019-05-07T16:33:29,316214863+02:00
57.0139965
9.987117167
0.126
nan
0.0
 
2019-05-07T16:33:29,736030839+02:00
57.013996833
9.987118
0.1296
nan
0.0
 
2019-05-07T16:33:30,122574983+02:00
57.013997167
9.9871185
0.1368
nan
0.0
 
2019-05-07T16:33:30,514119361+02:00
57.0139975
9.9871195
0.0252
nan
0.0
 
2019-05-07T16:33:30,906273158+02:00
57.013998
9.987120333
0.1116
nan
0.0
 
2019-05-07T16:33:31,311311216+02:00
57.013998167
9.987121333
0.1044
nan
0.0
 
2019-05-07T16:33:31,715956622+02:00
57.0139985
9.987122333
0.0792
nan
0.0
 
2019-05-07T16:33:32,128399642+02:00
57.013998167
9.9871225
0.0612
nan
0.0
 
2019-05-07T16:33:32,528205149+02:00
57.013997667
9.987122833
0.288
nan
0.0
 
2019-05-07T16:33:32,926195028+02:00
57.013997833
9.987124
0.09
nan
0.0
 
2019-05-07T16:33:34,313588282+02:00
57.013999333
9.987129333
0.054
nan
0.0
 
2019-05-07T16:33:34,573898755+02:00
57.013999333
9.987130167
0.0972
nan
0.0
 
2019-05-07T16:33:34,921993970+02:00
57.0139995
9.987132
0.054
nan
0.0
 
2019-05-07T16:33:35,354313322+02:00
57.013999667
9.987133
0.1944
nan
0.0
 
2019-05-07T16:33:35,746140688+02:00
57.014000167
9.987134167
0.1368
nan
0.0
 
2019-05-07T16:33:36,124626683+02:00
57.014000333
9.987135
0.0324
nan
0.0
 
2019-05-07T16:33:36,536549856+02:00
57.014000167
9.987135667
0.0684
nan
0.0
 
2019-05-07T16:33:36,924746243+02:00
57.014
9.987136333
0.1764
nan
0.0
 
2019-05-07T16:33:37,321052949+02:00
57.0139995
9.987136333
0.1044
nan
0.0
 
2019-05-07T16:33:37,726759113+02:00
57.013999
9.987136667
0.09
nan
0.0
 
2019-05-07T16:33:38,166866304+02:00
57.013998833
9.987137333
0.0504
nan
0.0
 
2019-05-07T16:33:38,729178582+02:00
57.013997833
9.987137833
0.0432
nan
0.0
 
2019-05-07T16:33:39,125156244+02:00
57.013997
9.9871385
0.2376
nan
0.0
 
2019-05-07T16:33:39,516294723+02:00
57.013996333
9.987138167
0.0756
nan
0.0
 
2019-05-07T16:33:39,927497985+02:00
57.013994833
9.987138
0.4104
nan
0.0
 
2019-05-07T16:33:40,329498055+02:00
57.013994167
9.987137667
0.324
nan
0.0
 
2019-05-07T16:33:40,721133521+02:00
57.013993667
9.987138333
0.36
nan
0.0
 
2019-05-07T16:33:41,120591761+02:00
57.0139935
9.987139
0.1404
nan
0.0
 
2019-05-07T16:33:41,535439762+02:00
57.0139935
9.9871395
0.036
nan
0.0
 
2019-05-07T16:33:41,919035105+02:00
57.0139935
9.987139333
0.1836
nan
0.0
 
2019-05-07T16:33:42,328351353+02:00
57.013993167
9.987139333
0.1872
nan
0.0
 
2019-05-07T16:33:42,557217422+02:00
57.013992667
9.987139333
0.3564
nan
0.0
 
2019-05-07T16:33:42,924292157+02:00
57.0139925
9.987138833
0.0864
nan
0.0
 
2019-05-07T16:33:43,125911792+02:00
57.013992333
9.9871385
0.2376
nan
0.0
 
2019-05-07T16:33:43,333441032+02:00
57.013991667
9.9871385
0.558
nan
0.0
 
2019-05-07T16:33:43,730050379+02:00
57.013991167
9.987138
0.0756
nan
0.0
 
2019-05-07T16:33:44,105842077+02:00

 
